"YEARMODA","DATE","Date","Year","Month","Day","Tmin","Tmax","Tmean","Prec","Tmin_source","Tmax_source","no_Tmin","no_Tmax"
19900101,"1990-01-01 12:00:00","1990-01-01 12:00:00",1990,1,1,-3.222,7.722,2.278,0.508,NA,NA,FALSE,FALSE
19900102,"1990-01-02 12:00:00","1990-01-02 12:00:00",1990,1,2,-1.389,4.722,0.222,0.508,NA,NA,FALSE,FALSE
19900103,"1990-01-03 12:00:00","1990-01-03 12:00:00",1990,1,3,-3,1.722,-1,0.508,NA,NA,FALSE,FALSE
19900104,"1990-01-04 12:00:00","1990-01-04 12:00:00",1990,1,4,-4.222,5.889,0.5,0,NA,NA,FALSE,FALSE
19900105,"1990-01-05 12:00:00","1990-01-05 12:00:00",1990,1,5,-1.722,9.889,4.667,NA,NA,NA,FALSE,FALSE
19900106,"1990-01-06 12:00:00","1990-01-06 12:00:00",1990,1,6,-4.222,5.111,-0.278,1.016,NA,NA,FALSE,FALSE
19900107,"1990-01-07 12:00:00","1990-01-07 12:00:00",1990,1,7,-4.778,8.222,0.5,0,NA,NA,FALSE,FALSE
19900108,"1990-01-08 12:00:00","1990-01-08 12:00:00",1990,1,8,-3.278,10.111,6.222,0,NA,NA,FALSE,FALSE
19900109,"1990-01-09 12:00:00","1990-01-09 12:00:00",1990,1,9,5.611,15.222,11.111,7.874,NA,NA,FALSE,FALSE
19900110,"1990-01-10 12:00:00","1990-01-10 12:00:00",1990,1,10,4,12.611,5.222,5.08,NA,NA,FALSE,FALSE
19900111,"1990-01-11 12:00:00","1990-01-11 12:00:00",1990,1,11,3.611,8.389,5.278,0,NA,NA,FALSE,FALSE
19900112,"1990-01-12 12:00:00","1990-01-12 12:00:00",1990,1,12,-0.611,4.611,2.333,0,NA,NA,FALSE,FALSE
19900113,"1990-01-13 12:00:00","1990-01-13 12:00:00",1990,1,13,-3.389,2.889,-1.222,0,NA,NA,FALSE,FALSE
19900114,"1990-01-14 12:00:00","1990-01-14 12:00:00",1990,1,14,-4.278,4.389,-0.056,0,NA,NA,FALSE,FALSE
19900115,"1990-01-15 12:00:00","1990-01-15 12:00:00",1990,1,15,-4.278,1.778,-0.889,0,NA,NA,FALSE,FALSE
19900116,"1990-01-16 12:00:00","1990-01-16 12:00:00",1990,1,16,-4.889,5.389,-0.5,0,NA,NA,FALSE,FALSE
19900117,"1990-01-17 12:00:00","1990-01-17 12:00:00",1990,1,17,-5.222,7.389,2.944,NA,NA,NA,FALSE,FALSE
19900118,"1990-01-18 12:00:00","1990-01-18 12:00:00",1990,1,18,-1,7.111,3.278,1.016,NA,NA,FALSE,FALSE
19900119,"1990-01-19 12:00:00","1990-01-19 12:00:00",1990,1,19,-6.278,3.5,-2,0,NA,NA,FALSE,FALSE
19900120,"1990-01-20 12:00:00","1990-01-20 12:00:00",1990,1,20,-7,1.5,-3.778,0,NA,NA,FALSE,FALSE
19900121,"1990-01-21 12:00:00","1990-01-21 12:00:00",1990,1,21,-7.722,4.278,-0.611,NA,NA,NA,FALSE,FALSE
19900122,"1990-01-22 12:00:00","1990-01-22 12:00:00",1990,1,22,-8.389,-0.222,-5,0.254,NA,NA,FALSE,FALSE
19900123,"1990-01-23 12:00:00","1990-01-23 12:00:00",1990,1,23,-9.389,-0.778,-5.278,0,NA,NA,FALSE,FALSE
19900124,"1990-01-24 12:00:00","1990-01-24 12:00:00",1990,1,24,-10.778,-3.5,-8.056,3.048,NA,NA,FALSE,FALSE
19900125,"1990-01-25 12:00:00","1990-01-25 12:00:00",1990,1,25,-12.5,-3.389,-8.111,0,NA,NA,FALSE,FALSE
19900126,"1990-01-26 12:00:00","1990-01-26 12:00:00",1990,1,26,-11.722,-0.222,-5.556,0,NA,NA,FALSE,FALSE
19900127,"1990-01-27 12:00:00","1990-01-27 12:00:00",1990,1,27,-8.778,3.222,-2.389,0,NA,NA,FALSE,FALSE
19900128,"1990-01-28 12:00:00","1990-01-28 12:00:00",1990,1,28,-2.5,6.278,3.556,3.048,NA,NA,FALSE,FALSE
19900129,"1990-01-29 12:00:00","1990-01-29 12:00:00",1990,1,29,1.889,7.278,4.222,5.08,NA,NA,FALSE,FALSE
19900130,"1990-01-30 12:00:00","1990-01-30 12:00:00",1990,1,30,0.278,2.611,1,10.922,NA,NA,FALSE,FALSE
19900131,"1990-01-31 12:00:00","1990-01-31 12:00:00",1990,1,31,-1.222,1.611,0.056,11.176,NA,NA,FALSE,FALSE
19900201,"1990-02-01 12:00:00","1990-02-01 12:00:00",1990,2,1,-6,1.722,-2,0,NA,NA,FALSE,FALSE
19900202,"1990-02-02 12:00:00","1990-02-02 12:00:00",1990,2,2,-6.222,3.889,0.667,0,NA,NA,FALSE,FALSE
19900203,"1990-02-03 12:00:00","1990-02-03 12:00:00",1990,2,3,-1.222,6.111,1.333,0,NA,NA,FALSE,FALSE
19900204,"1990-02-04 12:00:00","1990-02-04 12:00:00",1990,2,4,-1.5,5.5,0.944,0,NA,NA,FALSE,FALSE
19900205,"1990-02-05 12:00:00","1990-02-05 12:00:00",1990,2,5,-2.611,6.111,2,0,NA,NA,FALSE,FALSE
19900206,"1990-02-06 12:00:00","1990-02-06 12:00:00",1990,2,6,-0.722,9.722,3.167,0,NA,NA,FALSE,FALSE
19900207,"1990-02-07 12:00:00","1990-02-07 12:00:00",1990,2,7,-0.278,7.611,2.111,0,NA,NA,FALSE,FALSE
19900208,"1990-02-08 12:00:00","1990-02-08 12:00:00",1990,2,8,-1.278,7.889,2.5,0,NA,NA,FALSE,FALSE
19900209,"1990-02-09 12:00:00","1990-02-09 12:00:00",1990,2,9,-1.611,12.722,7.111,NA,NA,NA,FALSE,FALSE
19900210,"1990-02-10 12:00:00","1990-02-10 12:00:00",1990,2,10,3.778,11.778,7.722,23.114,NA,NA,FALSE,FALSE
19900211,"1990-02-11 12:00:00","1990-02-11 12:00:00",1990,2,11,3.722,9.278,5.889,0.254,NA,NA,FALSE,FALSE
19900212,"1990-02-12 12:00:00","1990-02-12 12:00:00",1990,2,12,-0.778,7.5,2.667,0,NA,NA,FALSE,FALSE
19900213,"1990-02-13 12:00:00","1990-02-13 12:00:00",1990,2,13,-1.278,10,5.556,0,NA,NA,FALSE,FALSE
19900214,"1990-02-14 12:00:00","1990-02-14 12:00:00",1990,2,14,3.722,11.389,7.222,0,NA,NA,FALSE,FALSE
19900215,"1990-02-15 12:00:00","1990-02-15 12:00:00",1990,2,15,2.722,11.722,7.222,4.064,NA,NA,FALSE,FALSE
19900216,"1990-02-16 12:00:00","1990-02-16 12:00:00",1990,2,16,1.5,13.778,6.944,2.032,NA,NA,FALSE,FALSE
19900217,"1990-02-17 12:00:00","1990-02-17 12:00:00",1990,2,17,1.111,14.722,9.611,NA,NA,NA,FALSE,FALSE
19900218,"1990-02-18 12:00:00","1990-02-18 12:00:00",1990,2,18,8.278,12.611,11.167,7.112,NA,NA,FALSE,FALSE
19900219,"1990-02-19 12:00:00","1990-02-19 12:00:00",1990,2,19,4.611,12.611,6.111,9.906,NA,NA,FALSE,FALSE
19900220,"1990-02-20 12:00:00","1990-02-20 12:00:00",1990,2,20,1,10,4.889,0,NA,NA,FALSE,FALSE
19900221,"1990-02-21 12:00:00","1990-02-21 12:00:00",1990,2,21,0.278,12.111,8.944,NA,NA,NA,FALSE,FALSE
19900222,"1990-02-22 12:00:00","1990-02-22 12:00:00",1990,2,22,8.5,13.889,11.444,26.924,NA,NA,FALSE,FALSE
19900223,"1990-02-23 12:00:00","1990-02-23 12:00:00",1990,2,23,6.389,12,8.889,18.034,NA,NA,FALSE,FALSE
19900224,"1990-02-24 12:00:00","1990-02-24 12:00:00",1990,2,24,0,7.278,3.222,7.874,NA,NA,FALSE,FALSE
19900225,"1990-02-25 12:00:00","1990-02-25 12:00:00",1990,2,25,-2.389,4.111,-0.056,9.144,NA,NA,FALSE,FALSE
19900226,"1990-02-26 12:00:00","1990-02-26 12:00:00",1990,2,26,-2.889,7.111,1.889,0,NA,NA,FALSE,FALSE
19900227,"1990-02-27 12:00:00","1990-02-27 12:00:00",1990,2,27,-1.778,12.111,5.111,0,NA,NA,FALSE,FALSE
19900228,"1990-02-28 12:00:00","1990-02-28 12:00:00",1990,2,28,1.5,14.278,7.722,0,NA,NA,FALSE,FALSE
19900301,"1990-03-01 12:00:00","1990-03-01 12:00:00",1990,3,1,4.5,8.389,6.389,4.064,NA,NA,FALSE,FALSE
19900302,"1990-03-02 12:00:00","1990-03-02 12:00:00",1990,3,2,3.778,11.611,7.556,1.016,NA,NA,FALSE,FALSE
19900303,"1990-03-03 12:00:00","1990-03-03 12:00:00",1990,3,3,1,12.5,6.444,0,NA,NA,FALSE,FALSE
19900304,"1990-03-04 12:00:00","1990-03-04 12:00:00",1990,3,4,0.222,8.611,4.222,0,NA,NA,FALSE,FALSE
19900305,"1990-03-05 12:00:00","1990-03-05 12:00:00",1990,3,5,-0.5,9.389,4.5,0,NA,NA,FALSE,FALSE
19900306,"1990-03-06 12:00:00","1990-03-06 12:00:00",1990,3,6,0.611,9.889,5.778,0,NA,NA,FALSE,FALSE
19900307,"1990-03-07 12:00:00","1990-03-07 12:00:00",1990,3,7,-1.778,7.889,3,0,NA,NA,FALSE,FALSE
19900308,"1990-03-08 12:00:00","1990-03-08 12:00:00",1990,3,8,-2.611,12.222,3.722,0,NA,NA,FALSE,FALSE
19900309,"1990-03-09 12:00:00","1990-03-09 12:00:00",1990,3,9,-2.611,13.389,6.167,0,NA,NA,FALSE,FALSE
19900310,"1990-03-10 12:00:00","1990-03-10 12:00:00",1990,3,10,1.278,17.5,11.889,0,NA,NA,FALSE,FALSE
19900311,"1990-03-11 12:00:00","1990-03-11 12:00:00",1990,3,11,4.389,14.278,9.333,14.986,NA,NA,FALSE,FALSE
19900312,"1990-03-12 12:00:00","1990-03-12 12:00:00",1990,3,12,-1,9.111,3.556,0,NA,NA,FALSE,FALSE
19900313,"1990-03-13 12:00:00","1990-03-13 12:00:00",1990,3,13,-2.222,15.611,8.389,0,NA,NA,FALSE,FALSE
19900314,"1990-03-14 12:00:00","1990-03-14 12:00:00",1990,3,14,5.278,12,9.278,6.096,NA,NA,FALSE,FALSE
19900315,"1990-03-15 12:00:00","1990-03-15 12:00:00",1990,3,15,2.778,10,5.889,0,NA,NA,FALSE,FALSE
19900316,"1990-03-16 12:00:00","1990-03-16 12:00:00",1990,3,16,0.278,12.111,5.278,0,NA,NA,FALSE,FALSE
19900317,"1990-03-17 12:00:00","1990-03-17 12:00:00",1990,3,17,-0.111,14.611,6.278,0.508,NA,NA,FALSE,FALSE
19900318,"1990-03-18 12:00:00","1990-03-18 12:00:00",1990,3,18,-1.111,11.278,4.889,0,NA,NA,FALSE,FALSE
19900319,"1990-03-19 12:00:00","1990-03-19 12:00:00",1990,3,19,-1.389,14.778,6.5,0,NA,NA,FALSE,FALSE
19900320,"1990-03-20 12:00:00","1990-03-20 12:00:00",1990,3,20,0.389,18.5,9.056,0,NA,NA,FALSE,FALSE
19900321,"1990-03-21 12:00:00","1990-03-21 12:00:00",1990,3,21,3.111,21,12.389,0,NA,NA,FALSE,FALSE
19900322,"1990-03-22 12:00:00","1990-03-22 12:00:00",1990,3,22,5.722,20.222,15.222,NA,NA,NA,FALSE,FALSE
19900323,"1990-03-23 12:00:00","1990-03-23 12:00:00",1990,3,23,13,17.278,16.222,4.064,NA,NA,FALSE,FALSE
19900324,"1990-03-24 12:00:00","1990-03-24 12:00:00",1990,3,24,5.722,18.389,11.722,72.39,NA,NA,FALSE,FALSE
19900325,"1990-03-25 12:00:00","1990-03-25 12:00:00",1990,3,25,3.278,15.222,9.556,0,NA,NA,FALSE,FALSE
19900326,"1990-03-26 12:00:00","1990-03-26 12:00:00",1990,3,26,2.778,17,10.056,0,NA,NA,FALSE,FALSE
19900327,"1990-03-27 12:00:00","1990-03-27 12:00:00",1990,3,27,5.722,16.389,12.167,1.016,NA,NA,FALSE,FALSE
19900328,"1990-03-28 12:00:00","1990-03-28 12:00:00",1990,3,28,7.778,14.222,10.278,14.986,NA,NA,FALSE,FALSE
19900329,"1990-03-29 12:00:00","1990-03-29 12:00:00",1990,3,29,7.611,9.389,8.444,3.048,NA,NA,FALSE,FALSE
19900330,"1990-03-30 12:00:00","1990-03-30 12:00:00",1990,3,30,7.722,13,10,1.016,NA,NA,FALSE,FALSE
19900331,"1990-03-31 12:00:00","1990-03-31 12:00:00",1990,3,31,7.278,17.222,11.111,0,NA,NA,FALSE,FALSE
19900401,"1990-04-01 12:00:00","1990-04-01 12:00:00",1990,4,1,6.611,17.111,10,0,NA,NA,FALSE,FALSE
19900402,"1990-04-02 12:00:00","1990-04-02 12:00:00",1990,4,2,5.778,22.389,14.167,0,NA,NA,FALSE,FALSE
19900403,"1990-04-03 12:00:00","1990-04-03 12:00:00",1990,4,3,3.611,15.222,8.722,7.874,NA,NA,FALSE,FALSE
19900404,"1990-04-04 12:00:00","1990-04-04 12:00:00",1990,4,4,2.278,9.778,5.556,0,NA,NA,FALSE,FALSE
19900405,"1990-04-05 12:00:00","1990-04-05 12:00:00",1990,4,5,1.722,13.778,8.278,0,NA,NA,FALSE,FALSE
19900406,"1990-04-06 12:00:00","1990-04-06 12:00:00",1990,4,6,3.222,17.5,12.167,NA,NA,NA,FALSE,FALSE
19900407,"1990-04-07 12:00:00","1990-04-07 12:00:00",1990,4,7,5.722,14,10.222,8.89,NA,NA,FALSE,FALSE
19900408,"1990-04-08 12:00:00","1990-04-08 12:00:00",1990,4,8,4.278,14.778,10.389,0,NA,NA,FALSE,FALSE
19900409,"1990-04-09 12:00:00","1990-04-09 12:00:00",1990,4,9,5.278,19.722,13.278,0,NA,NA,FALSE,FALSE
19900410,"1990-04-10 12:00:00","1990-04-10 12:00:00",1990,4,10,8.5,22,14.667,0,NA,NA,FALSE,FALSE
19900411,"1990-04-11 12:00:00","1990-04-11 12:00:00",1990,4,11,7.611,23.611,17.778,0.254,NA,NA,FALSE,FALSE
19900412,"1990-04-12 12:00:00","1990-04-12 12:00:00",1990,4,12,8.611,18.722,14.056,13.97,NA,NA,FALSE,FALSE
19900413,"1990-04-13 12:00:00","1990-04-13 12:00:00",1990,4,13,7.111,11.611,8.056,0.508,NA,NA,FALSE,FALSE
19900414,"1990-04-14 12:00:00","1990-04-14 12:00:00",1990,4,14,5.5,12.778,8.667,3.048,NA,NA,FALSE,FALSE
19900415,"1990-04-15 12:00:00","1990-04-15 12:00:00",1990,4,15,5,19.222,11.611,0,NA,NA,FALSE,FALSE
19900416,"1990-04-16 12:00:00","1990-04-16 12:00:00",1990,4,16,5.278,12.389,8.667,0,NA,NA,FALSE,FALSE
19900417,"1990-04-17 12:00:00","1990-04-17 12:00:00",1990,4,17,6,15.889,11,0,NA,NA,FALSE,FALSE
19900418,"1990-04-18 12:00:00","1990-04-18 12:00:00",1990,4,18,6.611,18.389,11.611,0,NA,NA,FALSE,FALSE
19900419,"1990-04-19 12:00:00","1990-04-19 12:00:00",1990,4,19,6.5,17.611,13.278,NA,NA,NA,FALSE,FALSE
19900420,"1990-04-20 12:00:00","1990-04-20 12:00:00",1990,4,20,7.5,13.278,10.222,20.066,NA,NA,FALSE,FALSE
19900421,"1990-04-21 12:00:00","1990-04-21 12:00:00",1990,4,21,6.611,21.5,15.5,NA,NA,NA,FALSE,FALSE
19900422,"1990-04-22 12:00:00","1990-04-22 12:00:00",1990,4,22,7.222,14,11.222,25.908,NA,NA,FALSE,FALSE
19900423,"1990-04-23 12:00:00","1990-04-23 12:00:00",1990,4,23,6.5,14.889,9.667,0,NA,NA,FALSE,FALSE
19900424,"1990-04-24 12:00:00","1990-04-24 12:00:00",1990,4,24,3.611,16.278,10,0,NA,NA,FALSE,FALSE
19900425,"1990-04-25 12:00:00","1990-04-25 12:00:00",1990,4,25,3.389,16.778,13.111,NA,NA,NA,FALSE,FALSE
19900426,"1990-04-26 12:00:00","1990-04-26 12:00:00",1990,4,26,6.111,21,13,0,NA,NA,FALSE,FALSE
19900427,"1990-04-27 12:00:00","1990-04-27 12:00:00",1990,4,27,11.889,23.778,17.056,0,NA,NA,FALSE,FALSE
19900428,"1990-04-28 12:00:00","1990-04-28 12:00:00",1990,4,28,12.778,22.889,17.611,0,NA,NA,FALSE,FALSE
19900429,"1990-04-29 12:00:00","1990-04-29 12:00:00",1990,4,29,11.722,28.111,18.611,1.016,NA,NA,FALSE,FALSE
19900430,"1990-04-30 12:00:00","1990-04-30 12:00:00",1990,4,30,11.389,26.222,20.056,0,NA,NA,FALSE,FALSE
19900501,"1990-05-01 12:00:00","1990-05-01 12:00:00",1990,5,1,11.722,18.111,13.556,7.874,NA,NA,FALSE,FALSE
19900502,"1990-05-02 12:00:00","1990-05-02 12:00:00",1990,5,2,12,16.278,14.722,3.048,NA,NA,FALSE,FALSE
19900503,"1990-05-03 12:00:00","1990-05-03 12:00:00",1990,5,3,12.389,19.222,14.833,14.478,NA,NA,FALSE,FALSE
19900504,"1990-05-04 12:00:00","1990-05-04 12:00:00",1990,5,4,6.778,14.278,10.389,1.016,NA,NA,FALSE,FALSE
19900505,"1990-05-05 12:00:00","1990-05-05 12:00:00",1990,5,5,6.5,21,13.833,0,NA,NA,FALSE,FALSE
19900506,"1990-05-06 12:00:00","1990-05-06 12:00:00",1990,5,6,8.611,21.5,17.833,0,NA,NA,FALSE,FALSE
19900507,"1990-05-07 12:00:00","1990-05-07 12:00:00",1990,5,7,12.278,22.722,16.389,11.938,NA,NA,FALSE,FALSE
19900508,"1990-05-08 12:00:00","1990-05-08 12:00:00",1990,5,8,10.222,18.111,13.722,0,NA,NA,FALSE,FALSE
19900509,"1990-05-09 12:00:00","1990-05-09 12:00:00",1990,5,9,9.889,27.778,21.333,0,NA,NA,FALSE,FALSE
19900510,"1990-05-10 12:00:00","1990-05-10 12:00:00",1990,5,10,18.278,29.389,22.722,NA,NA,NA,FALSE,FALSE
19900511,"1990-05-11 12:00:00","1990-05-11 12:00:00",1990,5,11,16.5,21.111,19.056,0.508,NA,NA,FALSE,FALSE
19900512,"1990-05-12 12:00:00","1990-05-12 12:00:00",1990,5,12,17.722,27.5,20.611,0,NA,NA,FALSE,FALSE
19900513,"1990-05-13 12:00:00","1990-05-13 12:00:00",1990,5,13,15.611,25.778,20.722,0,NA,NA,FALSE,FALSE
19900514,"1990-05-14 12:00:00","1990-05-14 12:00:00",1990,5,14,10.778,22.611,16.111,0,NA,NA,FALSE,FALSE
19900515,"1990-05-15 12:00:00","1990-05-15 12:00:00",1990,5,15,13.278,26.389,18.722,0,NA,NA,FALSE,FALSE
19900516,"1990-05-16 12:00:00","1990-05-16 12:00:00",1990,5,16,12.889,24.889,19.778,NA,NA,NA,FALSE,FALSE
19900517,"1990-05-17 12:00:00","1990-05-17 12:00:00",1990,5,17,14.389,18.389,15.389,19.05,NA,NA,FALSE,FALSE
19900518,"1990-05-18 12:00:00","1990-05-18 12:00:00",1990,5,18,13.111,16,14.444,12.446,NA,NA,FALSE,FALSE
19900519,"1990-05-19 12:00:00","1990-05-19 12:00:00",1990,5,19,13,22.611,18.056,4.064,NA,NA,FALSE,FALSE
19900520,"1990-05-20 12:00:00","1990-05-20 12:00:00",1990,5,20,9.5,23.111,16.111,5.08,NA,NA,FALSE,FALSE
19900521,"1990-05-21 12:00:00","1990-05-21 12:00:00",1990,5,21,9.389,22.611,15.667,0,NA,NA,FALSE,FALSE
19900522,"1990-05-22 12:00:00","1990-05-22 12:00:00",1990,5,22,9.5,18.222,14,0,NA,NA,FALSE,FALSE
19900523,"1990-05-23 12:00:00","1990-05-23 12:00:00",1990,5,23,9.278,24.111,16.778,0,NA,NA,FALSE,FALSE
19900524,"1990-05-24 12:00:00","1990-05-24 12:00:00",1990,5,24,8.889,22.222,15.111,0,NA,NA,FALSE,FALSE
19900525,"1990-05-25 12:00:00","1990-05-25 12:00:00",1990,5,25,8.5,23.611,17.167,0,NA,NA,FALSE,FALSE
19900526,"1990-05-26 12:00:00","1990-05-26 12:00:00",1990,5,26,12.111,25.278,18.778,0,NA,NA,FALSE,FALSE
19900527,"1990-05-27 12:00:00","1990-05-27 12:00:00",1990,5,27,12,26.611,20.389,0,NA,NA,FALSE,FALSE
19900528,"1990-05-28 12:00:00","1990-05-28 12:00:00",1990,5,28,15.5,26.889,20.722,0,NA,NA,FALSE,FALSE
19900529,"1990-05-29 12:00:00","1990-05-29 12:00:00",1990,5,29,15.389,27.778,21.833,0,NA,NA,FALSE,FALSE
19900530,"1990-05-30 12:00:00","1990-05-30 12:00:00",1990,5,30,16.722,22.778,19.278,3.048,NA,NA,FALSE,FALSE
19900531,"1990-05-31 12:00:00","1990-05-31 12:00:00",1990,5,31,16.278,22.222,18.611,17.018,NA,NA,FALSE,FALSE
19900601,"1990-06-01 12:00:00","1990-06-01 12:00:00",1990,6,1,14.778,23.111,18.056,0,NA,NA,FALSE,FALSE
19900602,"1990-06-02 12:00:00","1990-06-02 12:00:00",1990,6,2,14,27.222,19.722,0,NA,NA,FALSE,FALSE
19900603,"1990-06-03 12:00:00","1990-06-03 12:00:00",1990,6,3,13.889,28.5,21.833,0,NA,NA,FALSE,FALSE
19900604,"1990-06-04 12:00:00","1990-06-04 12:00:00",1990,6,4,13.889,24.389,19.111,0,NA,NA,FALSE,FALSE
19900605,"1990-06-05 12:00:00","1990-06-05 12:00:00",1990,6,5,13.889,29.722,21.167,0,NA,NA,FALSE,FALSE
19900606,"1990-06-06 12:00:00","1990-06-06 12:00:00",1990,6,6,14.778,31,23.667,0,NA,NA,FALSE,FALSE
19900607,"1990-06-07 12:00:00","1990-06-07 12:00:00",1990,6,7,17.111,30,24.889,0,NA,NA,FALSE,FALSE
19900608,"1990-06-08 12:00:00","1990-06-08 12:00:00",1990,6,8,16.5,22.778,19.833,10.922,NA,NA,FALSE,FALSE
19900609,"1990-06-09 12:00:00","1990-06-09 12:00:00",1990,6,9,16,23.389,19.333,0,NA,NA,FALSE,FALSE
19900610,"1990-06-10 12:00:00","1990-06-10 12:00:00",1990,6,10,16.889,28.722,22.833,0,NA,NA,FALSE,FALSE
19900611,"1990-06-11 12:00:00","1990-06-11 12:00:00",1990,6,11,16.778,28.111,22.278,0,NA,NA,FALSE,FALSE
19900612,"1990-06-12 12:00:00","1990-06-12 12:00:00",1990,6,12,17.778,26,23,0,NA,NA,FALSE,FALSE
19900613,"1990-06-13 12:00:00","1990-06-13 12:00:00",1990,6,13,20.389,28.889,24.111,0,NA,NA,FALSE,FALSE
19900614,"1990-06-14 12:00:00","1990-06-14 12:00:00",1990,6,14,20.722,29.722,25.611,NA,NA,NA,FALSE,FALSE
19900615,"1990-06-15 12:00:00","1990-06-15 12:00:00",1990,6,15,18.5,27.5,22.333,5.08,NA,NA,FALSE,FALSE
19900616,"1990-06-16 12:00:00","1990-06-16 12:00:00",1990,6,16,15.889,27.611,21.444,0.508,NA,NA,FALSE,FALSE
19900617,"1990-06-17 12:00:00","1990-06-17 12:00:00",1990,6,17,15.5,31.722,24.167,0,NA,NA,FALSE,FALSE
19900618,"1990-06-18 12:00:00","1990-06-18 12:00:00",1990,6,18,17.778,29.278,25.722,0,NA,NA,FALSE,FALSE
19900619,"1990-06-19 12:00:00","1990-06-19 12:00:00",1990,6,19,22.222,27.611,24.278,37.084,NA,NA,FALSE,FALSE
19900620,"1990-06-20 12:00:00","1990-06-20 12:00:00",1990,6,20,22.111,24.611,23.944,162.052,NA,NA,FALSE,FALSE
19900621,"1990-06-21 12:00:00","1990-06-21 12:00:00",1990,6,21,20.222,24.722,21.889,20.066,NA,NA,FALSE,FALSE
19900622,"1990-06-22 12:00:00","1990-06-22 12:00:00",1990,6,22,20.222,29.111,25.111,2.032,NA,NA,FALSE,FALSE
19900623,"1990-06-23 12:00:00","1990-06-23 12:00:00",1990,6,23,23.722,32.278,27.889,0,NA,NA,FALSE,FALSE
19900624,"1990-06-24 12:00:00","1990-06-24 12:00:00",1990,6,24,23.778,26.222,24.389,9.398,NA,NA,FALSE,FALSE
19900625,"1990-06-25 12:00:00","1990-06-25 12:00:00",1990,6,25,21.278,25.278,23.778,73.914,NA,NA,FALSE,FALSE
19900626,"1990-06-26 12:00:00","1990-06-26 12:00:00",1990,6,26,20.222,24,20.944,5.08,NA,NA,FALSE,FALSE
19900627,"1990-06-27 12:00:00","1990-06-27 12:00:00",1990,6,27,20,23.111,21.5,7.112,NA,NA,FALSE,FALSE
19900628,"1990-06-28 12:00:00","1990-06-28 12:00:00",1990,6,28,20.222,23.222,21.056,16.002,NA,NA,FALSE,FALSE
19900629,"1990-06-29 12:00:00","1990-06-29 12:00:00",1990,6,29,20.222,24.889,22.222,0,NA,NA,FALSE,FALSE
19900630,"1990-06-30 12:00:00","1990-06-30 12:00:00",1990,6,30,18.278,26,21.5,0,NA,NA,FALSE,FALSE
19900701,"1990-07-01 12:00:00","1990-07-01 12:00:00",1990,7,1,18.222,25.222,21.222,6.096,NA,NA,FALSE,FALSE
19900702,"1990-07-02 12:00:00","1990-07-02 12:00:00",1990,7,2,19,24.222,22.167,5.08,NA,NA,FALSE,FALSE
19900703,"1990-07-03 12:00:00","1990-07-03 12:00:00",1990,7,3,19.222,22.5,20.611,8.89,NA,NA,FALSE,FALSE
19900704,"1990-07-04 12:00:00","1990-07-04 12:00:00",1990,7,4,19,28.389,23.167,0,NA,NA,FALSE,FALSE
19900705,"1990-07-05 12:00:00","1990-07-05 12:00:00",1990,7,5,20,29.722,25.556,0,NA,NA,FALSE,FALSE
19900706,"1990-07-06 12:00:00","1990-07-06 12:00:00",1990,7,6,23.5,31.5,27.444,0,NA,NA,FALSE,FALSE
19900707,"1990-07-07 12:00:00","1990-07-07 12:00:00",1990,7,7,24.389,33.222,28.111,0,NA,NA,FALSE,FALSE
19900708,"1990-07-08 12:00:00","1990-07-08 12:00:00",1990,7,8,25.278,28.389,26.5,0,NA,NA,FALSE,FALSE
19900709,"1990-07-09 12:00:00","1990-07-09 12:00:00",1990,7,9,23.278,31.5,26.5,0,NA,NA,FALSE,FALSE
19900710,"1990-07-10 12:00:00","1990-07-10 12:00:00",1990,7,10,23.278,30.389,27.333,2.032,NA,NA,FALSE,FALSE
19900711,"1990-07-11 12:00:00","1990-07-11 12:00:00",1990,7,11,23.389,29.222,25.222,92.964,NA,NA,FALSE,FALSE
19900712,"1990-07-12 12:00:00","1990-07-12 12:00:00",1990,7,12,22.278,27.722,23.944,97.028,NA,NA,FALSE,FALSE
19900713,"1990-07-13 12:00:00","1990-07-13 12:00:00",1990,7,13,22.111,29.889,26.167,NA,NA,NA,FALSE,FALSE
19900714,"1990-07-14 12:00:00","1990-07-14 12:00:00",1990,7,14,23.111,27.5,25.111,18.034,NA,NA,FALSE,FALSE
19900715,"1990-07-15 12:00:00","1990-07-15 12:00:00",1990,7,15,24.611,30.722,26.389,14.224,NA,NA,FALSE,FALSE
19900716,"1990-07-16 12:00:00","1990-07-16 12:00:00",1990,7,16,23.722,31.278,26.833,8.382,NA,NA,FALSE,FALSE
19900717,"1990-07-17 12:00:00","1990-07-17 12:00:00",1990,7,17,23.722,32,28.222,0,NA,NA,FALSE,FALSE
19900718,"1990-07-18 12:00:00","1990-07-18 12:00:00",1990,7,18,25.278,30.278,27.111,3.556,NA,NA,FALSE,FALSE
19900719,"1990-07-19 12:00:00","1990-07-19 12:00:00",1990,7,19,25.222,33.111,28.167,10.922,NA,NA,FALSE,FALSE
19900720,"1990-07-20 12:00:00","1990-07-20 12:00:00",1990,7,20,25.611,31.5,27.667,0,NA,NA,FALSE,FALSE
19900721,"1990-07-21 12:00:00","1990-07-21 12:00:00",1990,7,21,22.611,32.611,27.167,0,NA,NA,FALSE,FALSE
19900722,"1990-07-22 12:00:00","1990-07-22 12:00:00",1990,7,22,22.611,33.111,28.056,0,NA,NA,FALSE,FALSE
19900723,"1990-07-23 12:00:00","1990-07-23 12:00:00",1990,7,23,24.778,32.278,28.111,0,NA,NA,FALSE,FALSE
19900724,"1990-07-24 12:00:00","1990-07-24 12:00:00",1990,7,24,24.778,32.389,28.056,0,NA,NA,FALSE,FALSE
19900725,"1990-07-25 12:00:00","1990-07-25 12:00:00",1990,7,25,25.111,29.111,27.5,0,NA,NA,FALSE,FALSE
19900726,"1990-07-26 12:00:00","1990-07-26 12:00:00",1990,7,26,25.111,33,28.222,0,NA,NA,FALSE,FALSE
19900727,"1990-07-27 12:00:00","1990-07-27 12:00:00",1990,7,27,24.611,34,29.056,0,NA,NA,FALSE,FALSE
19900728,"1990-07-28 12:00:00","1990-07-28 12:00:00",1990,7,28,24.611,35.722,28.611,12.954,NA,NA,FALSE,FALSE
19900729,"1990-07-29 12:00:00","1990-07-29 12:00:00",1990,7,29,24.5,35.778,28.611,6.096,NA,NA,FALSE,FALSE
19900730,"1990-07-30 12:00:00","1990-07-30 12:00:00",1990,7,30,24.722,35,29,0,NA,NA,FALSE,FALSE
19900731,"1990-07-31 12:00:00","1990-07-31 12:00:00",1990,7,31,23.778,35.889,29.111,0,NA,NA,FALSE,FALSE
19900801,"1990-08-01 12:00:00","1990-08-01 12:00:00",1990,8,1,23.722,35.722,29.222,0,NA,NA,FALSE,FALSE
19900802,"1990-08-02 12:00:00","1990-08-02 12:00:00",1990,8,2,23.778,35.5,29.222,0,NA,NA,FALSE,FALSE
19900803,"1990-08-03 12:00:00","1990-08-03 12:00:00",1990,8,3,23.889,34.889,29.222,0,NA,NA,FALSE,FALSE
19900804,"1990-08-04 12:00:00","1990-08-04 12:00:00",1990,8,4,23.778,35,28.778,0,NA,NA,FALSE,FALSE
19900805,"1990-08-05 12:00:00","1990-08-05 12:00:00",1990,8,5,23.722,34.778,29.278,0,NA,NA,FALSE,FALSE
19900806,"1990-08-06 12:00:00","1990-08-06 12:00:00",1990,8,6,24.278,35.611,28.778,0,NA,NA,FALSE,FALSE
19900807,"1990-08-07 12:00:00","1990-08-07 12:00:00",1990,8,7,24.222,36,29.278,7.112,NA,NA,FALSE,FALSE
19900808,"1990-08-08 12:00:00","1990-08-08 12:00:00",1990,8,8,24.778,32.778,28.056,0,NA,NA,FALSE,FALSE
19900809,"1990-08-09 12:00:00","1990-08-09 12:00:00",1990,8,9,25.111,31.722,28,0.508,NA,NA,FALSE,FALSE
19900810,"1990-08-10 12:00:00","1990-08-10 12:00:00",1990,8,10,24.222,32.611,27.5,0,NA,NA,FALSE,FALSE
19900811,"1990-08-11 12:00:00","1990-08-11 12:00:00",1990,8,11,22.111,35.111,27.5,0,NA,NA,FALSE,FALSE
19900812,"1990-08-12 12:00:00","1990-08-12 12:00:00",1990,8,12,21.778,35.222,27.778,0,NA,NA,FALSE,FALSE
19900813,"1990-08-13 12:00:00","1990-08-13 12:00:00",1990,8,13,21.778,34.278,28.667,0,NA,NA,FALSE,FALSE
19900814,"1990-08-14 12:00:00","1990-08-14 12:00:00",1990,8,14,23.5,28.889,25.667,43.942,NA,NA,FALSE,FALSE
19900815,"1990-08-15 12:00:00","1990-08-15 12:00:00",1990,8,15,23.389,30.5,26.056,60.96,NA,NA,FALSE,FALSE
19900816,"1990-08-16 12:00:00","1990-08-16 12:00:00",1990,8,16,23.722,32.611,26.722,25.4,NA,NA,FALSE,FALSE
19900817,"1990-08-17 12:00:00","1990-08-17 12:00:00",1990,8,17,24.278,32.222,27.222,10.414,NA,NA,FALSE,FALSE
19900818,"1990-08-18 12:00:00","1990-08-18 12:00:00",1990,8,18,24.222,32.778,27.833,0.254,NA,NA,FALSE,FALSE
19900819,"1990-08-19 12:00:00","1990-08-19 12:00:00",1990,8,19,24.222,32.722,28.833,0,NA,NA,FALSE,FALSE
19900820,"1990-08-20 12:00:00","1990-08-20 12:00:00",1990,8,20,24.389,33,27.611,1.016,NA,NA,FALSE,FALSE
19900821,"1990-08-21 12:00:00","1990-08-21 12:00:00",1990,8,21,24.278,30.111,27.5,120.904,NA,NA,FALSE,FALSE
19900822,"1990-08-22 12:00:00","1990-08-22 12:00:00",1990,8,22,22.611,31.889,26.111,10.922,NA,NA,FALSE,FALSE
19900823,"1990-08-23 12:00:00","1990-08-23 12:00:00",1990,8,23,21.111,30.778,25.722,0,NA,NA,FALSE,FALSE
19900824,"1990-08-24 12:00:00","1990-08-24 12:00:00",1990,8,24,20.889,32.722,26.389,0,NA,NA,FALSE,FALSE
19900825,"1990-08-25 12:00:00","1990-08-25 12:00:00",1990,8,25,20.778,32.5,25.722,0,NA,NA,FALSE,FALSE
19900826,"1990-08-26 12:00:00","1990-08-26 12:00:00",1990,8,26,20.722,32.278,26.889,0,NA,NA,FALSE,FALSE
19900827,"1990-08-27 12:00:00","1990-08-27 12:00:00",1990,8,27,21.389,32.222,26.333,0,NA,NA,FALSE,FALSE
19900828,"1990-08-28 12:00:00","1990-08-28 12:00:00",1990,8,28,21.222,32,25.889,0,NA,NA,FALSE,FALSE
19900829,"1990-08-29 12:00:00","1990-08-29 12:00:00",1990,8,29,20.611,32.111,26.278,0,NA,NA,FALSE,FALSE
19900830,"1990-08-30 12:00:00","1990-08-30 12:00:00",1990,8,30,22.778,34,28.667,0,NA,NA,FALSE,FALSE
19900831,"1990-08-31 12:00:00","1990-08-31 12:00:00",1990,8,31,24.722,31.111,27.611,5.08,NA,NA,FALSE,FALSE
19900901,"1990-09-01 12:00:00","1990-09-01 12:00:00",1990,9,1,24.5,32.278,27.389,42.926,NA,NA,FALSE,FALSE
19900902,"1990-09-02 12:00:00","1990-09-02 12:00:00",1990,9,2,20.889,32,24.667,17.018,NA,NA,FALSE,FALSE
19900903,"1990-09-03 12:00:00","1990-09-03 12:00:00",1990,9,3,19.778,26.222,22.444,0,NA,NA,FALSE,FALSE
19900904,"1990-09-04 12:00:00","1990-09-04 12:00:00",1990,9,4,19.611,29.722,24,0,NA,NA,FALSE,FALSE
19900905,"1990-09-05 12:00:00","1990-09-05 12:00:00",1990,9,5,20.389,26.278,22.5,1.016,NA,NA,FALSE,FALSE
19900906,"1990-09-06 12:00:00","1990-09-06 12:00:00",1990,9,6,20.778,23.778,22.167,21.082,NA,NA,FALSE,FALSE
19900907,"1990-09-07 12:00:00","1990-09-07 12:00:00",1990,9,7,21.111,29.889,25.389,0.254,NA,NA,FALSE,FALSE
19900908,"1990-09-08 12:00:00","1990-09-08 12:00:00",1990,9,8,22.222,32.222,26.444,NA,NA,NA,FALSE,FALSE
19900909,"1990-09-09 12:00:00","1990-09-09 12:00:00",1990,9,9,22.5,31.611,26.556,0,NA,NA,FALSE,FALSE
19900910,"1990-09-10 12:00:00","1990-09-10 12:00:00",1990,9,10,22.889,29.5,26.944,0.254,NA,NA,FALSE,FALSE
19900911,"1990-09-11 12:00:00","1990-09-11 12:00:00",1990,9,11,21.389,30,25.889,3.048,NA,NA,FALSE,FALSE
19900912,"1990-09-12 12:00:00","1990-09-12 12:00:00",1990,9,12,21,26.111,22.778,21.082,NA,NA,FALSE,FALSE
19900913,"1990-09-13 12:00:00","1990-09-13 12:00:00",1990,9,13,20.778,26.278,23.333,NA,NA,NA,FALSE,FALSE
19900914,"1990-09-14 12:00:00","1990-09-14 12:00:00",1990,9,14,19,22.778,19.889,32.004,NA,NA,FALSE,FALSE
19900915,"1990-09-15 12:00:00","1990-09-15 12:00:00",1990,9,15,16.5,28.222,20.722,0,NA,NA,FALSE,FALSE
19900916,"1990-09-16 12:00:00","1990-09-16 12:00:00",1990,9,16,16.278,27,22,0,NA,NA,FALSE,FALSE
19900917,"1990-09-17 12:00:00","1990-09-17 12:00:00",1990,9,17,16,25.5,20.278,0,NA,NA,FALSE,FALSE
19900918,"1990-09-18 12:00:00","1990-09-18 12:00:00",1990,9,18,13.889,22.611,17.5,0,NA,NA,FALSE,FALSE
19900919,"1990-09-19 12:00:00","1990-09-19 12:00:00",1990,9,19,13,28.611,19.889,0,NA,NA,FALSE,FALSE
19900920,"1990-09-20 12:00:00","1990-09-20 12:00:00",1990,9,20,13.5,27.889,20.833,0,NA,NA,FALSE,FALSE
19900921,"1990-09-21 12:00:00","1990-09-21 12:00:00",1990,9,21,15.722,28.278,21.444,0,NA,NA,FALSE,FALSE
19900922,"1990-09-22 12:00:00","1990-09-22 12:00:00",1990,9,22,16.111,28.722,22.278,0,NA,NA,FALSE,FALSE
19900923,"1990-09-23 12:00:00","1990-09-23 12:00:00",1990,9,23,17.722,26.111,20.556,1.016,NA,NA,FALSE,FALSE
19900924,"1990-09-24 12:00:00","1990-09-24 12:00:00",1990,9,24,18,22.111,20,3.302,NA,NA,FALSE,FALSE
19900925,"1990-09-25 12:00:00","1990-09-25 12:00:00",1990,9,25,16.5,25.889,20.778,0,NA,NA,FALSE,FALSE
19900926,"1990-09-26 12:00:00","1990-09-26 12:00:00",1990,9,26,15,27.222,20.556,0,NA,NA,FALSE,FALSE
19900927,"1990-09-27 12:00:00","1990-09-27 12:00:00",1990,9,27,14.722,27.722,21.278,0,NA,NA,FALSE,FALSE
19900928,"1990-09-28 12:00:00","1990-09-28 12:00:00",1990,9,28,16.611,28.389,21.778,0,NA,NA,FALSE,FALSE
19900929,"1990-09-29 12:00:00","1990-09-29 12:00:00",1990,9,29,15.889,29.111,22.333,0,NA,NA,FALSE,FALSE
19900930,"1990-09-30 12:00:00","1990-09-30 12:00:00",1990,9,30,17.111,24.278,20.056,0,NA,NA,FALSE,FALSE
19901001,"1990-10-01 12:00:00","1990-10-01 12:00:00",1990,10,1,13,24.889,17.778,0,NA,NA,FALSE,FALSE
19901002,"1990-10-02 12:00:00","1990-10-02 12:00:00",1990,10,2,12.722,24.722,16.944,0,NA,NA,FALSE,FALSE
19901003,"1990-10-03 12:00:00","1990-10-03 12:00:00",1990,10,3,12.5,23.778,19.056,2.032,NA,NA,FALSE,FALSE
19901004,"1990-10-04 12:00:00","1990-10-04 12:00:00",1990,10,4,12.722,25.111,18.111,13.97,NA,NA,FALSE,FALSE
19901005,"1990-10-05 12:00:00","1990-10-05 12:00:00",1990,10,5,12.222,24.5,19.111,0,NA,NA,FALSE,FALSE
19901006,"1990-10-06 12:00:00","1990-10-06 12:00:00",1990,10,6,16.5,26.889,20.222,0,NA,NA,FALSE,FALSE
19901007,"1990-10-07 12:00:00","1990-10-07 12:00:00",1990,10,7,14.5,25.889,19.611,0,NA,NA,FALSE,FALSE
19901008,"1990-10-08 12:00:00","1990-10-08 12:00:00",1990,10,8,11.5,24.222,17.667,0,NA,NA,FALSE,FALSE
19901009,"1990-10-09 12:00:00","1990-10-09 12:00:00",1990,10,9,7.222,19.389,12.944,0,NA,NA,FALSE,FALSE
19901010,"1990-10-10 12:00:00","1990-10-10 12:00:00",1990,10,10,6.5,20.278,14.111,0,NA,NA,FALSE,FALSE
19901011,"1990-10-11 12:00:00","1990-10-11 12:00:00",1990,10,11,9.778,19.722,15.333,0.254,NA,NA,FALSE,FALSE
19901012,"1990-10-12 12:00:00","1990-10-12 12:00:00",1990,10,12,13.278,23.5,18.722,1.016,NA,NA,FALSE,FALSE
19901013,"1990-10-13 12:00:00","1990-10-13 12:00:00",1990,10,13,13.222,23.722,17.5,0,NA,NA,FALSE,FALSE
19901014,"1990-10-14 12:00:00","1990-10-14 12:00:00",1990,10,14,12.889,22.778,17,0,NA,NA,FALSE,FALSE
19901015,"1990-10-15 12:00:00","1990-10-15 12:00:00",1990,10,15,11.722,23.722,16.667,0,NA,NA,FALSE,FALSE
19901016,"1990-10-16 12:00:00","1990-10-16 12:00:00",1990,10,16,12.389,23.111,16.333,0,NA,NA,FALSE,FALSE
19901017,"1990-10-17 12:00:00","1990-10-17 12:00:00",1990,10,17,9.778,18.5,13.556,0,NA,NA,FALSE,FALSE
19901018,"1990-10-18 12:00:00","1990-10-18 12:00:00",1990,10,18,7.778,19.5,13.667,0,NA,NA,FALSE,FALSE
19901019,"1990-10-19 12:00:00","1990-10-19 12:00:00",1990,10,19,7.389,21.611,14.278,0,NA,NA,FALSE,FALSE
19901020,"1990-10-20 12:00:00","1990-10-20 12:00:00",1990,10,20,8.5,22.889,14.722,0,NA,NA,FALSE,FALSE
19901021,"1990-10-21 12:00:00","1990-10-21 12:00:00",1990,10,21,9.222,23.389,16.833,0,NA,NA,FALSE,FALSE
19901022,"1990-10-22 12:00:00","1990-10-22 12:00:00",1990,10,22,10.278,23.778,16.167,0,NA,NA,FALSE,FALSE
19901023,"1990-10-23 12:00:00","1990-10-23 12:00:00",1990,10,23,9.889,23.889,15.611,0,NA,NA,FALSE,FALSE
19901024,"1990-10-24 12:00:00","1990-10-24 12:00:00",1990,10,24,9.222,21.111,15.444,NA,NA,NA,FALSE,FALSE
19901025,"1990-10-25 12:00:00","1990-10-25 12:00:00",1990,10,25,10.611,15.889,13.222,14.986,NA,NA,FALSE,FALSE
19901026,"1990-10-26 12:00:00","1990-10-26 12:00:00",1990,10,26,6.778,17.778,11.778,0,NA,NA,FALSE,FALSE
19901027,"1990-10-27 12:00:00","1990-10-27 12:00:00",1990,10,27,6.5,19.278,11.944,0,NA,NA,FALSE,FALSE
19901028,"1990-10-28 12:00:00","1990-10-28 12:00:00",1990,10,28,7.222,21.222,15.444,0,NA,NA,FALSE,FALSE
19901029,"1990-10-29 12:00:00","1990-10-29 12:00:00",1990,10,29,10.222,21.389,15.333,0,NA,NA,FALSE,FALSE
19901030,"1990-10-30 12:00:00","1990-10-30 12:00:00",1990,10,30,9.222,23.389,14.833,0,NA,NA,FALSE,FALSE
19901031,"1990-10-31 12:00:00","1990-10-31 12:00:00",1990,10,31,8.778,21.889,14.667,0,NA,NA,FALSE,FALSE
19901101,"1990-11-01 12:00:00","1990-11-01 12:00:00",1990,11,1,8.389,21.722,14.389,0,NA,NA,FALSE,FALSE
19901102,"1990-11-02 12:00:00","1990-11-02 12:00:00",1990,11,2,7.889,21.889,14.333,0,NA,NA,FALSE,FALSE
19901103,"1990-11-03 12:00:00","1990-11-03 12:00:00",1990,11,3,8.778,20.278,13.333,0,NA,NA,FALSE,FALSE
19901104,"1990-11-04 12:00:00","1990-11-04 12:00:00",1990,11,4,2,20.5,12.056,0,NA,NA,FALSE,FALSE
19901105,"1990-11-05 12:00:00","1990-11-05 12:00:00",1990,11,5,9.111,19,15.278,0,NA,NA,FALSE,FALSE
19901106,"1990-11-06 12:00:00","1990-11-06 12:00:00",1990,11,6,8.778,21.111,14.944,9.906,NA,NA,FALSE,FALSE
19901107,"1990-11-07 12:00:00","1990-11-07 12:00:00",1990,11,7,8.389,19,12.889,0,NA,NA,FALSE,FALSE
19901108,"1990-11-08 12:00:00","1990-11-08 12:00:00",1990,11,8,7.778,16.778,13.611,NA,NA,NA,FALSE,FALSE
19901109,"1990-11-09 12:00:00","1990-11-09 12:00:00",1990,11,9,3.389,13.278,7.333,18.034,NA,NA,FALSE,FALSE
19901110,"1990-11-10 12:00:00","1990-11-10 12:00:00",1990,11,10,1.5,7.111,4,0,NA,NA,FALSE,FALSE
19901111,"1990-11-11 12:00:00","1990-11-11 12:00:00",1990,11,11,2.111,14.778,9.5,0,NA,NA,FALSE,FALSE
19901112,"1990-11-12 12:00:00","1990-11-12 12:00:00",1990,11,12,5.722,18.278,11.222,0,NA,NA,FALSE,FALSE
19901113,"1990-11-13 12:00:00","1990-11-13 12:00:00",1990,11,13,4.778,18.222,11.889,0,NA,NA,FALSE,FALSE
19901114,"1990-11-14 12:00:00","1990-11-14 12:00:00",1990,11,14,8.778,19.778,13.667,0,NA,NA,FALSE,FALSE
19901115,"1990-11-15 12:00:00","1990-11-15 12:00:00",1990,11,15,8.611,19.111,12.833,0,NA,NA,FALSE,FALSE
19901116,"1990-11-16 12:00:00","1990-11-16 12:00:00",1990,11,16,8.5,19.111,12.889,0,NA,NA,FALSE,FALSE
19901117,"1990-11-17 12:00:00","1990-11-17 12:00:00",1990,11,17,8.222,22.111,16.556,NA,NA,NA,FALSE,FALSE
19901118,"1990-11-18 12:00:00","1990-11-18 12:00:00",1990,11,18,14.111,22.278,18.111,1.016,NA,NA,FALSE,FALSE
19901119,"1990-11-19 12:00:00","1990-11-19 12:00:00",1990,11,19,15.222,18.222,16.389,25.908,NA,NA,FALSE,FALSE
19901120,"1990-11-20 12:00:00","1990-11-20 12:00:00",1990,11,20,1.222,16,7.389,1.016,NA,NA,FALSE,FALSE
19901121,"1990-11-21 12:00:00","1990-11-21 12:00:00",1990,11,21,0.722,7.111,3.889,0,NA,NA,FALSE,FALSE
19901122,"1990-11-22 12:00:00","1990-11-22 12:00:00",1990,11,22,1.889,13.722,7,0,NA,NA,FALSE,FALSE
19901123,"1990-11-23 12:00:00","1990-11-23 12:00:00",1990,11,23,2.5,15.611,7.889,0,NA,NA,FALSE,FALSE
19901124,"1990-11-24 12:00:00","1990-11-24 12:00:00",1990,11,24,2.5,17.278,11.333,NA,NA,NA,FALSE,FALSE
19901125,"1990-11-25 12:00:00","1990-11-25 12:00:00",1990,11,25,5,11.889,9,7.874,NA,NA,FALSE,FALSE
19901126,"1990-11-26 12:00:00","1990-11-26 12:00:00",1990,11,26,4.722,13.778,8.389,0,NA,NA,FALSE,FALSE
19901127,"1990-11-27 12:00:00","1990-11-27 12:00:00",1990,11,27,4.778,18.111,10.056,0,NA,NA,FALSE,FALSE
19901128,"1990-11-28 12:00:00","1990-11-28 12:00:00",1990,11,28,4.778,19.889,12.278,0,NA,NA,FALSE,FALSE
19901129,"1990-11-29 12:00:00","1990-11-29 12:00:00",1990,11,29,6.389,19.611,13.667,0,NA,NA,FALSE,FALSE
19901130,"1990-11-30 12:00:00","1990-11-30 12:00:00",1990,11,30,6.389,16.611,10.778,NA,NA,NA,FALSE,FALSE
19901201,"1990-12-01 12:00:00","1990-12-01 12:00:00",1990,12,1,1,9.611,2.556,4.064,NA,NA,FALSE,FALSE
19901202,"1990-12-02 12:00:00","1990-12-02 12:00:00",1990,12,2,0.111,5.111,1.889,2.286,NA,NA,FALSE,FALSE
19901203,"1990-12-03 12:00:00","1990-12-03 12:00:00",1990,12,3,-0.111,6.778,3.556,NA,NA,NA,FALSE,FALSE
19901204,"1990-12-04 12:00:00","1990-12-04 12:00:00",1990,12,4,0.611,11.111,5,0,NA,NA,FALSE,FALSE
19901205,"1990-12-05 12:00:00","1990-12-05 12:00:00",1990,12,5,0.278,12.722,5.944,0,NA,NA,FALSE,FALSE
19901206,"1990-12-06 12:00:00","1990-12-06 12:00:00",1990,12,6,1.111,14.611,8.167,0,NA,NA,FALSE,FALSE
19901207,"1990-12-07 12:00:00","1990-12-07 12:00:00",1990,12,7,3.222,16.5,10.167,0,NA,NA,FALSE,FALSE
19901208,"1990-12-08 12:00:00","1990-12-08 12:00:00",1990,12,8,6.111,17.722,12.222,NA,NA,NA,FALSE,FALSE
19901209,"1990-12-09 12:00:00","1990-12-09 12:00:00",1990,12,9,8.389,18.278,12.056,0,NA,NA,FALSE,FALSE
19901210,"1990-12-10 12:00:00","1990-12-10 12:00:00",1990,12,10,4,13.722,9.389,NA,NA,NA,FALSE,FALSE
19901211,"1990-12-11 12:00:00","1990-12-11 12:00:00",1990,12,11,-0.611,10.389,1.167,1.27,NA,NA,FALSE,FALSE
19901212,"1990-12-12 12:00:00","1990-12-12 12:00:00",1990,12,12,-0.722,6.889,3.056,0,NA,NA,FALSE,FALSE
19901213,"1990-12-13 12:00:00","1990-12-13 12:00:00",1990,12,13,-0.278,7,4.889,0.254,NA,NA,FALSE,FALSE
19901214,"1990-12-14 12:00:00","1990-12-14 12:00:00",1990,12,14,-1.5,10.5,3.556,0,NA,NA,FALSE,FALSE
19901215,"1990-12-15 12:00:00","1990-12-15 12:00:00",1990,12,15,-3.778,5.5,0.167,0,NA,NA,FALSE,FALSE
19901216,"1990-12-16 12:00:00","1990-12-16 12:00:00",1990,12,16,-3.778,6.889,1.111,0.254,NA,NA,FALSE,FALSE
19901217,"1990-12-17 12:00:00","1990-12-17 12:00:00",1990,12,17,-1.278,3.5,0.722,1.016,NA,NA,FALSE,FALSE
19901218,"1990-12-18 12:00:00","1990-12-18 12:00:00",1990,12,18,-2.611,7.389,2.167,0,NA,NA,FALSE,FALSE
19901219,"1990-12-19 12:00:00","1990-12-19 12:00:00",1990,12,19,-3.222,7.5,2.111,0,NA,NA,FALSE,FALSE
19901220,"1990-12-20 12:00:00","1990-12-20 12:00:00",1990,12,20,0.222,9.111,3.222,NA,NA,NA,FALSE,FALSE
19901221,"1990-12-21 12:00:00","1990-12-21 12:00:00",1990,12,21,0.889,12.111,7.111,0,NA,NA,FALSE,FALSE
19901222,"1990-12-22 12:00:00","1990-12-22 12:00:00",1990,12,22,0.778,8.5,3.167,0.508,NA,NA,FALSE,FALSE
19901223,"1990-12-23 12:00:00","1990-12-23 12:00:00",1990,12,23,-2.278,4.722,1.278,0,NA,NA,FALSE,FALSE
19901224,"1990-12-24 12:00:00","1990-12-24 12:00:00",1990,12,24,-3.611,5.5,0.111,0,NA,NA,FALSE,FALSE
19901225,"1990-12-25 12:00:00","1990-12-25 12:00:00",1990,12,25,-4,10.111,1.944,6.096,NA,NA,FALSE,FALSE
19901226,"1990-12-26 12:00:00","1990-12-26 12:00:00",1990,12,26,-4.389,-0.389,-2.889,1.27,NA,NA,FALSE,FALSE
19901227,"1990-12-27 12:00:00","1990-12-27 12:00:00",1990,12,27,-5.278,2.722,-1.833,0.254,NA,NA,FALSE,FALSE
19901228,"1990-12-28 12:00:00","1990-12-28 12:00:00",1990,12,28,-2.611,4.778,0.833,0,NA,NA,FALSE,FALSE
19901229,"1990-12-29 12:00:00","1990-12-29 12:00:00",1990,12,29,-3.611,6.389,0.611,0,NA,NA,FALSE,FALSE
19901230,"1990-12-30 12:00:00","1990-12-30 12:00:00",1990,12,30,-3.778,6.5,3.944,0,NA,NA,FALSE,FALSE
19901231,"1990-12-31 12:00:00","1990-12-31 12:00:00",1990,12,31,4.611,11.889,8.222,0,NA,NA,FALSE,FALSE
19910101,"1991-01-01 12:00:00","1991-01-01 12:00:00",1991,1,1,-0.722,8,3.056,2.032,NA,NA,FALSE,FALSE
19910102,"1991-01-02 12:00:00","1991-01-02 12:00:00",1991,1,2,-3.778,2.222,-1.222,0,NA,NA,FALSE,FALSE
19910103,"1991-01-03 12:00:00","1991-01-03 12:00:00",1991,1,3,-4.778,4.278,0.389,0.254,NA,NA,FALSE,FALSE
19910104,"1991-01-04 12:00:00","1991-01-04 12:00:00",1991,1,4,-4.389,2.222,-2.167,0,NA,NA,FALSE,FALSE
19910105,"1991-01-05 12:00:00","1991-01-05 12:00:00",1991,1,5,-5.389,-0.278,-3.278,0.508,NA,NA,FALSE,FALSE
19910106,"1991-01-06 12:00:00","1991-01-06 12:00:00",1991,1,6,-5.222,3.889,-0.333,0.254,NA,NA,FALSE,FALSE
19910107,"1991-01-07 12:00:00","1991-01-07 12:00:00",1991,1,7,-2.778,2.611,0.222,3.048,NA,NA,FALSE,FALSE
19910108,"1991-01-08 12:00:00","1991-01-08 12:00:00",1991,1,8,-3.778,0.278,-2.111,0.254,NA,NA,FALSE,FALSE
19910109,"1991-01-09 12:00:00","1991-01-09 12:00:00",1991,1,9,-4.111,5.222,1.5,0,NA,NA,FALSE,FALSE
19910110,"1991-01-10 12:00:00","1991-01-10 12:00:00",1991,1,10,0.722,6.611,3.111,0,NA,NA,FALSE,FALSE
19910111,"1991-01-11 12:00:00","1991-01-11 12:00:00",1991,1,11,-1.278,4.611,0.722,0,NA,NA,FALSE,FALSE
19910112,"1991-01-12 12:00:00","1991-01-12 12:00:00",1991,1,12,-3.222,4.5,-0.278,1.016,NA,NA,FALSE,FALSE
19910113,"1991-01-13 12:00:00","1991-01-13 12:00:00",1991,1,13,-4.278,3.111,-1.556,0,NA,NA,FALSE,FALSE
19910114,"1991-01-14 12:00:00","1991-01-14 12:00:00",1991,1,14,-5.111,0.778,-2.278,0,NA,NA,FALSE,FALSE
19910115,"1991-01-15 12:00:00","1991-01-15 12:00:00",1991,1,15,-5.389,7.278,0.222,0,NA,NA,FALSE,FALSE
19910116,"1991-01-16 12:00:00","1991-01-16 12:00:00",1991,1,16,-3.389,9.222,4.278,0,NA,NA,FALSE,FALSE
19910117,"1991-01-17 12:00:00","1991-01-17 12:00:00",1991,1,17,-3.778,5.5,0.444,0,NA,NA,FALSE,FALSE
19910118,"1991-01-18 12:00:00","1991-01-18 12:00:00",1991,1,18,-4.389,7.278,-0.222,0,NA,NA,FALSE,FALSE
19910119,"1991-01-19 12:00:00","1991-01-19 12:00:00",1991,1,19,-4.611,10.278,3.167,0,NA,NA,FALSE,FALSE
19910120,"1991-01-20 12:00:00","1991-01-20 12:00:00",1991,1,20,-0.722,12.389,7.389,0.508,NA,NA,FALSE,FALSE
19910121,"1991-01-21 12:00:00","1991-01-21 12:00:00",1991,1,21,5.722,11.5,7.778,16.002,NA,NA,FALSE,FALSE
19910122,"1991-01-22 12:00:00","1991-01-22 12:00:00",1991,1,22,1.778,7.5,4.889,1.27,NA,NA,FALSE,FALSE
19910123,"1991-01-23 12:00:00","1991-01-23 12:00:00",1991,1,23,1.222,9.722,6,0,NA,NA,FALSE,FALSE
19910124,"1991-01-24 12:00:00","1991-01-24 12:00:00",1991,1,24,3,8.111,4.556,4.064,NA,NA,FALSE,FALSE
19910125,"1991-01-25 12:00:00","1991-01-25 12:00:00",1991,1,25,-1.722,5.889,1.889,0,NA,NA,FALSE,FALSE
19910126,"1991-01-26 12:00:00","1991-01-26 12:00:00",1991,1,26,-2.222,7.111,0.778,0,NA,NA,FALSE,FALSE
19910127,"1991-01-27 12:00:00","1991-01-27 12:00:00",1991,1,27,-4.778,5,0.222,0,NA,NA,FALSE,FALSE
19910128,"1991-01-28 12:00:00","1991-01-28 12:00:00",1991,1,28,-5.611,5.111,0.222,0,NA,NA,FALSE,FALSE
19910129,"1991-01-29 12:00:00","1991-01-29 12:00:00",1991,1,29,-2.778,9.222,1.722,0,NA,NA,FALSE,FALSE
19910130,"1991-01-30 12:00:00","1991-01-30 12:00:00",1991,1,30,-3.278,7.611,1.278,0,NA,NA,FALSE,FALSE
19910131,"1991-01-31 12:00:00","1991-01-31 12:00:00",1991,1,31,-3,7,1.278,0,NA,NA,FALSE,FALSE
19910201,"1991-02-01 12:00:00","1991-02-01 12:00:00",1991,2,1,-3.611,4.389,-0.111,0,NA,NA,FALSE,FALSE
19910202,"1991-02-02 12:00:00","1991-02-02 12:00:00",1991,2,2,-5,6.5,-0.444,0,NA,NA,FALSE,FALSE
19910203,"1991-02-03 12:00:00","1991-02-03 12:00:00",1991,2,3,-5.611,5.889,1.056,NA,NA,NA,FALSE,FALSE
19910204,"1991-02-04 12:00:00","1991-02-04 12:00:00",1991,2,4,-1.722,4.278,1.389,0.508,NA,NA,FALSE,FALSE
19910205,"1991-02-05 12:00:00","1991-02-05 12:00:00",1991,2,5,-2.722,5.778,0.833,0,NA,NA,FALSE,FALSE
19910206,"1991-02-06 12:00:00","1991-02-06 12:00:00",1991,2,6,-3,7.889,2.833,0,NA,NA,FALSE,FALSE
19910207,"1991-02-07 12:00:00","1991-02-07 12:00:00",1991,2,7,-2.611,9.722,5.167,0,NA,NA,FALSE,FALSE
19910208,"1991-02-08 12:00:00","1991-02-08 12:00:00",1991,2,8,-0.389,9.889,3.222,0,NA,NA,FALSE,FALSE
19910209,"1991-02-09 12:00:00","1991-02-09 12:00:00",1991,2,9,-0.611,9.111,6.889,5.08,NA,NA,FALSE,FALSE
19910210,"1991-02-10 12:00:00","1991-02-10 12:00:00",1991,2,10,4,7.278,4.722,10.922,NA,NA,FALSE,FALSE
19910211,"1991-02-11 12:00:00","1991-02-11 12:00:00",1991,2,11,0.111,8.389,3.667,0.254,NA,NA,FALSE,FALSE
19910212,"1991-02-12 12:00:00","1991-02-12 12:00:00",1991,2,12,-0.5,10.778,4.444,0,NA,NA,FALSE,FALSE
19910213,"1991-02-13 12:00:00","1991-02-13 12:00:00",1991,2,13,1.278,9.611,4.722,0,NA,NA,FALSE,FALSE
19910214,"1991-02-14 12:00:00","1991-02-14 12:00:00",1991,2,14,1.278,12.722,7.778,3.048,NA,NA,FALSE,FALSE
19910215,"1991-02-15 12:00:00","1991-02-15 12:00:00",1991,2,15,1.278,7,4.222,9.906,NA,NA,FALSE,FALSE
19910216,"1991-02-16 12:00:00","1991-02-16 12:00:00",1991,2,16,-0.111,8.722,3.389,NA,NA,NA,FALSE,FALSE
19910217,"1991-02-17 12:00:00","1991-02-17 12:00:00",1991,2,17,-0.722,6.722,2.889,0,NA,NA,FALSE,FALSE
19910218,"1991-02-18 12:00:00","1991-02-18 12:00:00",1991,2,18,-0.111,5,2.333,0,NA,NA,FALSE,FALSE
19910219,"1991-02-19 12:00:00","1991-02-19 12:00:00",1991,2,19,-3.611,2.611,-1.889,0.254,NA,NA,FALSE,FALSE
19910220,"1991-02-20 12:00:00","1991-02-20 12:00:00",1991,2,20,-4.389,3,-1.056,2.032,NA,NA,FALSE,FALSE
19910221,"1991-02-21 12:00:00","1991-02-21 12:00:00",1991,2,21,-6.278,-0.611,-3.278,1.016,NA,NA,FALSE,FALSE
19910222,"1991-02-22 12:00:00","1991-02-22 12:00:00",1991,2,22,-11.222,-2.278,-7.444,6.096,NA,NA,FALSE,FALSE
19910223,"1991-02-23 12:00:00","1991-02-23 12:00:00",1991,2,23,-11.722,-2.889,-6.444,1.524,NA,NA,FALSE,FALSE
19910224,"1991-02-24 12:00:00","1991-02-24 12:00:00",1991,2,24,-10.222,-0.722,-4.833,0,NA,NA,FALSE,FALSE
19910225,"1991-02-25 12:00:00","1991-02-25 12:00:00",1991,2,25,-8.5,4.111,-2.278,0,NA,NA,FALSE,FALSE
19910226,"1991-02-26 12:00:00","1991-02-26 12:00:00",1991,2,26,-7.611,7.5,1.389,0,NA,NA,FALSE,FALSE
19910227,"1991-02-27 12:00:00","1991-02-27 12:00:00",1991,2,27,-0.278,9.111,6.722,5.08,NA,NA,FALSE,FALSE
19910228,"1991-02-28 12:00:00","1991-02-28 12:00:00",1991,2,28,-1,6.889,2.556,1.016,NA,NA,FALSE,FALSE
19910301,"1991-03-01 12:00:00","1991-03-01 12:00:00",1991,3,1,-1.5,10.722,3.167,0,NA,NA,FALSE,FALSE
19910302,"1991-03-02 12:00:00","1991-03-02 12:00:00",1991,3,2,-2.278,11,3.278,0,NA,NA,FALSE,FALSE
19910303,"1991-03-03 12:00:00","1991-03-03 12:00:00",1991,3,3,-2.778,12.278,4.611,0,NA,NA,FALSE,FALSE
19910304,"1991-03-04 12:00:00","1991-03-04 12:00:00",1991,3,4,-0.278,11.222,6.111,0,NA,NA,FALSE,FALSE
19910305,"1991-03-05 12:00:00","1991-03-05 12:00:00",1991,3,5,0.778,17.722,8.5,0,NA,NA,FALSE,FALSE
19910306,"1991-03-06 12:00:00","1991-03-06 12:00:00",1991,3,6,1.278,16.889,8.833,0,NA,NA,FALSE,FALSE
19910307,"1991-03-07 12:00:00","1991-03-07 12:00:00",1991,3,7,3.889,11.778,7.278,9.906,NA,NA,FALSE,FALSE
19910308,"1991-03-08 12:00:00","1991-03-08 12:00:00",1991,3,8,5.222,10,6.722,18.034,NA,NA,FALSE,FALSE
19910309,"1991-03-09 12:00:00","1991-03-09 12:00:00",1991,3,9,0.722,7.5,3.778,1.016,NA,NA,FALSE,FALSE
19910310,"1991-03-10 12:00:00","1991-03-10 12:00:00",1991,3,10,0.278,6.111,4.889,17.018,NA,NA,FALSE,FALSE
19910311,"1991-03-11 12:00:00","1991-03-11 12:00:00",1991,3,11,3.778,7.222,5.556,21.082,NA,NA,FALSE,FALSE
19910312,"1991-03-12 12:00:00","1991-03-12 12:00:00",1991,3,12,0.389,14.5,6.778,0.254,NA,NA,FALSE,FALSE
19910313,"1991-03-13 12:00:00","1991-03-13 12:00:00",1991,3,13,-0.222,14.778,6.111,0,NA,NA,FALSE,FALSE
19910314,"1991-03-14 12:00:00","1991-03-14 12:00:00",1991,3,14,-2.278,7.111,1.056,0,NA,NA,FALSE,FALSE
19910315,"1991-03-15 12:00:00","1991-03-15 12:00:00",1991,3,15,-2.389,10,3.833,1.016,NA,NA,FALSE,FALSE
19910316,"1991-03-16 12:00:00","1991-03-16 12:00:00",1991,3,16,-0.222,7.111,3.167,2.032,NA,NA,FALSE,FALSE
19910317,"1991-03-17 12:00:00","1991-03-17 12:00:00",1991,3,17,-1.5,10.889,3.833,0,NA,NA,FALSE,FALSE
19910318,"1991-03-18 12:00:00","1991-03-18 12:00:00",1991,3,18,-1.889,15.278,7.5,0,NA,NA,FALSE,FALSE
19910319,"1991-03-19 12:00:00","1991-03-19 12:00:00",1991,3,19,2.611,20.722,14.444,NA,NA,NA,FALSE,FALSE
19910320,"1991-03-20 12:00:00","1991-03-20 12:00:00",1991,3,20,9.389,21.722,13.5,0,NA,NA,FALSE,FALSE
19910321,"1991-03-21 12:00:00","1991-03-21 12:00:00",1991,3,21,4.222,11.278,7.167,1.016,NA,NA,FALSE,FALSE
19910322,"1991-03-22 12:00:00","1991-03-22 12:00:00",1991,3,22,3.778,8.389,6.556,13.97,NA,NA,FALSE,FALSE
19910323,"1991-03-23 12:00:00","1991-03-23 12:00:00",1991,3,23,3.611,17.889,9.833,0,NA,NA,FALSE,FALSE
19910324,"1991-03-24 12:00:00","1991-03-24 12:00:00",1991,3,24,3,19.278,11.722,NA,NA,NA,FALSE,FALSE
19910325,"1991-03-25 12:00:00","1991-03-25 12:00:00",1991,3,25,8.111,16.611,11.778,8.89,NA,NA,FALSE,FALSE
19910326,"1991-03-26 12:00:00","1991-03-26 12:00:00",1991,3,26,7.611,17.389,11.222,4.064,NA,NA,FALSE,FALSE
19910327,"1991-03-27 12:00:00","1991-03-27 12:00:00",1991,3,27,6.778,11.389,8.944,1.016,NA,NA,FALSE,FALSE
19910328,"1991-03-28 12:00:00","1991-03-28 12:00:00",1991,3,28,5.778,13.889,8.5,1.016,NA,NA,FALSE,FALSE
19910329,"1991-03-29 12:00:00","1991-03-29 12:00:00",1991,3,29,5.611,14.389,9.667,0,NA,NA,FALSE,FALSE
19910330,"1991-03-30 12:00:00","1991-03-30 12:00:00",1991,3,30,1.111,13,6.611,0,NA,NA,FALSE,FALSE
19910331,"1991-03-31 12:00:00","1991-03-31 12:00:00",1991,3,31,-0.722,9.222,3.5,NA,NA,NA,FALSE,FALSE
19910401,"1991-04-01 12:00:00","1991-04-01 12:00:00",1991,4,1,-1,10,4.278,0,NA,NA,FALSE,FALSE
19910402,"1991-04-02 12:00:00","1991-04-02 12:00:00",1991,4,2,-0.778,13,5.778,0,NA,NA,FALSE,FALSE
19910403,"1991-04-03 12:00:00","1991-04-03 12:00:00",1991,4,3,-0.111,17.778,8.889,0,NA,NA,FALSE,FALSE
19910404,"1991-04-04 12:00:00","1991-04-04 12:00:00",1991,4,4,2.278,18.222,9.5,0,NA,NA,FALSE,FALSE
19910405,"1991-04-05 12:00:00","1991-04-05 12:00:00",1991,4,5,2,20.889,11.889,0,NA,NA,FALSE,FALSE
19910406,"1991-04-06 12:00:00","1991-04-06 12:00:00",1991,4,6,5.111,21.778,15.111,0,NA,NA,FALSE,FALSE
19910407,"1991-04-07 12:00:00","1991-04-07 12:00:00",1991,4,7,9.722,23.5,16.056,0,NA,NA,FALSE,FALSE
19910408,"1991-04-08 12:00:00","1991-04-08 12:00:00",1991,4,8,8.278,24,15.111,0,NA,NA,FALSE,FALSE
19910409,"1991-04-09 12:00:00","1991-04-09 12:00:00",1991,4,9,8,24.222,17.333,0,NA,NA,FALSE,FALSE
19910410,"1991-04-10 12:00:00","1991-04-10 12:00:00",1991,4,10,13.278,15.889,14.889,5.08,NA,NA,FALSE,FALSE
19910411,"1991-04-11 12:00:00","1991-04-11 12:00:00",1991,4,11,14,23.278,18.611,0,NA,NA,FALSE,FALSE
19910412,"1991-04-12 12:00:00","1991-04-12 12:00:00",1991,4,12,14.389,20.889,16.778,0,NA,NA,FALSE,FALSE
19910413,"1991-04-13 12:00:00","1991-04-13 12:00:00",1991,4,13,6.778,15.611,11.389,7.874,NA,NA,FALSE,FALSE
19910414,"1991-04-14 12:00:00","1991-04-14 12:00:00",1991,4,14,4.222,17.722,11.278,0,NA,NA,FALSE,FALSE
19910415,"1991-04-15 12:00:00","1991-04-15 12:00:00",1991,4,15,3.889,21.111,14,0,NA,NA,FALSE,FALSE
19910416,"1991-04-16 12:00:00","1991-04-16 12:00:00",1991,4,16,7.278,26.5,17.389,0,NA,NA,FALSE,FALSE
19910417,"1991-04-17 12:00:00","1991-04-17 12:00:00",1991,4,17,11.278,18.722,15.111,124.46,NA,NA,FALSE,FALSE
19910418,"1991-04-18 12:00:00","1991-04-18 12:00:00",1991,4,18,5.389,16.778,9.722,32.004,NA,NA,FALSE,FALSE
19910419,"1991-04-19 12:00:00","1991-04-19 12:00:00",1991,4,19,5,19.111,11.833,0.254,NA,NA,FALSE,FALSE
19910420,"1991-04-20 12:00:00","1991-04-20 12:00:00",1991,4,20,4.722,19.111,11.111,0,NA,NA,FALSE,FALSE
19910421,"1991-04-21 12:00:00","1991-04-21 12:00:00",1991,4,21,4.5,21.5,13.278,0,NA,NA,FALSE,FALSE
19910422,"1991-04-22 12:00:00","1991-04-22 12:00:00",1991,4,22,6.5,22.389,15.111,0,NA,NA,FALSE,FALSE
19910423,"1991-04-23 12:00:00","1991-04-23 12:00:00",1991,4,23,9.611,20.889,15.389,0,NA,NA,FALSE,FALSE
19910424,"1991-04-24 12:00:00","1991-04-24 12:00:00",1991,4,24,11.278,22.778,17,0,NA,NA,FALSE,FALSE
19910425,"1991-04-25 12:00:00","1991-04-25 12:00:00",1991,4,25,10.278,23.5,15.444,0,NA,NA,FALSE,FALSE
19910426,"1991-04-26 12:00:00","1991-04-26 12:00:00",1991,4,26,9.611,23.389,15.722,0,NA,NA,FALSE,FALSE
19910427,"1991-04-27 12:00:00","1991-04-27 12:00:00",1991,4,27,8.722,25,16.5,0,NA,NA,FALSE,FALSE
19910428,"1991-04-28 12:00:00","1991-04-28 12:00:00",1991,4,28,8.611,25.5,18.389,0,NA,NA,FALSE,FALSE
19910429,"1991-04-29 12:00:00","1991-04-29 12:00:00",1991,4,29,6.611,19.111,12.278,0,NA,NA,FALSE,FALSE
19910430,"1991-04-30 12:00:00","1991-04-30 12:00:00",1991,4,30,6.5,21.278,15.111,0,NA,NA,FALSE,FALSE
19910501,"1991-05-01 12:00:00","1991-05-01 12:00:00",1991,5,1,8.778,16.5,11.611,0,NA,NA,FALSE,FALSE
19910502,"1991-05-02 12:00:00","1991-05-02 12:00:00",1991,5,2,6.111,15.611,10.778,0,NA,NA,FALSE,FALSE
19910503,"1991-05-03 12:00:00","1991-05-03 12:00:00",1991,5,3,5.222,19.722,12.167,0,NA,NA,FALSE,FALSE
19910504,"1991-05-04 12:00:00","1991-05-04 12:00:00",1991,5,4,4.889,22.278,14.056,0,NA,NA,FALSE,FALSE
19910505,"1991-05-05 12:00:00","1991-05-05 12:00:00",1991,5,5,6.611,23.222,17.167,NA,NA,NA,FALSE,FALSE
19910506,"1991-05-06 12:00:00","1991-05-06 12:00:00",1991,5,6,11.722,17.5,15.111,5.08,NA,NA,FALSE,FALSE
19910507,"1991-05-07 12:00:00","1991-05-07 12:00:00",1991,5,7,11.889,17.111,13.722,2.032,NA,NA,FALSE,FALSE
19910508,"1991-05-08 12:00:00","1991-05-08 12:00:00",1991,5,8,11,19,13.889,3.048,NA,NA,FALSE,FALSE
19910509,"1991-05-09 12:00:00","1991-05-09 12:00:00",1991,5,9,10.778,24.722,17.278,0,NA,NA,FALSE,FALSE
19910510,"1991-05-10 12:00:00","1991-05-10 12:00:00",1991,5,10,11.611,25.278,19,0,NA,NA,FALSE,FALSE
19910511,"1991-05-11 12:00:00","1991-05-11 12:00:00",1991,5,11,13.222,21.5,17.5,0,NA,NA,FALSE,FALSE
19910512,"1991-05-12 12:00:00","1991-05-12 12:00:00",1991,5,12,10.611,25.611,17.722,0,NA,NA,FALSE,FALSE
19910513,"1991-05-13 12:00:00","1991-05-13 12:00:00",1991,5,13,10.389,27,19.111,0,NA,NA,FALSE,FALSE
19910514,"1991-05-14 12:00:00","1991-05-14 12:00:00",1991,5,14,12.611,27.278,21.556,0,NA,NA,FALSE,FALSE
19910515,"1991-05-15 12:00:00","1991-05-15 12:00:00",1991,5,15,11.722,25.222,18.556,0,NA,NA,FALSE,FALSE
19910516,"1991-05-16 12:00:00","1991-05-16 12:00:00",1991,5,16,10.278,22.222,15.278,0,NA,NA,FALSE,FALSE
19910517,"1991-05-17 12:00:00","1991-05-17 12:00:00",1991,5,17,10,22.5,15.778,0,NA,NA,FALSE,FALSE
19910518,"1991-05-18 12:00:00","1991-05-18 12:00:00",1991,5,18,9.889,28.278,22.333,0,NA,NA,FALSE,FALSE
19910519,"1991-05-19 12:00:00","1991-05-19 12:00:00",1991,5,19,16.722,23.222,20.333,0,NA,NA,FALSE,FALSE
19910520,"1991-05-20 12:00:00","1991-05-20 12:00:00",1991,5,20,16,27.111,21.5,0,NA,NA,FALSE,FALSE
19910521,"1991-05-21 12:00:00","1991-05-21 12:00:00",1991,5,21,15.722,29.278,21.667,0,NA,NA,FALSE,FALSE
19910522,"1991-05-22 12:00:00","1991-05-22 12:00:00",1991,5,22,16.111,30.222,23.222,0,NA,NA,FALSE,FALSE
19910523,"1991-05-23 12:00:00","1991-05-23 12:00:00",1991,5,23,17.5,30.722,25.222,0,NA,NA,FALSE,FALSE
19910524,"1991-05-24 12:00:00","1991-05-24 12:00:00",1991,5,24,20.111,23.222,21.722,10.922,NA,NA,FALSE,FALSE
19910525,"1991-05-25 12:00:00","1991-05-25 12:00:00",1991,5,25,21.222,26.611,22.722,0,NA,NA,FALSE,FALSE
19910526,"1991-05-26 12:00:00","1991-05-26 12:00:00",1991,5,26,14.778,22.111,17.556,5.08,NA,NA,FALSE,FALSE
19910527,"1991-05-27 12:00:00","1991-05-27 12:00:00",1991,5,27,10.5,18.278,15.111,4.064,NA,NA,FALSE,FALSE
19910528,"1991-05-28 12:00:00","1991-05-28 12:00:00",1991,5,28,10.278,24.889,17.556,0,NA,NA,FALSE,FALSE
19910529,"1991-05-29 12:00:00","1991-05-29 12:00:00",1991,5,29,11.611,26.5,19,0,NA,NA,FALSE,FALSE
19910530,"1991-05-30 12:00:00","1991-05-30 12:00:00",1991,5,30,13.389,21.778,18.278,0,NA,NA,FALSE,FALSE
19910531,"1991-05-31 12:00:00","1991-05-31 12:00:00",1991,5,31,15.611,27.5,21.278,0,NA,NA,FALSE,FALSE
19910601,"1991-06-01 12:00:00","1991-06-01 12:00:00",1991,6,1,16.278,19.722,17.444,25.908,NA,NA,FALSE,FALSE
19910602,"1991-06-02 12:00:00","1991-06-02 12:00:00",1991,6,2,16.389,19.889,18.333,55.118,NA,NA,FALSE,FALSE
19910603,"1991-06-03 12:00:00","1991-06-03 12:00:00",1991,6,3,15.722,18.611,17.222,4.064,NA,NA,FALSE,FALSE
19910604,"1991-06-04 12:00:00","1991-06-04 12:00:00",1991,6,4,15.278,24.889,20.556,0,NA,NA,FALSE,FALSE
19910605,"1991-06-05 12:00:00","1991-06-05 12:00:00",1991,6,5,18.389,29.111,22.611,0,NA,NA,FALSE,FALSE
19910606,"1991-06-06 12:00:00","1991-06-06 12:00:00",1991,6,6,16,29.611,22.222,0,NA,NA,FALSE,FALSE
19910607,"1991-06-07 12:00:00","1991-06-07 12:00:00",1991,6,7,15.778,30.722,24.056,0,NA,NA,FALSE,FALSE
19910608,"1991-06-08 12:00:00","1991-06-08 12:00:00",1991,6,8,18.389,27.222,23.778,NA,NA,NA,FALSE,FALSE
19910609,"1991-06-09 12:00:00","1991-06-09 12:00:00",1991,6,9,19.889,24.222,21.444,105.918,NA,NA,FALSE,FALSE
19910610,"1991-06-10 12:00:00","1991-06-10 12:00:00",1991,6,10,19.889,29.611,25.722,0,NA,NA,FALSE,FALSE
19910611,"1991-06-11 12:00:00","1991-06-11 12:00:00",1991,6,11,23,28.5,24.722,5.08,NA,NA,FALSE,FALSE
19910612,"1991-06-12 12:00:00","1991-06-12 12:00:00",1991,6,12,18.722,25.722,21.833,11.938,NA,NA,FALSE,FALSE
19910613,"1991-06-13 12:00:00","1991-06-13 12:00:00",1991,6,13,16.722,29.778,22.444,0.508,NA,NA,FALSE,FALSE
19910614,"1991-06-14 12:00:00","1991-06-14 12:00:00",1991,6,14,16.5,31.611,24.833,0,NA,NA,FALSE,FALSE
19910615,"1991-06-15 12:00:00","1991-06-15 12:00:00",1991,6,15,17.278,26.889,22.389,0,NA,NA,FALSE,FALSE
19910616,"1991-06-16 12:00:00","1991-06-16 12:00:00",1991,6,16,17.111,27.389,22.833,0,NA,NA,FALSE,FALSE
19910617,"1991-06-17 12:00:00","1991-06-17 12:00:00",1991,6,17,17.722,28.389,22.611,0,NA,NA,FALSE,FALSE
19910618,"1991-06-18 12:00:00","1991-06-18 12:00:00",1991,6,18,17.278,29.722,22.833,0,NA,NA,FALSE,FALSE
19910619,"1991-06-19 12:00:00","1991-06-19 12:00:00",1991,6,19,17.778,24.722,20.5,0,NA,NA,FALSE,FALSE
19910620,"1991-06-20 12:00:00","1991-06-20 12:00:00",1991,6,20,17.389,26.889,22,0,NA,NA,FALSE,FALSE
19910621,"1991-06-21 12:00:00","1991-06-21 12:00:00",1991,6,21,17.111,31.111,23.833,0,NA,NA,FALSE,FALSE
19910622,"1991-06-22 12:00:00","1991-06-22 12:00:00",1991,6,22,16.889,32,24,0,NA,NA,FALSE,FALSE
19910623,"1991-06-23 12:00:00","1991-06-23 12:00:00",1991,6,23,17.278,30,24.111,0,NA,NA,FALSE,FALSE
19910624,"1991-06-24 12:00:00","1991-06-24 12:00:00",1991,6,24,20.111,28,23.667,0,NA,NA,FALSE,FALSE
19910625,"1991-06-25 12:00:00","1991-06-25 12:00:00",1991,6,25,20,29.278,24.111,NA,NA,NA,FALSE,FALSE
19910626,"1991-06-26 12:00:00","1991-06-26 12:00:00",1991,6,26,21.222,29,24.667,0,NA,NA,FALSE,FALSE
19910627,"1991-06-27 12:00:00","1991-06-27 12:00:00",1991,6,27,22.5,30.222,26.056,0,NA,NA,FALSE,FALSE
19910628,"1991-06-28 12:00:00","1991-06-28 12:00:00",1991,6,28,23.722,27.778,25.889,0.254,NA,NA,FALSE,FALSE
19910629,"1991-06-29 12:00:00","1991-06-29 12:00:00",1991,6,29,23,26,24.389,5.334,NA,NA,FALSE,FALSE
19910630,"1991-06-30 12:00:00","1991-06-30 12:00:00",1991,6,30,22,27.778,23.944,0,NA,NA,FALSE,FALSE
19910701,"1991-07-01 12:00:00","1991-07-01 12:00:00",1991,7,1,21.889,24.889,23.111,9.906,NA,NA,FALSE,FALSE
19910702,"1991-07-02 12:00:00","1991-07-02 12:00:00",1991,7,2,21.778,28.389,24.222,0,NA,NA,FALSE,FALSE
19910703,"1991-07-03 12:00:00","1991-07-03 12:00:00",1991,7,3,21.5,28.389,24.278,NA,NA,NA,FALSE,FALSE
19910704,"1991-07-04 12:00:00","1991-07-04 12:00:00",1991,7,4,21.111,24.778,21.889,57.912,NA,NA,FALSE,FALSE
19910705,"1991-07-05 12:00:00","1991-07-05 12:00:00",1991,7,5,20.778,29.889,24.778,3.048,NA,NA,FALSE,FALSE
19910706,"1991-07-06 12:00:00","1991-07-06 12:00:00",1991,7,6,21.889,31.222,26.056,NA,NA,NA,FALSE,FALSE
19910707,"1991-07-07 12:00:00","1991-07-07 12:00:00",1991,7,7,19.111,25.889,22.222,28.448,NA,NA,FALSE,FALSE
19910708,"1991-07-08 12:00:00","1991-07-08 12:00:00",1991,7,8,18.889,23.611,21.056,16.002,NA,NA,FALSE,FALSE
19910709,"1991-07-09 12:00:00","1991-07-09 12:00:00",1991,7,9,20.389,23.5,22.167,41.91,NA,NA,FALSE,FALSE
19910710,"1991-07-10 12:00:00","1991-07-10 12:00:00",1991,7,10,20.722,24.278,21.944,103.886,NA,NA,FALSE,FALSE
19910711,"1991-07-11 12:00:00","1991-07-11 12:00:00",1991,7,11,19.611,25.111,21.889,64.008,NA,NA,FALSE,FALSE
19910712,"1991-07-12 12:00:00","1991-07-12 12:00:00",1991,7,12,20.222,26.278,22.222,5.08,NA,NA,FALSE,FALSE
19910713,"1991-07-13 12:00:00","1991-07-13 12:00:00",1991,7,13,20.222,27.611,23.5,0,NA,NA,FALSE,FALSE
19910714,"1991-07-14 12:00:00","1991-07-14 12:00:00",1991,7,14,19.889,30.222,25.333,0,NA,NA,FALSE,FALSE
19910715,"1991-07-15 12:00:00","1991-07-15 12:00:00",1991,7,15,22.111,24.611,22.889,59.944,NA,NA,FALSE,FALSE
19910716,"1991-07-16 12:00:00","1991-07-16 12:00:00",1991,7,16,22,29.5,24.778,3.048,NA,NA,FALSE,FALSE
19910717,"1991-07-17 12:00:00","1991-07-17 12:00:00",1991,7,17,22.278,29.278,26,0.508,NA,NA,FALSE,FALSE
19910718,"1991-07-18 12:00:00","1991-07-18 12:00:00",1991,7,18,24.5,31.722,27.111,0,NA,NA,FALSE,FALSE
19910719,"1991-07-19 12:00:00","1991-07-19 12:00:00",1991,7,19,24.889,31.611,28.333,0,NA,NA,FALSE,FALSE
19910720,"1991-07-20 12:00:00","1991-07-20 12:00:00",1991,7,20,26.389,32.722,28.5,0,NA,NA,FALSE,FALSE
19910721,"1991-07-21 12:00:00","1991-07-21 12:00:00",1991,7,21,26.222,31.889,28.333,0,NA,NA,FALSE,FALSE
19910722,"1991-07-22 12:00:00","1991-07-22 12:00:00",1991,7,22,26,31.111,28.389,0,NA,NA,FALSE,FALSE
19910723,"1991-07-23 12:00:00","1991-07-23 12:00:00",1991,7,23,26.389,30.722,27.833,0,NA,NA,FALSE,FALSE
19910724,"1991-07-24 12:00:00","1991-07-24 12:00:00",1991,7,24,25.889,30.278,27.333,0,NA,NA,FALSE,FALSE
19910725,"1991-07-25 12:00:00","1991-07-25 12:00:00",1991,7,25,22.278,29,25.833,2.032,NA,NA,FALSE,FALSE
19910726,"1991-07-26 12:00:00","1991-07-26 12:00:00",1991,7,26,22.222,32.389,27.056,3.048,NA,NA,FALSE,FALSE
19910727,"1991-07-27 12:00:00","1991-07-27 12:00:00",1991,7,27,24.278,30.889,26.944,1.016,NA,NA,FALSE,FALSE
19910728,"1991-07-28 12:00:00","1991-07-28 12:00:00",1991,7,28,24.278,33.889,29.833,4.064,NA,NA,FALSE,FALSE
19910729,"1991-07-29 12:00:00","1991-07-29 12:00:00",1991,7,29,24.389,31.5,27.222,0.254,NA,NA,FALSE,FALSE
19910730,"1991-07-30 12:00:00","1991-07-30 12:00:00",1991,7,30,24.389,31,26.778,19.05,NA,NA,FALSE,FALSE
19910731,"1991-07-31 12:00:00","1991-07-31 12:00:00",1991,7,31,24.278,29.111,26.222,55.88,NA,NA,FALSE,FALSE
19910801,"1991-08-01 12:00:00","1991-08-01 12:00:00",1991,8,1,24.389,30.278,26.778,57.912,NA,NA,FALSE,FALSE
19910802,"1991-08-02 12:00:00","1991-08-02 12:00:00",1991,8,2,22.389,26.889,24.611,13.97,NA,NA,FALSE,FALSE
19910803,"1991-08-03 12:00:00","1991-08-03 12:00:00",1991,8,3,23.889,31.222,26.5,0,NA,NA,FALSE,FALSE
19910804,"1991-08-04 12:00:00","1991-08-04 12:00:00",1991,8,4,20.778,24.5,22.5,11.938,NA,NA,FALSE,FALSE
19910805,"1991-08-05 12:00:00","1991-08-05 12:00:00",1991,8,5,20.778,24.611,22.444,4.064,NA,NA,FALSE,FALSE
19910806,"1991-08-06 12:00:00","1991-08-06 12:00:00",1991,8,6,21.278,27,23.444,0.508,NA,NA,FALSE,FALSE
19910807,"1991-08-07 12:00:00","1991-08-07 12:00:00",1991,8,7,21.222,29.5,24.444,0,NA,NA,FALSE,FALSE
19910808,"1991-08-08 12:00:00","1991-08-08 12:00:00",1991,8,8,19.778,27.722,22.889,NA,NA,NA,FALSE,FALSE
19910809,"1991-08-09 12:00:00","1991-08-09 12:00:00",1991,8,9,19.722,24.611,22.111,40.894,NA,NA,FALSE,FALSE
19910810,"1991-08-10 12:00:00","1991-08-10 12:00:00",1991,8,10,21.111,25.611,23.944,4.064,NA,NA,FALSE,FALSE
19910811,"1991-08-11 12:00:00","1991-08-11 12:00:00",1991,8,11,22.389,27.222,24.278,1.016,NA,NA,FALSE,FALSE
19910812,"1991-08-12 12:00:00","1991-08-12 12:00:00",1991,8,12,22.222,28.889,25.389,0.254,NA,NA,FALSE,FALSE
19910813,"1991-08-13 12:00:00","1991-08-13 12:00:00",1991,8,13,22.222,32.222,27.111,2.032,NA,NA,FALSE,FALSE
19910814,"1991-08-14 12:00:00","1991-08-14 12:00:00",1991,8,14,23.611,33.611,27.111,0,NA,NA,FALSE,FALSE
19910815,"1991-08-15 12:00:00","1991-08-15 12:00:00",1991,8,15,22.889,30.722,25.556,0,NA,NA,FALSE,FALSE
19910816,"1991-08-16 12:00:00","1991-08-16 12:00:00",1991,8,16,22.722,32.111,26.389,0,NA,NA,FALSE,FALSE
19910817,"1991-08-17 12:00:00","1991-08-17 12:00:00",1991,8,17,22.278,30.778,25.833,0,NA,NA,FALSE,FALSE
19910818,"1991-08-18 12:00:00","1991-08-18 12:00:00",1991,8,18,21.778,32.389,26.944,0,NA,NA,FALSE,FALSE
19910819,"1991-08-19 12:00:00","1991-08-19 12:00:00",1991,8,19,23.778,33.722,28.111,0,NA,NA,FALSE,FALSE
19910820,"1991-08-20 12:00:00","1991-08-20 12:00:00",1991,8,20,23.722,35.778,29.833,0,NA,NA,FALSE,FALSE
19910821,"1991-08-21 12:00:00","1991-08-21 12:00:00",1991,8,21,25.389,35,29.667,0,NA,NA,FALSE,FALSE
19910822,"1991-08-22 12:00:00","1991-08-22 12:00:00",1991,8,22,21.889,27.5,24.722,5.08,NA,NA,FALSE,FALSE
19910823,"1991-08-23 12:00:00","1991-08-23 12:00:00",1991,8,23,21.778,26,24.389,11.938,NA,NA,FALSE,FALSE
19910824,"1991-08-24 12:00:00","1991-08-24 12:00:00",1991,8,24,23.111,29.611,25.333,1.016,NA,NA,FALSE,FALSE
19910825,"1991-08-25 12:00:00","1991-08-25 12:00:00",1991,8,25,22.222,31,25.889,0.254,NA,NA,FALSE,FALSE
19910826,"1991-08-26 12:00:00","1991-08-26 12:00:00",1991,8,26,19.222,30.778,25.056,0,NA,NA,FALSE,FALSE
19910827,"1991-08-27 12:00:00","1991-08-27 12:00:00",1991,8,27,16.722,30.111,22.778,0,NA,NA,FALSE,FALSE
19910828,"1991-08-28 12:00:00","1991-08-28 12:00:00",1991,8,28,16.5,31.222,25.444,0,NA,NA,FALSE,FALSE
19910829,"1991-08-29 12:00:00","1991-08-29 12:00:00",1991,8,29,20.278,31.5,24.389,0,NA,NA,FALSE,FALSE
19910830,"1991-08-30 12:00:00","1991-08-30 12:00:00",1991,8,30,19.722,30.111,24.278,0,NA,NA,FALSE,FALSE
19910831,"1991-08-31 12:00:00","1991-08-31 12:00:00",1991,8,31,18.778,29.111,23.889,0.254,NA,NA,FALSE,FALSE
19910901,"1991-09-01 12:00:00","1991-09-01 12:00:00",1991,9,1,18.722,33.278,25.889,0,NA,NA,FALSE,FALSE
19910902,"1991-09-02 12:00:00","1991-09-02 12:00:00",1991,9,2,21,32.111,26.222,0,NA,NA,FALSE,FALSE
19910903,"1991-09-03 12:00:00","1991-09-03 12:00:00",1991,9,3,23.111,31.5,26.722,0,NA,NA,FALSE,FALSE
19910904,"1991-09-04 12:00:00","1991-09-04 12:00:00",1991,9,4,22.222,31.889,26.333,20.066,NA,NA,FALSE,FALSE
19910905,"1991-09-05 12:00:00","1991-09-05 12:00:00",1991,9,5,21.611,26.778,23.056,91.948,NA,NA,FALSE,FALSE
19910906,"1991-09-06 12:00:00","1991-09-06 12:00:00",1991,9,6,19.278,25.278,22.722,10.922,NA,NA,FALSE,FALSE
19910907,"1991-09-07 12:00:00","1991-09-07 12:00:00",1991,9,7,18.722,31.5,25.889,0,NA,NA,FALSE,FALSE
19910908,"1991-09-08 12:00:00","1991-09-08 12:00:00",1991,9,8,21.389,32.111,26,0,NA,NA,FALSE,FALSE
19910909,"1991-09-09 12:00:00","1991-09-09 12:00:00",1991,9,9,21.389,31.222,25.389,0,NA,NA,FALSE,FALSE
19910910,"1991-09-10 12:00:00","1991-09-10 12:00:00",1991,9,10,20.389,29.778,24.389,0,NA,NA,FALSE,FALSE
19910911,"1991-09-11 12:00:00","1991-09-11 12:00:00",1991,9,11,19.111,25.722,21.889,0.254,NA,NA,FALSE,FALSE
19910912,"1991-09-12 12:00:00","1991-09-12 12:00:00",1991,9,12,18.778,27.5,21.778,0,NA,NA,FALSE,FALSE
19910913,"1991-09-13 12:00:00","1991-09-13 12:00:00",1991,9,13,18.722,29.5,24.556,0,NA,NA,FALSE,FALSE
19910914,"1991-09-14 12:00:00","1991-09-14 12:00:00",1991,9,14,18.222,28.611,22.833,0,NA,NA,FALSE,FALSE
19910915,"1991-09-15 12:00:00","1991-09-15 12:00:00",1991,9,15,16.778,28.611,22.167,0,NA,NA,FALSE,FALSE
19910916,"1991-09-16 12:00:00","1991-09-16 12:00:00",1991,9,16,15.611,27.5,21.333,0,NA,NA,FALSE,FALSE
19910917,"1991-09-17 12:00:00","1991-09-17 12:00:00",1991,9,17,15.5,27.278,21.722,NA,NA,NA,FALSE,FALSE
19910918,"1991-09-18 12:00:00","1991-09-18 12:00:00",1991,9,18,17.5,29.278,22.167,0,NA,NA,FALSE,FALSE
19910919,"1991-09-19 12:00:00","1991-09-19 12:00:00",1991,9,19,16.722,26.389,20.556,NA,NA,NA,FALSE,FALSE
19910920,"1991-09-20 12:00:00","1991-09-20 12:00:00",1991,9,20,15,23.389,19.111,2.032,NA,NA,FALSE,FALSE
19910921,"1991-09-21 12:00:00","1991-09-21 12:00:00",1991,9,21,14.778,25.111,19.056,0,NA,NA,FALSE,FALSE
19910922,"1991-09-22 12:00:00","1991-09-22 12:00:00",1991,9,22,14.722,25.278,20.222,0,NA,NA,FALSE,FALSE
19910923,"1991-09-23 12:00:00","1991-09-23 12:00:00",1991,9,23,15.778,22.111,19.222,0,NA,NA,FALSE,FALSE
19910924,"1991-09-24 12:00:00","1991-09-24 12:00:00",1991,9,24,15.722,24.889,20.167,0,NA,NA,FALSE,FALSE
19910925,"1991-09-25 12:00:00","1991-09-25 12:00:00",1991,9,25,17.389,21.722,19.556,3.048,NA,NA,FALSE,FALSE
19910926,"1991-09-26 12:00:00","1991-09-26 12:00:00",1991,9,26,17.722,23.278,20.611,5.08,NA,NA,FALSE,FALSE
19910927,"1991-09-27 12:00:00","1991-09-27 12:00:00",1991,9,27,16,21.111,19,52.07,NA,NA,FALSE,FALSE
19910928,"1991-09-28 12:00:00","1991-09-28 12:00:00",1991,9,28,11.111,22.722,16.111,0,NA,NA,FALSE,FALSE
19910929,"1991-09-29 12:00:00","1991-09-29 12:00:00",1991,9,29,10.5,22.722,17.722,0,NA,NA,FALSE,FALSE
19910930,"1991-09-30 12:00:00","1991-09-30 12:00:00",1991,9,30,14.889,21.222,17.778,0,NA,NA,FALSE,FALSE
19911001,"1991-10-01 12:00:00","1991-10-01 12:00:00",1991,10,1,14.278,26.889,20.056,0,NA,NA,FALSE,FALSE
19911002,"1991-10-02 12:00:00","1991-10-02 12:00:00",1991,10,2,15.611,25.778,19.278,0,NA,NA,FALSE,FALSE
19911003,"1991-10-03 12:00:00","1991-10-03 12:00:00",1991,10,3,15.389,24.778,18.722,NA,NA,NA,FALSE,FALSE
19911004,"1991-10-04 12:00:00","1991-10-04 12:00:00",1991,10,4,12.5,22.722,17.111,0.254,NA,NA,FALSE,FALSE
19911005,"1991-10-05 12:00:00","1991-10-05 12:00:00",1991,10,5,12.278,22.611,17,0,NA,NA,FALSE,FALSE
19911006,"1991-10-06 12:00:00","1991-10-06 12:00:00",1991,10,6,12,24.778,16.778,0,NA,NA,FALSE,FALSE
19911007,"1991-10-07 12:00:00","1991-10-07 12:00:00",1991,10,7,7.722,21.111,14.056,0,NA,NA,FALSE,FALSE
19911008,"1991-10-08 12:00:00","1991-10-08 12:00:00",1991,10,8,7.5,23.778,16.278,0,NA,NA,FALSE,FALSE
19911009,"1991-10-09 12:00:00","1991-10-09 12:00:00",1991,10,9,10.889,25.722,18.278,0,NA,NA,FALSE,FALSE
19911010,"1991-10-10 12:00:00","1991-10-10 12:00:00",1991,10,10,10.222,25.222,17.556,0,NA,NA,FALSE,FALSE
19911011,"1991-10-11 12:00:00","1991-10-11 12:00:00",1991,10,11,10.111,25.222,17.056,0,NA,NA,FALSE,FALSE
19911012,"1991-10-12 12:00:00","1991-10-12 12:00:00",1991,10,12,10.278,22.722,16.111,0,NA,NA,FALSE,FALSE
19911013,"1991-10-13 12:00:00","1991-10-13 12:00:00",1991,10,13,10.278,26.5,17.556,0,NA,NA,FALSE,FALSE
19911014,"1991-10-14 12:00:00","1991-10-14 12:00:00",1991,10,14,5.778,18.889,12.944,0,NA,NA,FALSE,FALSE
19911015,"1991-10-15 12:00:00","1991-10-15 12:00:00",1991,10,15,5.5,20.111,14.833,0,NA,NA,FALSE,FALSE
19911016,"1991-10-16 12:00:00","1991-10-16 12:00:00",1991,10,16,12,20.611,15.778,1.016,NA,NA,FALSE,FALSE
19911017,"1991-10-17 12:00:00","1991-10-17 12:00:00",1991,10,17,8,19.5,13.5,2.032,NA,NA,FALSE,FALSE
19911018,"1991-10-18 12:00:00","1991-10-18 12:00:00",1991,10,18,7.611,21.389,15.611,0,NA,NA,FALSE,FALSE
19911019,"1991-10-19 12:00:00","1991-10-19 12:00:00",1991,10,19,7.889,16.778,11.444,0,NA,NA,FALSE,FALSE
19911020,"1991-10-20 12:00:00","1991-10-20 12:00:00",1991,10,20,5.389,16.889,10.222,0,NA,NA,FALSE,FALSE
19911021,"1991-10-21 12:00:00","1991-10-21 12:00:00",1991,10,21,5.222,16.722,11.556,0,NA,NA,FALSE,FALSE
19911022,"1991-10-22 12:00:00","1991-10-22 12:00:00",1991,10,22,4.722,19.278,10.778,0,NA,NA,FALSE,FALSE
19911023,"1991-10-23 12:00:00","1991-10-23 12:00:00",1991,10,23,4.5,20,12.167,0,NA,NA,FALSE,FALSE
19911024,"1991-10-24 12:00:00","1991-10-24 12:00:00",1991,10,24,6.611,18.278,13.556,NA,NA,NA,FALSE,FALSE
19911025,"1991-10-25 12:00:00","1991-10-25 12:00:00",1991,10,25,9.778,22,15.056,0.508,NA,NA,FALSE,FALSE
19911026,"1991-10-26 12:00:00","1991-10-26 12:00:00",1991,10,26,9.5,23.889,16.889,0,NA,NA,FALSE,FALSE
19911027,"1991-10-27 12:00:00","1991-10-27 12:00:00",1991,10,27,9.111,17.611,12.833,0,NA,NA,FALSE,FALSE
19911028,"1991-10-28 12:00:00","1991-10-28 12:00:00",1991,10,28,6,18.278,11.778,0,NA,NA,FALSE,FALSE
19911029,"1991-10-29 12:00:00","1991-10-29 12:00:00",1991,10,29,5.611,19.5,12.222,0,NA,NA,FALSE,FALSE
19911030,"1991-10-30 12:00:00","1991-10-30 12:00:00",1991,10,30,5.722,19.778,12.722,0,NA,NA,FALSE,FALSE
19911031,"1991-10-31 12:00:00","1991-10-31 12:00:00",1991,10,31,5.389,19.611,11.444,0,NA,NA,FALSE,FALSE
19911101,"1991-11-01 12:00:00","1991-11-01 12:00:00",1991,11,1,4.889,18.722,10.833,0,NA,NA,FALSE,FALSE
19911102,"1991-11-02 12:00:00","1991-11-02 12:00:00",1991,11,2,4.889,18.111,10.111,0,NA,NA,FALSE,FALSE
19911103,"1991-11-03 12:00:00","1991-11-03 12:00:00",1991,11,3,3.389,19.111,10.278,0,NA,NA,FALSE,FALSE
19911104,"1991-11-04 12:00:00","1991-11-04 12:00:00",1991,11,4,2.889,16.278,8.389,0,NA,NA,FALSE,FALSE
19911105,"1991-11-05 12:00:00","1991-11-05 12:00:00",1991,11,5,2.722,18.611,10.889,0,NA,NA,FALSE,FALSE
19911106,"1991-11-06 12:00:00","1991-11-06 12:00:00",1991,11,6,5.222,20.5,12.556,0,NA,NA,FALSE,FALSE
19911107,"1991-11-07 12:00:00","1991-11-07 12:00:00",1991,11,7,7,18.5,13.611,10.922,NA,NA,FALSE,FALSE
19911108,"1991-11-08 12:00:00","1991-11-08 12:00:00",1991,11,8,3.111,14.278,8.444,3.048,NA,NA,FALSE,FALSE
19911109,"1991-11-09 12:00:00","1991-11-09 12:00:00",1991,11,9,3,15.278,9.5,NA,NA,NA,FALSE,FALSE
19911110,"1991-11-10 12:00:00","1991-11-10 12:00:00",1991,11,10,3.778,11.889,7.056,0.508,NA,NA,FALSE,FALSE
19911111,"1991-11-11 12:00:00","1991-11-11 12:00:00",1991,11,11,3.222,9.611,6.611,3.048,NA,NA,FALSE,FALSE
19911112,"1991-11-12 12:00:00","1991-11-12 12:00:00",1991,11,12,5.222,12.222,7.667,0,NA,NA,FALSE,FALSE
19911113,"1991-11-13 12:00:00","1991-11-13 12:00:00",1991,11,13,4.611,15.778,9.111,0,NA,NA,FALSE,FALSE
19911114,"1991-11-14 12:00:00","1991-11-14 12:00:00",1991,11,14,2.5,13.222,7.333,0,NA,NA,FALSE,FALSE
19911115,"1991-11-15 12:00:00","1991-11-15 12:00:00",1991,11,15,-0.5,11.722,5.222,0,NA,NA,FALSE,FALSE
19911116,"1991-11-16 12:00:00","1991-11-16 12:00:00",1991,11,16,-0.889,13.611,6.611,0,NA,NA,FALSE,FALSE
19911117,"1991-11-17 12:00:00","1991-11-17 12:00:00",1991,11,17,2.389,14.222,7.278,0,NA,NA,FALSE,FALSE
19911118,"1991-11-18 12:00:00","1991-11-18 12:00:00",1991,11,18,1.5,14.111,8.278,NA,NA,NA,FALSE,FALSE
19911119,"1991-11-19 12:00:00","1991-11-19 12:00:00",1991,11,19,4.222,14.778,9.833,1.016,NA,NA,FALSE,FALSE
19911120,"1991-11-20 12:00:00","1991-11-20 12:00:00",1991,11,20,1.222,11.778,6.833,0,NA,NA,FALSE,FALSE
19911121,"1991-11-21 12:00:00","1991-11-21 12:00:00",1991,11,21,-0.5,13.722,7.278,0,NA,NA,FALSE,FALSE
19911122,"1991-11-22 12:00:00","1991-11-22 12:00:00",1991,11,22,4.5,13.778,10.778,0,NA,NA,FALSE,FALSE
19911123,"1991-11-23 12:00:00","1991-11-23 12:00:00",1991,11,23,5.278,13.111,9.056,13.97,NA,NA,FALSE,FALSE
19911124,"1991-11-24 12:00:00","1991-11-24 12:00:00",1991,11,24,-2.778,7.5,2.611,5.08,NA,NA,FALSE,FALSE
19911125,"1991-11-25 12:00:00","1991-11-25 12:00:00",1991,11,25,-3,11.222,6.5,0,NA,NA,FALSE,FALSE
19911126,"1991-11-26 12:00:00","1991-11-26 12:00:00",1991,11,26,4.611,15.889,8.667,0,NA,NA,FALSE,FALSE
19911127,"1991-11-27 12:00:00","1991-11-27 12:00:00",1991,11,27,3.611,16.111,9.611,NA,NA,NA,FALSE,FALSE
19911128,"1991-11-28 12:00:00","1991-11-28 12:00:00",1991,11,28,1.722,14.222,7.611,0.254,NA,NA,FALSE,FALSE
19911129,"1991-11-29 12:00:00","1991-11-29 12:00:00",1991,11,29,1.222,12.278,6.611,0,NA,NA,FALSE,FALSE
19911130,"1991-11-30 12:00:00","1991-11-30 12:00:00",1991,11,30,1.222,14.389,7,0,NA,NA,FALSE,FALSE
19911201,"1991-12-01 12:00:00","1991-12-01 12:00:00",1991,12,1,0.222,13.222,5.722,0,NA,NA,FALSE,FALSE
19911202,"1991-12-02 12:00:00","1991-12-02 12:00:00",1991,12,2,-0.278,14.389,6.722,0,NA,NA,FALSE,FALSE
19911203,"1991-12-03 12:00:00","1991-12-03 12:00:00",1991,12,3,-1.722,10.722,4.167,0,NA,NA,FALSE,FALSE
19911204,"1991-12-04 12:00:00","1991-12-04 12:00:00",1991,12,4,-2.278,12,3.667,0,NA,NA,FALSE,FALSE
19911205,"1991-12-05 12:00:00","1991-12-05 12:00:00",1991,12,5,-1.389,16,7.111,0,NA,NA,FALSE,FALSE
19911206,"1991-12-06 12:00:00","1991-12-06 12:00:00",1991,12,6,2.778,17.778,11,0,NA,NA,FALSE,FALSE
19911207,"1991-12-07 12:00:00","1991-12-07 12:00:00",1991,12,7,7.222,14.389,9.778,NA,NA,NA,FALSE,FALSE
19911208,"1991-12-08 12:00:00","1991-12-08 12:00:00",1991,12,8,3.778,8.611,5.167,0,NA,NA,FALSE,FALSE
19911209,"1991-12-09 12:00:00","1991-12-09 12:00:00",1991,12,9,-2.611,6.5,1.778,0,NA,NA,FALSE,FALSE
19911210,"1991-12-10 12:00:00","1991-12-10 12:00:00",1991,12,10,-3.111,8.5,5.778,5.08,NA,NA,FALSE,FALSE
19911211,"1991-12-11 12:00:00","1991-12-11 12:00:00",1991,12,11,-2.5,9.222,1,1.016,NA,NA,FALSE,FALSE
19911212,"1991-12-12 12:00:00","1991-12-12 12:00:00",1991,12,12,-5.778,1.389,-2.833,1.016,NA,NA,FALSE,FALSE
19911213,"1991-12-13 12:00:00","1991-12-13 12:00:00",1991,12,13,-6,4,1.167,0,NA,NA,FALSE,FALSE
19911214,"1991-12-14 12:00:00","1991-12-14 12:00:00",1991,12,14,0.278,12.389,5.444,0,NA,NA,FALSE,FALSE
19911215,"1991-12-15 12:00:00","1991-12-15 12:00:00",1991,12,15,1.278,15.389,7.722,0,NA,NA,FALSE,FALSE
19911216,"1991-12-16 12:00:00","1991-12-16 12:00:00",1991,12,16,2.111,15.5,10.889,0,NA,NA,FALSE,FALSE
19911217,"1991-12-17 12:00:00","1991-12-17 12:00:00",1991,12,17,1.222,13.889,7.389,3.048,NA,NA,FALSE,FALSE
19911218,"1991-12-18 12:00:00","1991-12-18 12:00:00",1991,12,18,-1.389,7.778,2.278,0,NA,NA,FALSE,FALSE
19911219,"1991-12-19 12:00:00","1991-12-19 12:00:00",1991,12,19,-1.722,8,2.333,0,NA,NA,FALSE,FALSE
19911220,"1991-12-20 12:00:00","1991-12-20 12:00:00",1991,12,20,-1.722,12.111,4.944,0,NA,NA,FALSE,FALSE
19911221,"1991-12-21 12:00:00","1991-12-21 12:00:00",1991,12,21,-0.778,9.611,4.167,0,NA,NA,FALSE,FALSE
19911222,"1991-12-22 12:00:00","1991-12-22 12:00:00",1991,12,22,-1.222,11.111,6.778,0,NA,NA,FALSE,FALSE
19911223,"1991-12-23 12:00:00","1991-12-23 12:00:00",1991,12,23,4.889,13.389,9.222,0,NA,NA,FALSE,FALSE
19911224,"1991-12-24 12:00:00","1991-12-24 12:00:00",1991,12,24,4.778,8.5,5.833,7.112,NA,NA,FALSE,FALSE
19911225,"1991-12-25 12:00:00","1991-12-25 12:00:00",1991,12,25,3.5,7.722,5.444,110.998,NA,NA,FALSE,FALSE
19911226,"1991-12-26 12:00:00","1991-12-26 12:00:00",1991,12,26,1.611,9.389,5.556,0,NA,NA,FALSE,FALSE
19911227,"1991-12-27 12:00:00","1991-12-27 12:00:00",1991,12,27,-1.5,5.889,1.722,19.05,NA,NA,FALSE,FALSE
19911228,"1991-12-28 12:00:00","1991-12-28 12:00:00",1991,12,28,-3.722,0.222,-2.222,2.032,NA,NA,FALSE,FALSE
19911229,"1991-12-29 12:00:00","1991-12-29 12:00:00",1991,12,29,-3.722,1.222,-1.111,0.254,NA,NA,FALSE,FALSE
19911230,"1991-12-30 12:00:00","1991-12-30 12:00:00",1991,12,30,-3.222,3.889,-0.167,0,NA,NA,FALSE,FALSE
19911231,"1991-12-31 12:00:00","1991-12-31 12:00:00",1991,12,31,-3.611,4.889,2.111,NA,NA,NA,FALSE,FALSE
19920101,"1992-01-01 12:00:00","1992-01-01 12:00:00",1992,1,1,1.222,9,4.056,1.016,NA,NA,FALSE,FALSE
19920102,"1992-01-02 12:00:00","1992-01-02 12:00:00",1992,1,2,-0.278,9.222,3.444,0,NA,NA,FALSE,FALSE
19920103,"1992-01-03 12:00:00","1992-01-03 12:00:00",1992,1,3,-1.222,6.611,1.944,0,NA,NA,FALSE,FALSE
19920104,"1992-01-04 12:00:00","1992-01-04 12:00:00",1992,1,4,-1.778,7.611,1.278,0,NA,NA,FALSE,FALSE
19920105,"1992-01-05 12:00:00","1992-01-05 12:00:00",1992,1,5,-1.389,5.778,3.389,NA,NA,NA,FALSE,FALSE
19920106,"1992-01-06 12:00:00","1992-01-06 12:00:00",1992,1,6,1.778,11.5,7.444,6.096,NA,NA,FALSE,FALSE
19920107,"1992-01-07 12:00:00","1992-01-07 12:00:00",1992,1,7,0.222,6.889,3.389,2.032,NA,NA,FALSE,FALSE
19920108,"1992-01-08 12:00:00","1992-01-08 12:00:00",1992,1,8,-0.611,6.278,3.056,0.254,NA,NA,FALSE,FALSE
19920109,"1992-01-09 12:00:00","1992-01-09 12:00:00",1992,1,9,-1.278,6.889,2.056,0.508,NA,NA,FALSE,FALSE
19920110,"1992-01-10 12:00:00","1992-01-10 12:00:00",1992,1,10,-3.389,7.778,1.222,0,NA,NA,FALSE,FALSE
19920111,"1992-01-11 12:00:00","1992-01-11 12:00:00",1992,1,11,-4.222,9.222,1.889,0,NA,NA,FALSE,FALSE
19920112,"1992-01-12 12:00:00","1992-01-12 12:00:00",1992,1,12,-3.389,8.5,2.889,NA,NA,NA,FALSE,FALSE
19920113,"1992-01-13 12:00:00","1992-01-13 12:00:00",1992,1,13,-0.222,4.611,1.833,2.032,NA,NA,FALSE,FALSE
19920114,"1992-01-14 12:00:00","1992-01-14 12:00:00",1992,1,14,-2.5,5.778,0.944,0.254,NA,NA,FALSE,FALSE
19920115,"1992-01-15 12:00:00","1992-01-15 12:00:00",1992,1,15,-3.611,4.278,1.111,0,NA,NA,FALSE,FALSE
19920116,"1992-01-16 12:00:00","1992-01-16 12:00:00",1992,1,16,0,6.278,2.389,1.016,NA,NA,FALSE,FALSE
19920117,"1992-01-17 12:00:00","1992-01-17 12:00:00",1992,1,17,-2.722,-0.111,-1.278,2.032,NA,NA,FALSE,FALSE
19920118,"1992-01-18 12:00:00","1992-01-18 12:00:00",1992,1,18,-3.722,2,-0.778,0,NA,NA,FALSE,FALSE
19920119,"1992-01-19 12:00:00","1992-01-19 12:00:00",1992,1,19,-5.5,4.889,-1.222,0,NA,NA,FALSE,FALSE
19920120,"1992-01-20 12:00:00","1992-01-20 12:00:00",1992,1,20,-6.222,6.778,0.167,0,NA,NA,FALSE,FALSE
19920121,"1992-01-21 12:00:00","1992-01-21 12:00:00",1992,1,21,-4.278,6.778,2.611,NA,NA,NA,FALSE,FALSE
19920122,"1992-01-22 12:00:00","1992-01-22 12:00:00",1992,1,22,0.611,4.778,2.167,0,NA,NA,FALSE,FALSE
19920123,"1992-01-23 12:00:00","1992-01-23 12:00:00",1992,1,23,0.222,5.222,1.778,0,NA,NA,FALSE,FALSE
19920124,"1992-01-24 12:00:00","1992-01-24 12:00:00",1992,1,24,-1.389,8.389,2.944,0,NA,NA,FALSE,FALSE
19920125,"1992-01-25 12:00:00","1992-01-25 12:00:00",1992,1,25,-3,9.778,2.556,0,NA,NA,FALSE,FALSE
19920126,"1992-01-26 12:00:00","1992-01-26 12:00:00",1992,1,26,-4.111,7.5,0.722,0,NA,NA,FALSE,FALSE
19920127,"1992-01-27 12:00:00","1992-01-27 12:00:00",1992,1,27,-3.889,10.278,2.111,0,NA,NA,FALSE,FALSE
19920128,"1992-01-28 12:00:00","1992-01-28 12:00:00",1992,1,28,-4.5,11.5,7.056,0,NA,NA,FALSE,FALSE
19920129,"1992-01-29 12:00:00","1992-01-29 12:00:00",1992,1,29,2.222,10.5,5.611,0,NA,NA,FALSE,FALSE
19920130,"1992-01-30 12:00:00","1992-01-30 12:00:00",1992,1,30,-1,6.611,2.333,0,NA,NA,FALSE,FALSE
19920131,"1992-01-31 12:00:00","1992-01-31 12:00:00",1992,1,31,-1.5,3,0.056,NA,NA,NA,FALSE,FALSE
19920201,"1992-02-01 12:00:00","1992-02-01 12:00:00",1992,2,1,-5,6.111,0.056,0,NA,NA,FALSE,FALSE
19920202,"1992-02-02 12:00:00","1992-02-02 12:00:00",1992,2,2,-6,4.5,1.778,3.048,NA,NA,FALSE,FALSE
19920203,"1992-02-03 12:00:00","1992-02-03 12:00:00",1992,2,3,0.889,6.278,3.167,21.082,NA,NA,FALSE,FALSE
19920204,"1992-02-04 12:00:00","1992-02-04 12:00:00",1992,2,4,-3.611,5.389,0.444,6.096,NA,NA,FALSE,FALSE
19920205,"1992-02-05 12:00:00","1992-02-05 12:00:00",1992,2,5,-4.778,5.278,-0.167,0,NA,NA,FALSE,FALSE
19920206,"1992-02-06 12:00:00","1992-02-06 12:00:00",1992,2,6,-3.722,6.611,1.389,0.254,NA,NA,FALSE,FALSE
19920207,"1992-02-07 12:00:00","1992-02-07 12:00:00",1992,2,7,-3.278,3.722,-0.389,0,NA,NA,FALSE,FALSE
19920208,"1992-02-08 12:00:00","1992-02-08 12:00:00",1992,2,8,-4.278,2.389,-1.556,0,NA,NA,FALSE,FALSE
19920209,"1992-02-09 12:00:00","1992-02-09 12:00:00",1992,2,9,-5,5.778,-0.333,0,NA,NA,FALSE,FALSE
19920210,"1992-02-10 12:00:00","1992-02-10 12:00:00",1992,2,10,-5.389,7.222,0.667,0,NA,NA,FALSE,FALSE
19920211,"1992-02-11 12:00:00","1992-02-11 12:00:00",1992,2,11,-4.611,8,0.333,0,NA,NA,FALSE,FALSE
19920212,"1992-02-12 12:00:00","1992-02-12 12:00:00",1992,2,12,-5.5,8.222,3.167,NA,NA,NA,FALSE,FALSE
19920213,"1992-02-13 12:00:00","1992-02-13 12:00:00",1992,2,13,-4.889,5.278,0,0.254,NA,NA,FALSE,FALSE
19920214,"1992-02-14 12:00:00","1992-02-14 12:00:00",1992,2,14,-5.111,7.5,2,0,NA,NA,FALSE,FALSE
19920215,"1992-02-15 12:00:00","1992-02-15 12:00:00",1992,2,15,-0.889,9.389,3.444,0,NA,NA,FALSE,FALSE
19920216,"1992-02-16 12:00:00","1992-02-16 12:00:00",1992,2,16,-4.389,2.5,-1.722,0,NA,NA,FALSE,FALSE
19920217,"1992-02-17 12:00:00","1992-02-17 12:00:00",1992,2,17,-6.222,6.278,-0.444,0,NA,NA,FALSE,FALSE
19920218,"1992-02-18 12:00:00","1992-02-18 12:00:00",1992,2,18,-5.722,8.5,0.5,0,NA,NA,FALSE,FALSE
19920219,"1992-02-19 12:00:00","1992-02-19 12:00:00",1992,2,19,-5.611,4.222,-1.778,0,NA,NA,FALSE,FALSE
19920220,"1992-02-20 12:00:00","1992-02-20 12:00:00",1992,2,20,-6,4.222,-0.667,NA,NA,NA,FALSE,FALSE
19920221,"1992-02-21 12:00:00","1992-02-21 12:00:00",1992,2,21,-4.278,3.222,-0.556,0.254,NA,NA,FALSE,FALSE
19920222,"1992-02-22 12:00:00","1992-02-22 12:00:00",1992,2,22,-4.722,9,2.5,0,NA,NA,FALSE,FALSE
19920223,"1992-02-23 12:00:00","1992-02-23 12:00:00",1992,2,23,-1.889,8.722,2.611,0.508,NA,NA,FALSE,FALSE
19920224,"1992-02-24 12:00:00","1992-02-24 12:00:00",1992,2,24,-0.778,6.889,3.389,0.254,NA,NA,FALSE,FALSE
19920225,"1992-02-25 12:00:00","1992-02-25 12:00:00",1992,2,25,-2.389,11.611,4,0,NA,NA,FALSE,FALSE
19920226,"1992-02-26 12:00:00","1992-02-26 12:00:00",1992,2,26,-3.222,15.611,7.944,0,NA,NA,FALSE,FALSE
19920227,"1992-02-27 12:00:00","1992-02-27 12:00:00",1992,2,27,3.389,19.889,14.056,0,NA,NA,FALSE,FALSE
19920228,"1992-02-28 12:00:00","1992-02-28 12:00:00",1992,2,28,10.722,17.722,15.556,2.032,NA,NA,FALSE,FALSE
19920229,"1992-02-29 12:00:00","1992-02-29 12:00:00",1992,2,29,11.278,18.222,13.889,0.508,NA,NA,FALSE,FALSE
19920301,"1992-03-01 12:00:00","1992-03-01 12:00:00",1992,3,1,9.222,16.611,11.667,0,NA,NA,FALSE,FALSE
19920302,"1992-03-02 12:00:00","1992-03-02 12:00:00",1992,3,2,5.111,10.722,7,5.08,NA,NA,FALSE,FALSE
19920303,"1992-03-03 12:00:00","1992-03-03 12:00:00",1992,3,3,2.222,12.222,6.611,0,NA,NA,FALSE,FALSE
19920304,"1992-03-04 12:00:00","1992-03-04 12:00:00",1992,3,4,1.278,10.611,6.556,0,NA,NA,FALSE,FALSE
19920305,"1992-03-05 12:00:00","1992-03-05 12:00:00",1992,3,5,2,5.722,2.778,3.048,NA,NA,FALSE,FALSE
19920306,"1992-03-06 12:00:00","1992-03-06 12:00:00",1992,3,6,-1.278,7.222,2.611,1.016,NA,NA,FALSE,FALSE
19920307,"1992-03-07 12:00:00","1992-03-07 12:00:00",1992,3,7,-2.222,10.111,3.167,0.254,NA,NA,FALSE,FALSE
19920308,"1992-03-08 12:00:00","1992-03-08 12:00:00",1992,3,8,-2,12.778,4.944,0,NA,NA,FALSE,FALSE
19920309,"1992-03-09 12:00:00","1992-03-09 12:00:00",1992,3,9,-0.389,14.778,6.5,0,NA,NA,FALSE,FALSE
19920310,"1992-03-10 12:00:00","1992-03-10 12:00:00",1992,3,10,-2,13.722,4.889,0,NA,NA,FALSE,FALSE
19920311,"1992-03-11 12:00:00","1992-03-11 12:00:00",1992,3,11,-2.5,17.889,8.611,0,NA,NA,FALSE,FALSE
19920312,"1992-03-12 12:00:00","1992-03-12 12:00:00",1992,3,12,1.278,16.278,7.722,0,NA,NA,FALSE,FALSE
19920313,"1992-03-13 12:00:00","1992-03-13 12:00:00",1992,3,13,0.889,19,9.722,0,NA,NA,FALSE,FALSE
19920314,"1992-03-14 12:00:00","1992-03-14 12:00:00",1992,3,14,3.111,19.389,13.278,NA,NA,NA,FALSE,FALSE
19920315,"1992-03-15 12:00:00","1992-03-15 12:00:00",1992,3,15,7.222,19.5,12.111,0.254,NA,NA,FALSE,FALSE
19920316,"1992-03-16 12:00:00","1992-03-16 12:00:00",1992,3,16,3.889,13,7.389,0.254,NA,NA,FALSE,FALSE
19920317,"1992-03-17 12:00:00","1992-03-17 12:00:00",1992,3,17,2.278,9,4.722,7.112,NA,NA,FALSE,FALSE
19920318,"1992-03-18 12:00:00","1992-03-18 12:00:00",1992,3,18,1.778,9.722,6.167,11.938,NA,NA,FALSE,FALSE
19920319,"1992-03-19 12:00:00","1992-03-19 12:00:00",1992,3,19,4.778,11.5,7.5,2.032,NA,NA,FALSE,FALSE
19920320,"1992-03-20 12:00:00","1992-03-20 12:00:00",1992,3,20,3.778,10.222,6.667,4.064,NA,NA,FALSE,FALSE
19920321,"1992-03-21 12:00:00","1992-03-21 12:00:00",1992,3,21,-0.222,10.778,4.111,7.874,NA,NA,FALSE,FALSE
19920322,"1992-03-22 12:00:00","1992-03-22 12:00:00",1992,3,22,-0.5,15.278,9.056,0,NA,NA,FALSE,FALSE
19920323,"1992-03-23 12:00:00","1992-03-23 12:00:00",1992,3,23,4.778,10,7.167,9.906,NA,NA,FALSE,FALSE
19920324,"1992-03-24 12:00:00","1992-03-24 12:00:00",1992,3,24,4.778,10,7.111,2.032,NA,NA,FALSE,FALSE
19920325,"1992-03-25 12:00:00","1992-03-25 12:00:00",1992,3,25,4,12.722,9.5,0,NA,NA,FALSE,FALSE
19920326,"1992-03-26 12:00:00","1992-03-26 12:00:00",1992,3,26,7.5,17.889,12.111,0,NA,NA,FALSE,FALSE
19920327,"1992-03-27 12:00:00","1992-03-27 12:00:00",1992,3,27,8.278,20,13.5,0,NA,NA,FALSE,FALSE
19920328,"1992-03-28 12:00:00","1992-03-28 12:00:00",1992,3,28,8,17,11.889,0,NA,NA,FALSE,FALSE
19920329,"1992-03-29 12:00:00","1992-03-29 12:00:00",1992,3,29,5.111,18.722,11.556,0,NA,NA,FALSE,FALSE
19920330,"1992-03-30 12:00:00","1992-03-30 12:00:00",1992,3,30,3.889,19.889,11.611,0,NA,NA,FALSE,FALSE
19920331,"1992-03-31 12:00:00","1992-03-31 12:00:00",1992,3,31,4.889,18.611,12.667,0,NA,NA,FALSE,FALSE
19920401,"1992-04-01 12:00:00","1992-04-01 12:00:00",1992,4,1,6.778,17.722,11.5,5.08,NA,NA,FALSE,FALSE
19920402,"1992-04-02 12:00:00","1992-04-02 12:00:00",1992,4,2,5.889,19.611,11.778,0,NA,NA,FALSE,FALSE
19920403,"1992-04-03 12:00:00","1992-04-03 12:00:00",1992,4,3,5.611,20,14.333,0,NA,NA,FALSE,FALSE
19920404,"1992-04-04 12:00:00","1992-04-04 12:00:00",1992,4,4,6.222,18.889,12.556,0.254,NA,NA,FALSE,FALSE
19920405,"1992-04-05 12:00:00","1992-04-05 12:00:00",1992,4,5,5.389,23.5,13.722,0,NA,NA,FALSE,FALSE
19920406,"1992-04-06 12:00:00","1992-04-06 12:00:00",1992,4,6,6.778,20.722,14.611,0,NA,NA,FALSE,FALSE
19920407,"1992-04-07 12:00:00","1992-04-07 12:00:00",1992,4,7,8,22.222,13.889,0,NA,NA,FALSE,FALSE
19920408,"1992-04-08 12:00:00","1992-04-08 12:00:00",1992,4,8,7.278,21.222,14.944,7.874,NA,NA,FALSE,FALSE
19920409,"1992-04-09 12:00:00","1992-04-09 12:00:00",1992,4,9,12.889,18.722,15.389,17.018,NA,NA,FALSE,FALSE
19920410,"1992-04-10 12:00:00","1992-04-10 12:00:00",1992,4,10,7.778,14.778,10.722,25.908,NA,NA,FALSE,FALSE
19920411,"1992-04-11 12:00:00","1992-04-11 12:00:00",1992,4,11,3,15.722,8.5,1.016,NA,NA,FALSE,FALSE
19920412,"1992-04-12 12:00:00","1992-04-12 12:00:00",1992,4,12,2.389,10.778,6.111,0.508,NA,NA,FALSE,FALSE
19920413,"1992-04-13 12:00:00","1992-04-13 12:00:00",1992,4,13,1.5,15.389,8.389,0,NA,NA,FALSE,FALSE
19920414,"1992-04-14 12:00:00","1992-04-14 12:00:00",1992,4,14,3.111,17.778,11.111,NA,NA,NA,FALSE,FALSE
19920415,"1992-04-15 12:00:00","1992-04-15 12:00:00",1992,4,15,3.778,12,7.111,1.016,NA,NA,FALSE,FALSE
19920416,"1992-04-16 12:00:00","1992-04-16 12:00:00",1992,4,16,3.222,14.222,8.556,0,NA,NA,FALSE,FALSE
19920417,"1992-04-17 12:00:00","1992-04-17 12:00:00",1992,4,17,2.722,19.5,15.5,0,NA,NA,FALSE,FALSE
19920418,"1992-04-18 12:00:00","1992-04-18 12:00:00",1992,4,18,3.722,17.389,10.5,2.032,NA,NA,FALSE,FALSE
19920419,"1992-04-19 12:00:00","1992-04-19 12:00:00",1992,4,19,2.778,20.722,11.722,0,NA,NA,FALSE,FALSE
19920420,"1992-04-20 12:00:00","1992-04-20 12:00:00",1992,4,20,4.611,23.889,16.056,0,NA,NA,FALSE,FALSE
19920421,"1992-04-21 12:00:00","1992-04-21 12:00:00",1992,4,21,11.111,24.889,17.389,2.032,NA,NA,FALSE,FALSE
19920422,"1992-04-22 12:00:00","1992-04-22 12:00:00",1992,4,22,6,20,13.444,8.89,NA,NA,FALSE,FALSE
19920423,"1992-04-23 12:00:00","1992-04-23 12:00:00",1992,4,23,5.278,22.722,16.778,0,NA,NA,FALSE,FALSE
19920424,"1992-04-24 12:00:00","1992-04-24 12:00:00",1992,4,24,5.778,21.278,13.333,0,NA,NA,FALSE,FALSE
19920425,"1992-04-25 12:00:00","1992-04-25 12:00:00",1992,4,25,5.222,22.111,13.778,0,NA,NA,FALSE,FALSE
19920426,"1992-04-26 12:00:00","1992-04-26 12:00:00",1992,4,26,6.278,24.778,14.611,0,NA,NA,FALSE,FALSE
19920427,"1992-04-27 12:00:00","1992-04-27 12:00:00",1992,4,27,5.889,25.111,15,0,NA,NA,FALSE,FALSE
19920428,"1992-04-28 12:00:00","1992-04-28 12:00:00",1992,4,28,5.389,24.278,15.722,0,NA,NA,FALSE,FALSE
19920429,"1992-04-29 12:00:00","1992-04-29 12:00:00",1992,4,29,9.889,21,14.889,2.032,NA,NA,FALSE,FALSE
19920430,"1992-04-30 12:00:00","1992-04-30 12:00:00",1992,4,30,7.278,16.222,11.5,5.08,NA,NA,FALSE,FALSE
19920501,"1992-05-01 12:00:00","1992-05-01 12:00:00",1992,5,1,6.5,18.278,12,0,NA,NA,FALSE,FALSE
19920502,"1992-05-02 12:00:00","1992-05-02 12:00:00",1992,5,2,6.5,20.722,14.111,0,NA,NA,FALSE,FALSE
19920503,"1992-05-03 12:00:00","1992-05-03 12:00:00",1992,5,3,6.722,24.111,15.722,0,NA,NA,FALSE,FALSE
19920504,"1992-05-04 12:00:00","1992-05-04 12:00:00",1992,5,4,7.5,29.722,20.556,NA,NA,NA,FALSE,FALSE
19920505,"1992-05-05 12:00:00","1992-05-05 12:00:00",1992,5,5,12.611,18.278,14.278,26.924,NA,NA,FALSE,FALSE
19920506,"1992-05-06 12:00:00","1992-05-06 12:00:00",1992,5,6,12.111,19,16.778,25.908,NA,NA,FALSE,FALSE
19920507,"1992-05-07 12:00:00","1992-05-07 12:00:00",1992,5,7,13,20.5,17.5,29.972,NA,NA,FALSE,FALSE
19920508,"1992-05-08 12:00:00","1992-05-08 12:00:00",1992,5,8,11.389,20.778,15.556,12.954,NA,NA,FALSE,FALSE
19920509,"1992-05-09 12:00:00","1992-05-09 12:00:00",1992,5,9,8.222,19.889,13.778,0,NA,NA,FALSE,FALSE
19920510,"1992-05-10 12:00:00","1992-05-10 12:00:00",1992,5,10,7.278,23.111,15.444,0,NA,NA,FALSE,FALSE
19920511,"1992-05-11 12:00:00","1992-05-11 12:00:00",1992,5,11,9.111,24.722,16.722,0,NA,NA,FALSE,FALSE
19920512,"1992-05-12 12:00:00","1992-05-12 12:00:00",1992,5,12,9.778,23.722,19.611,NA,NA,NA,FALSE,FALSE
19920513,"1992-05-13 12:00:00","1992-05-13 12:00:00",1992,5,13,10.722,19.611,13.778,8.89,NA,NA,FALSE,FALSE
19920514,"1992-05-14 12:00:00","1992-05-14 12:00:00",1992,5,14,10,23.889,17.5,0,NA,NA,FALSE,FALSE
19920515,"1992-05-15 12:00:00","1992-05-15 12:00:00",1992,5,15,13.722,22.222,16.833,0,NA,NA,FALSE,FALSE
19920516,"1992-05-16 12:00:00","1992-05-16 12:00:00",1992,5,16,13.278,20.389,16.333,0,NA,NA,FALSE,FALSE
19920517,"1992-05-17 12:00:00","1992-05-17 12:00:00",1992,5,17,12.389,21.889,15.889,0,NA,NA,FALSE,FALSE
19920518,"1992-05-18 12:00:00","1992-05-18 12:00:00",1992,5,18,10.889,24.222,16.333,0,NA,NA,FALSE,FALSE
19920519,"1992-05-19 12:00:00","1992-05-19 12:00:00",1992,5,19,10.5,25,18,0,NA,NA,FALSE,FALSE
19920520,"1992-05-20 12:00:00","1992-05-20 12:00:00",1992,5,20,12.278,27.778,20.278,0,NA,NA,FALSE,FALSE
19920521,"1992-05-21 12:00:00","1992-05-21 12:00:00",1992,5,21,15.889,27.889,20.056,0,NA,NA,FALSE,FALSE
19920522,"1992-05-22 12:00:00","1992-05-22 12:00:00",1992,5,22,13.611,27.389,20.611,NA,NA,NA,FALSE,FALSE
19920523,"1992-05-23 12:00:00","1992-05-23 12:00:00",1992,5,23,12.5,24,17,4.064,NA,NA,FALSE,FALSE
19920524,"1992-05-24 12:00:00","1992-05-24 12:00:00",1992,5,24,10.278,21.889,15.667,0,NA,NA,FALSE,FALSE
19920525,"1992-05-25 12:00:00","1992-05-25 12:00:00",1992,5,25,9.611,20.5,13.778,1.016,NA,NA,FALSE,FALSE
19920526,"1992-05-26 12:00:00","1992-05-26 12:00:00",1992,5,26,9.889,22,15.778,0,NA,NA,FALSE,FALSE
19920527,"1992-05-27 12:00:00","1992-05-27 12:00:00",1992,5,27,10.111,22.611,16.167,0,NA,NA,FALSE,FALSE
19920528,"1992-05-28 12:00:00","1992-05-28 12:00:00",1992,5,28,10.389,25.5,17.111,NA,NA,NA,FALSE,FALSE
19920529,"1992-05-29 12:00:00","1992-05-29 12:00:00",1992,5,29,14.5,27.778,20.833,0.254,NA,NA,FALSE,FALSE
19920530,"1992-05-30 12:00:00","1992-05-30 12:00:00",1992,5,30,15.111,29.389,21.167,0,NA,NA,FALSE,FALSE
19920531,"1992-05-31 12:00:00","1992-05-31 12:00:00",1992,5,31,15,29.389,21.778,0,NA,NA,FALSE,FALSE
19920601,"1992-06-01 12:00:00","1992-06-01 12:00:00",1992,6,1,15.222,31.5,23.389,0,NA,NA,FALSE,FALSE
19920602,"1992-06-02 12:00:00","1992-06-02 12:00:00",1992,6,2,15.722,32.611,24.111,0,NA,NA,FALSE,FALSE
19920603,"1992-06-03 12:00:00","1992-06-03 12:00:00",1992,6,3,16,26,22.889,0,NA,NA,FALSE,FALSE
19920604,"1992-06-04 12:00:00","1992-06-04 12:00:00",1992,6,4,19.222,23.278,20.667,9.906,NA,NA,FALSE,FALSE
19920605,"1992-06-05 12:00:00","1992-06-05 12:00:00",1992,6,5,18,27.611,21.611,0,NA,NA,FALSE,FALSE
19920606,"1992-06-06 12:00:00","1992-06-06 12:00:00",1992,6,6,17.5,24.389,20.944,0,NA,NA,FALSE,FALSE
19920607,"1992-06-07 12:00:00","1992-06-07 12:00:00",1992,6,7,10,20.889,14.444,8.89,NA,NA,FALSE,FALSE
19920608,"1992-06-08 12:00:00","1992-06-08 12:00:00",1992,6,8,8.722,24.389,19.5,0,NA,NA,FALSE,FALSE
19920609,"1992-06-09 12:00:00","1992-06-09 12:00:00",1992,6,9,17.222,26.778,22.556,0,NA,NA,FALSE,FALSE
19920610,"1992-06-10 12:00:00","1992-06-10 12:00:00",1992,6,10,14.222,22.889,17.611,1.016,NA,NA,FALSE,FALSE
19920611,"1992-06-11 12:00:00","1992-06-11 12:00:00",1992,6,11,13.722,21.722,17.111,0,NA,NA,FALSE,FALSE
19920612,"1992-06-12 12:00:00","1992-06-12 12:00:00",1992,6,12,14,25.389,19.667,0,NA,NA,FALSE,FALSE
19920613,"1992-06-13 12:00:00","1992-06-13 12:00:00",1992,6,13,16.111,27.389,21.833,0,NA,NA,FALSE,FALSE
19920614,"1992-06-14 12:00:00","1992-06-14 12:00:00",1992,6,14,16.222,23.889,19.778,0,NA,NA,FALSE,FALSE
19920615,"1992-06-15 12:00:00","1992-06-15 12:00:00",1992,6,15,15.611,29.611,22.5,0,NA,NA,FALSE,FALSE
19920616,"1992-06-16 12:00:00","1992-06-16 12:00:00",1992,6,16,17,28.778,22.389,0,NA,NA,FALSE,FALSE
19920617,"1992-06-17 12:00:00","1992-06-17 12:00:00",1992,6,17,17.111,28.778,22.611,0,NA,NA,FALSE,FALSE
19920618,"1992-06-18 12:00:00","1992-06-18 12:00:00",1992,6,18,17.222,27.889,21.722,0,NA,NA,FALSE,FALSE
19920619,"1992-06-19 12:00:00","1992-06-19 12:00:00",1992,6,19,16,27.611,20.778,0,NA,NA,FALSE,FALSE
19920620,"1992-06-20 12:00:00","1992-06-20 12:00:00",1992,6,20,15.5,28.222,20.778,0,NA,NA,FALSE,FALSE
19920621,"1992-06-21 12:00:00","1992-06-21 12:00:00",1992,6,21,15.722,27.222,21.667,NA,NA,NA,FALSE,FALSE
19920622,"1992-06-22 12:00:00","1992-06-22 12:00:00",1992,6,22,17.778,24.611,20.722,0.508,NA,NA,FALSE,FALSE
19920623,"1992-06-23 12:00:00","1992-06-23 12:00:00",1992,6,23,18.278,23.722,21,0,NA,NA,FALSE,FALSE
19920624,"1992-06-24 12:00:00","1992-06-24 12:00:00",1992,6,24,16.722,23.111,20,0,NA,NA,FALSE,FALSE
19920625,"1992-06-25 12:00:00","1992-06-25 12:00:00",1992,6,25,15.889,28.611,22.389,0,NA,NA,FALSE,FALSE
19920626,"1992-06-26 12:00:00","1992-06-26 12:00:00",1992,6,26,17.278,29,21.722,1.016,NA,NA,FALSE,FALSE
19920627,"1992-06-27 12:00:00","1992-06-27 12:00:00",1992,6,27,18,29.889,22.444,21.082,NA,NA,FALSE,FALSE
19920628,"1992-06-28 12:00:00","1992-06-28 12:00:00",1992,6,28,17.278,29.5,22.833,0,NA,NA,FALSE,FALSE
19920629,"1992-06-29 12:00:00","1992-06-29 12:00:00",1992,6,29,17.889,29.778,23.722,6.096,NA,NA,FALSE,FALSE
19920630,"1992-06-30 12:00:00","1992-06-30 12:00:00",1992,6,30,19.389,30.611,23.611,0,NA,NA,FALSE,FALSE
19920701,"1992-07-01 12:00:00","1992-07-01 12:00:00",1992,7,1,18.778,27.389,23.222,0,NA,NA,FALSE,FALSE
19920702,"1992-07-02 12:00:00","1992-07-02 12:00:00",1992,7,2,20.778,25.778,23.611,0,NA,NA,FALSE,FALSE
19920703,"1992-07-03 12:00:00","1992-07-03 12:00:00",1992,7,3,21,26.889,23.667,0,NA,NA,FALSE,FALSE
19920704,"1992-07-04 12:00:00","1992-07-04 12:00:00",1992,7,4,19.5,30.5,24.111,0,NA,NA,FALSE,FALSE
19920705,"1992-07-05 12:00:00","1992-07-05 12:00:00",1992,7,5,21.278,31.611,25.056,0,NA,NA,FALSE,FALSE
19920706,"1992-07-06 12:00:00","1992-07-06 12:00:00",1992,7,6,20.389,31.778,25.167,0,NA,NA,FALSE,FALSE
19920707,"1992-07-07 12:00:00","1992-07-07 12:00:00",1992,7,7,21.278,33.111,25.778,0,NA,NA,FALSE,FALSE
19920708,"1992-07-08 12:00:00","1992-07-08 12:00:00",1992,7,8,20.889,32.611,25.944,0,NA,NA,FALSE,FALSE
19920709,"1992-07-09 12:00:00","1992-07-09 12:00:00",1992,7,9,20.111,28.778,25.889,11.938,NA,NA,FALSE,FALSE
19920710,"1992-07-10 12:00:00","1992-07-10 12:00:00",1992,7,10,21.611,29.111,25.5,0,NA,NA,FALSE,FALSE
19920711,"1992-07-11 12:00:00","1992-07-11 12:00:00",1992,7,11,20.889,30.111,25.833,2.032,NA,NA,FALSE,FALSE
19920712,"1992-07-12 12:00:00","1992-07-12 12:00:00",1992,7,12,20.889,25.778,22.056,38.1,NA,NA,FALSE,FALSE
19920713,"1992-07-13 12:00:00","1992-07-13 12:00:00",1992,7,13,21.278,29.278,25.333,0,NA,NA,FALSE,FALSE
19920714,"1992-07-14 12:00:00","1992-07-14 12:00:00",1992,7,14,20.722,29.389,24.444,0,NA,NA,FALSE,FALSE
19920715,"1992-07-15 12:00:00","1992-07-15 12:00:00",1992,7,15,20.111,28.111,24.333,NA,NA,NA,FALSE,FALSE
19920716,"1992-07-16 12:00:00","1992-07-16 12:00:00",1992,7,16,20.889,23.222,21.833,350.012,NA,NA,FALSE,FALSE
19920717,"1992-07-17 12:00:00","1992-07-17 12:00:00",1992,7,17,20.722,26,24,0,NA,NA,FALSE,FALSE
19920718,"1992-07-18 12:00:00","1992-07-18 12:00:00",1992,7,18,21.611,29.889,25.889,3.048,NA,NA,FALSE,FALSE
19920719,"1992-07-19 12:00:00","1992-07-19 12:00:00",1992,7,19,23.111,30.5,26.833,0,NA,NA,FALSE,FALSE
19920720,"1992-07-20 12:00:00","1992-07-20 12:00:00",1992,7,20,24.5,30.611,27.833,35.052,NA,NA,FALSE,FALSE
19920721,"1992-07-21 12:00:00","1992-07-21 12:00:00",1992,7,21,25.222,31.389,28,0,NA,NA,FALSE,FALSE
19920722,"1992-07-22 12:00:00","1992-07-22 12:00:00",1992,7,22,25.278,29.389,26.667,2.032,NA,NA,FALSE,FALSE
19920723,"1992-07-23 12:00:00","1992-07-23 12:00:00",1992,7,23,24.778,33.278,28,23.876,NA,NA,FALSE,FALSE
19920724,"1992-07-24 12:00:00","1992-07-24 12:00:00",1992,7,24,25,32.889,27.889,0,NA,NA,FALSE,FALSE
19920725,"1992-07-25 12:00:00","1992-07-25 12:00:00",1992,7,25,24.278,32.611,27.889,0,NA,NA,FALSE,FALSE
19920726,"1992-07-26 12:00:00","1992-07-26 12:00:00",1992,7,26,24.722,32.222,27.667,0,NA,NA,FALSE,FALSE
19920727,"1992-07-27 12:00:00","1992-07-27 12:00:00",1992,7,27,24.222,32.389,27.611,0,NA,NA,FALSE,FALSE
19920728,"1992-07-28 12:00:00","1992-07-28 12:00:00",1992,7,28,24.722,33.778,28.389,0,NA,NA,FALSE,FALSE
19920729,"1992-07-29 12:00:00","1992-07-29 12:00:00",1992,7,29,24.278,33.389,28.444,0,NA,NA,FALSE,FALSE
19920730,"1992-07-30 12:00:00","1992-07-30 12:00:00",1992,7,30,25.722,32.111,28.611,0,NA,NA,FALSE,FALSE
19920731,"1992-07-31 12:00:00","1992-07-31 12:00:00",1992,7,31,21.778,31.778,26.556,53.086,NA,NA,FALSE,FALSE
19920801,"1992-08-01 12:00:00","1992-08-01 12:00:00",1992,8,1,21.222,33.111,27.278,0,NA,NA,FALSE,FALSE
19920802,"1992-08-02 12:00:00","1992-08-02 12:00:00",1992,8,2,21.778,33.278,26,330.962,NA,NA,FALSE,FALSE
19920803,"1992-08-03 12:00:00","1992-08-03 12:00:00",1992,8,3,19.778,31.889,25.5,0,NA,NA,FALSE,FALSE
19920804,"1992-08-04 12:00:00","1992-08-04 12:00:00",1992,8,4,18.889,30.5,25.722,0,NA,NA,FALSE,FALSE
19920805,"1992-08-05 12:00:00","1992-08-05 12:00:00",1992,8,5,22.278,26.889,25.278,0,NA,NA,FALSE,FALSE
19920806,"1992-08-06 12:00:00","1992-08-06 12:00:00",1992,8,6,22.722,29.889,27.056,9.906,NA,NA,FALSE,FALSE
19920807,"1992-08-07 12:00:00","1992-08-07 12:00:00",1992,8,7,24.5,31.611,27.278,0,NA,NA,FALSE,FALSE
19920808,"1992-08-08 12:00:00","1992-08-08 12:00:00",1992,8,8,23.778,32.778,27.556,0,NA,NA,FALSE,FALSE
19920809,"1992-08-09 12:00:00","1992-08-09 12:00:00",1992,8,9,24.222,31.722,26.722,0,NA,NA,FALSE,FALSE
19920810,"1992-08-10 12:00:00","1992-08-10 12:00:00",1992,8,10,23.5,32.5,27.056,0,NA,NA,FALSE,FALSE
19920811,"1992-08-11 12:00:00","1992-08-11 12:00:00",1992,8,11,23.222,31.5,26.833,0,NA,NA,FALSE,FALSE
19920812,"1992-08-12 12:00:00","1992-08-12 12:00:00",1992,8,12,22.722,27.778,25.056,225.044,NA,NA,FALSE,FALSE
19920813,"1992-08-13 12:00:00","1992-08-13 12:00:00",1992,8,13,21.889,31.222,26.111,4.064,NA,NA,FALSE,FALSE
19920814,"1992-08-14 12:00:00","1992-08-14 12:00:00",1992,8,14,21.222,25.111,22.278,294.894,NA,NA,FALSE,FALSE
19920815,"1992-08-15 12:00:00","1992-08-15 12:00:00",1992,8,15,21.778,25.5,23.333,45.974,NA,NA,FALSE,FALSE
19920816,"1992-08-16 12:00:00","1992-08-16 12:00:00",1992,8,16,20.778,29.278,25.5,66.04,NA,NA,FALSE,FALSE
19920817,"1992-08-17 12:00:00","1992-08-17 12:00:00",1992,8,17,22.722,29.5,25.889,3.048,NA,NA,FALSE,FALSE
19920818,"1992-08-18 12:00:00","1992-08-18 12:00:00",1992,8,18,22.111,31,25.833,0,NA,NA,FALSE,FALSE
19920819,"1992-08-19 12:00:00","1992-08-19 12:00:00",1992,8,19,21.722,30.778,26.944,0,NA,NA,FALSE,FALSE
19920820,"1992-08-20 12:00:00","1992-08-20 12:00:00",1992,8,20,23.278,33.111,27.667,0,NA,NA,FALSE,FALSE
19920821,"1992-08-21 12:00:00","1992-08-21 12:00:00",1992,8,21,22.778,30.611,26.222,0,NA,NA,FALSE,FALSE
19920822,"1992-08-22 12:00:00","1992-08-22 12:00:00",1992,8,22,22.5,29.389,26,0,NA,NA,FALSE,FALSE
19920823,"1992-08-23 12:00:00","1992-08-23 12:00:00",1992,8,23,23.389,30.5,25.611,0,NA,NA,FALSE,FALSE
19920824,"1992-08-24 12:00:00","1992-08-24 12:00:00",1992,8,24,20.778,30,25.111,36.068,NA,NA,FALSE,FALSE
19920825,"1992-08-25 12:00:00","1992-08-25 12:00:00",1992,8,25,20.389,29.389,24.389,0,NA,NA,FALSE,FALSE
19920826,"1992-08-26 12:00:00","1992-08-26 12:00:00",1992,8,26,22,28.111,25.389,169.926,NA,NA,FALSE,FALSE
19920827,"1992-08-27 12:00:00","1992-08-27 12:00:00",1992,8,27,22.5,27.5,24.778,NA,NA,NA,FALSE,FALSE
19920828,"1992-08-28 12:00:00","1992-08-28 12:00:00",1992,8,28,22.389,33,27.389,0,NA,NA,FALSE,FALSE
19920829,"1992-08-29 12:00:00","1992-08-29 12:00:00",1992,8,29,23.222,32.278,28,0,NA,NA,FALSE,FALSE
19920830,"1992-08-30 12:00:00","1992-08-30 12:00:00",1992,8,30,24.778,31.222,28.333,0,NA,NA,FALSE,FALSE
19920831,"1992-08-31 12:00:00","1992-08-31 12:00:00",1992,8,31,26.278,29,27.556,0,NA,NA,FALSE,FALSE
19920901,"1992-09-01 12:00:00","1992-09-01 12:00:00",1992,9,1,26.611,30,27.778,2.032,NA,NA,FALSE,FALSE
19920902,"1992-09-02 12:00:00","1992-09-02 12:00:00",1992,9,2,23.778,29.611,26.389,155.956,NA,NA,FALSE,FALSE
19920903,"1992-09-03 12:00:00","1992-09-03 12:00:00",1992,9,3,23.278,30.111,26.278,338.074,NA,NA,FALSE,FALSE
19920904,"1992-09-04 12:00:00","1992-09-04 12:00:00",1992,9,4,21,31,25.778,4.064,NA,NA,FALSE,FALSE
19920905,"1992-09-05 12:00:00","1992-09-05 12:00:00",1992,9,5,20.889,31.889,26.778,0,NA,NA,FALSE,FALSE
19920906,"1992-09-06 12:00:00","1992-09-06 12:00:00",1992,9,6,23.222,31.611,26.222,34.036,NA,NA,FALSE,FALSE
19920907,"1992-09-07 12:00:00","1992-09-07 12:00:00",1992,9,7,22.889,26.111,23.722,24.892,NA,NA,FALSE,FALSE
19920908,"1992-09-08 12:00:00","1992-09-08 12:00:00",1992,9,8,15.278,26.278,21.111,87.122,NA,NA,FALSE,FALSE
19920909,"1992-09-09 12:00:00","1992-09-09 12:00:00",1992,9,9,13.778,20.611,17.111,150.114,NA,NA,FALSE,FALSE
19920910,"1992-09-10 12:00:00","1992-09-10 12:00:00",1992,9,10,13,27.611,21.333,13.97,NA,NA,FALSE,FALSE
19920911,"1992-09-11 12:00:00","1992-09-11 12:00:00",1992,9,11,15.889,27.278,21,0,NA,NA,FALSE,FALSE
19920912,"1992-09-12 12:00:00","1992-09-12 12:00:00",1992,9,12,17.389,26.889,21.833,1.016,NA,NA,FALSE,FALSE
19920913,"1992-09-13 12:00:00","1992-09-13 12:00:00",1992,9,13,17.722,21.611,20.111,288.036,NA,NA,FALSE,FALSE
19920914,"1992-09-14 12:00:00","1992-09-14 12:00:00",1992,9,14,15.611,27.222,20.944,8.89,NA,NA,FALSE,FALSE
19920915,"1992-09-15 12:00:00","1992-09-15 12:00:00",1992,9,15,15.222,29.111,22.167,0,NA,NA,FALSE,FALSE
19920916,"1992-09-16 12:00:00","1992-09-16 12:00:00",1992,9,16,16.222,27.5,20.722,0,NA,NA,FALSE,FALSE
19920917,"1992-09-17 12:00:00","1992-09-17 12:00:00",1992,9,17,15.778,25.111,19.778,0,NA,NA,FALSE,FALSE
19920918,"1992-09-18 12:00:00","1992-09-18 12:00:00",1992,9,18,12.889,23.222,18.556,2.032,NA,NA,FALSE,FALSE
19920919,"1992-09-19 12:00:00","1992-09-19 12:00:00",1992,9,19,12.611,28.222,21.722,0,NA,NA,FALSE,FALSE
19920920,"1992-09-20 12:00:00","1992-09-20 12:00:00",1992,9,20,16.778,23.278,20.389,2.032,NA,NA,FALSE,FALSE
19920921,"1992-09-21 12:00:00","1992-09-21 12:00:00",1992,9,21,14.778,25.778,20.333,1.016,NA,NA,FALSE,FALSE
19920922,"1992-09-22 12:00:00","1992-09-22 12:00:00",1992,9,22,14.5,25.722,20.833,NA,NA,NA,FALSE,FALSE
19920923,"1992-09-23 12:00:00","1992-09-23 12:00:00",1992,9,23,17.389,24.778,22.833,2.032,NA,NA,FALSE,FALSE
19920924,"1992-09-24 12:00:00","1992-09-24 12:00:00",1992,9,24,19.389,25.111,22.278,149.098,NA,NA,FALSE,FALSE
19920925,"1992-09-25 12:00:00","1992-09-25 12:00:00",1992,9,25,13.611,23,18.5,26.924,NA,NA,FALSE,FALSE
19920926,"1992-09-26 12:00:00","1992-09-26 12:00:00",1992,9,26,10.111,22.222,16.111,0,NA,NA,FALSE,FALSE
19920927,"1992-09-27 12:00:00","1992-09-27 12:00:00",1992,9,27,9.111,22.778,16.778,0,NA,NA,FALSE,FALSE
19920928,"1992-09-28 12:00:00","1992-09-28 12:00:00",1992,9,28,11.778,21.111,17.056,1.016,NA,NA,FALSE,FALSE
19920929,"1992-09-29 12:00:00","1992-09-29 12:00:00",1992,9,29,11.222,23.389,17.389,18.034,NA,NA,FALSE,FALSE
19920930,"1992-09-30 12:00:00","1992-09-30 12:00:00",1992,9,30,10.611,23.722,17.056,4.064,NA,NA,FALSE,FALSE
19921001,"1992-10-01 12:00:00","1992-10-01 12:00:00",1992,10,1,12,25.222,18.722,0,NA,NA,FALSE,FALSE
19921002,"1992-10-02 12:00:00","1992-10-02 12:00:00",1992,10,2,11.611,26,19.556,0,NA,NA,FALSE,FALSE
19921003,"1992-10-03 12:00:00","1992-10-03 12:00:00",1992,10,3,15.222,23.222,19.5,1.016,NA,NA,FALSE,FALSE
19921004,"1992-10-04 12:00:00","1992-10-04 12:00:00",1992,10,4,13.778,20.611,16.444,25.908,NA,NA,FALSE,FALSE
19921005,"1992-10-05 12:00:00","1992-10-05 12:00:00",1992,10,5,10.611,20.611,15.056,28.956,NA,NA,FALSE,FALSE
19921006,"1992-10-06 12:00:00","1992-10-06 12:00:00",1992,10,6,10,21.278,16.556,0,NA,NA,FALSE,FALSE
19921007,"1992-10-07 12:00:00","1992-10-07 12:00:00",1992,10,7,12.889,20.889,16.889,0,NA,NA,FALSE,FALSE
19921008,"1992-10-08 12:00:00","1992-10-08 12:00:00",1992,10,8,10.222,21.222,15.944,0,NA,NA,FALSE,FALSE
19921009,"1992-10-09 12:00:00","1992-10-09 12:00:00",1992,10,9,9.889,21.222,14.944,0,NA,NA,FALSE,FALSE
19921010,"1992-10-10 12:00:00","1992-10-10 12:00:00",1992,10,10,9.5,20.889,15.444,0,NA,NA,FALSE,FALSE
19921011,"1992-10-11 12:00:00","1992-10-11 12:00:00",1992,10,11,10.611,23.5,16,0,NA,NA,FALSE,FALSE
19921012,"1992-10-12 12:00:00","1992-10-12 12:00:00",1992,10,12,9.611,20.889,15.167,0,NA,NA,FALSE,FALSE
19921013,"1992-10-13 12:00:00","1992-10-13 12:00:00",1992,10,13,10.111,24,16.389,0,NA,NA,FALSE,FALSE
19921014,"1992-10-14 12:00:00","1992-10-14 12:00:00",1992,10,14,10.722,24.111,16.889,0,NA,NA,FALSE,FALSE
19921015,"1992-10-15 12:00:00","1992-10-15 12:00:00",1992,10,15,10.611,23.278,16.444,0,NA,NA,FALSE,FALSE
19921016,"1992-10-16 12:00:00","1992-10-16 12:00:00",1992,10,16,10.889,21.778,15.5,0,NA,NA,FALSE,FALSE
19921017,"1992-10-17 12:00:00","1992-10-17 12:00:00",1992,10,17,9.611,19.611,14.056,8.89,NA,NA,FALSE,FALSE
19921018,"1992-10-18 12:00:00","1992-10-18 12:00:00",1992,10,18,8.389,20.611,13.778,0,NA,NA,FALSE,FALSE
19921019,"1992-10-19 12:00:00","1992-10-19 12:00:00",1992,10,19,8,20.5,12.111,1.016,NA,NA,FALSE,FALSE
19921020,"1992-10-20 12:00:00","1992-10-20 12:00:00",1992,10,20,7.389,19.778,13,0,NA,NA,FALSE,FALSE
19921021,"1992-10-21 12:00:00","1992-10-21 12:00:00",1992,10,21,7.222,20.611,13.5,0,NA,NA,FALSE,FALSE
19921022,"1992-10-22 12:00:00","1992-10-22 12:00:00",1992,10,22,7.222,19.222,14.333,0,NA,NA,FALSE,FALSE
19921023,"1992-10-23 12:00:00","1992-10-23 12:00:00",1992,10,23,11,18.889,15,0,NA,NA,FALSE,FALSE
19921024,"1992-10-24 12:00:00","1992-10-24 12:00:00",1992,10,24,8.222,15.222,11.222,0.508,NA,NA,FALSE,FALSE
19921025,"1992-10-25 12:00:00","1992-10-25 12:00:00",1992,10,25,7.389,15,11.444,4.064,NA,NA,FALSE,FALSE
19921026,"1992-10-26 12:00:00","1992-10-26 12:00:00",1992,10,26,4.778,17.5,10.889,0,NA,NA,FALSE,FALSE
19921027,"1992-10-27 12:00:00","1992-10-27 12:00:00",1992,10,27,3.778,19.222,10.833,0,NA,NA,FALSE,FALSE
19921028,"1992-10-28 12:00:00","1992-10-28 12:00:00",1992,10,28,3.5,18.611,11.333,0,NA,NA,FALSE,FALSE
19921029,"1992-10-29 12:00:00","1992-10-29 12:00:00",1992,10,29,5.611,18.889,13.722,0,NA,NA,FALSE,FALSE
19921030,"1992-10-30 12:00:00","1992-10-30 12:00:00",1992,10,30,6.889,15.722,10.889,5.08,NA,NA,FALSE,FALSE
19921031,"1992-10-31 12:00:00","1992-10-31 12:00:00",1992,10,31,6,18.111,11.389,1.016,NA,NA,FALSE,FALSE
19921101,"1992-11-01 12:00:00","1992-11-01 12:00:00",1992,11,1,2.889,14.111,8.056,2.032,NA,NA,FALSE,FALSE
19921102,"1992-11-02 12:00:00","1992-11-02 12:00:00",1992,11,2,2.278,18.611,11.389,0,NA,NA,FALSE,FALSE
19921103,"1992-11-03 12:00:00","1992-11-03 12:00:00",1992,11,3,8.389,14.5,11.389,0.508,NA,NA,FALSE,FALSE
19921104,"1992-11-04 12:00:00","1992-11-04 12:00:00",1992,11,4,6.778,17.111,10.444,0,NA,NA,FALSE,FALSE
19921105,"1992-11-05 12:00:00","1992-11-05 12:00:00",1992,11,5,3.722,13.389,9.167,1.016,NA,NA,FALSE,FALSE
19921106,"1992-11-06 12:00:00","1992-11-06 12:00:00",1992,11,6,3.389,19,11.556,0.508,NA,NA,FALSE,FALSE
19921107,"1992-11-07 12:00:00","1992-11-07 12:00:00",1992,11,7,5,20.889,13.5,0,NA,NA,FALSE,FALSE
19921108,"1992-11-08 12:00:00","1992-11-08 12:00:00",1992,11,8,7.5,15.389,11.444,0.254,NA,NA,FALSE,FALSE
19921109,"1992-11-09 12:00:00","1992-11-09 12:00:00",1992,11,9,3.5,10.389,5.833,9.906,NA,NA,FALSE,FALSE
19921110,"1992-11-10 12:00:00","1992-11-10 12:00:00",1992,11,10,2.778,7.611,6.389,6.096,NA,NA,FALSE,FALSE
19921111,"1992-11-11 12:00:00","1992-11-11 12:00:00",1992,11,11,3.5,14.278,8.056,2.032,NA,NA,FALSE,FALSE
19921112,"1992-11-12 12:00:00","1992-11-12 12:00:00",1992,11,12,3.222,15.889,9.833,0,NA,NA,FALSE,FALSE
19921113,"1992-11-13 12:00:00","1992-11-13 12:00:00",1992,11,13,6.778,18.611,11.611,0,NA,NA,FALSE,FALSE
19921114,"1992-11-14 12:00:00","1992-11-14 12:00:00",1992,11,14,4.111,17.5,10.167,0,NA,NA,FALSE,FALSE
19921115,"1992-11-15 12:00:00","1992-11-15 12:00:00",1992,11,15,3.778,12.889,7.722,0,NA,NA,FALSE,FALSE
19921116,"1992-11-16 12:00:00","1992-11-16 12:00:00",1992,11,16,-0.111,11.889,5.667,0,NA,NA,FALSE,FALSE
19921117,"1992-11-17 12:00:00","1992-11-17 12:00:00",1992,11,17,-0.611,15.222,5.889,0,NA,NA,FALSE,FALSE
19921118,"1992-11-18 12:00:00","1992-11-18 12:00:00",1992,11,18,1.722,17,10.833,0,NA,NA,FALSE,FALSE
19921119,"1992-11-19 12:00:00","1992-11-19 12:00:00",1992,11,19,6.389,20,12.444,9.906,NA,NA,FALSE,FALSE
19921120,"1992-11-20 12:00:00","1992-11-20 12:00:00",1992,11,20,-0.611,9.222,2.167,1.016,NA,NA,FALSE,FALSE
19921121,"1992-11-21 12:00:00","1992-11-21 12:00:00",1992,11,21,-0.722,9.5,4.278,0,NA,NA,FALSE,FALSE
19921122,"1992-11-22 12:00:00","1992-11-22 12:00:00",1992,11,22,1.111,13.389,7.389,0,NA,NA,FALSE,FALSE
19921123,"1992-11-23 12:00:00","1992-11-23 12:00:00",1992,11,23,1.722,14,7.167,0,NA,NA,FALSE,FALSE
19921124,"1992-11-24 12:00:00","1992-11-24 12:00:00",1992,11,24,0.5,13.722,7.611,0,NA,NA,FALSE,FALSE
19921125,"1992-11-25 12:00:00","1992-11-25 12:00:00",1992,11,25,-1.278,11.889,4.722,0,NA,NA,FALSE,FALSE
19921126,"1992-11-26 12:00:00","1992-11-26 12:00:00",1992,11,26,-5.222,3.5,-2.167,0,NA,NA,FALSE,FALSE
19921127,"1992-11-27 12:00:00","1992-11-27 12:00:00",1992,11,27,-5.222,7.778,1.722,0,NA,NA,FALSE,FALSE
19921128,"1992-11-28 12:00:00","1992-11-28 12:00:00",1992,11,28,-1.889,13.389,4.722,0,NA,NA,FALSE,FALSE
19921129,"1992-11-29 12:00:00","1992-11-29 12:00:00",1992,11,29,-1.778,14.389,6.611,0,NA,NA,FALSE,FALSE
19921130,"1992-11-30 12:00:00","1992-11-30 12:00:00",1992,11,30,0.111,16.222,7.722,0,NA,NA,FALSE,FALSE
19921201,"1992-12-01 12:00:00","1992-12-01 12:00:00",1992,12,1,1.611,13.722,5.889,0,NA,NA,FALSE,FALSE
19921202,"1992-12-02 12:00:00","1992-12-02 12:00:00",1992,12,2,-0.278,13,5,0,NA,NA,FALSE,FALSE
19921203,"1992-12-03 12:00:00","1992-12-03 12:00:00",1992,12,3,-0.222,11.611,5,0,NA,NA,FALSE,FALSE
19921204,"1992-12-04 12:00:00","1992-12-04 12:00:00",1992,12,4,-0.5,14.389,7.556,0,NA,NA,FALSE,FALSE
19921205,"1992-12-05 12:00:00","1992-12-05 12:00:00",1992,12,5,5,16,11.389,NA,NA,NA,FALSE,FALSE
19921206,"1992-12-06 12:00:00","1992-12-06 12:00:00",1992,12,6,9.222,17,13.833,13.97,NA,NA,FALSE,FALSE
19921207,"1992-12-07 12:00:00","1992-12-07 12:00:00",1992,12,7,9,15,11.556,5.08,NA,NA,FALSE,FALSE
19921208,"1992-12-08 12:00:00","1992-12-08 12:00:00",1992,12,8,2.722,12.722,7.222,0.254,NA,NA,FALSE,FALSE
19921209,"1992-12-09 12:00:00","1992-12-09 12:00:00",1992,12,9,1.5,9.222,6.222,2.032,NA,NA,FALSE,FALSE
19921210,"1992-12-10 12:00:00","1992-12-10 12:00:00",1992,12,10,-0.778,10.222,4.167,2.032,NA,NA,FALSE,FALSE
19921211,"1992-12-11 12:00:00","1992-12-11 12:00:00",1992,12,11,-2.222,4.278,1,2.032,NA,NA,FALSE,FALSE
19921212,"1992-12-12 12:00:00","1992-12-12 12:00:00",1992,12,12,0.111,8.5,5.444,0,NA,NA,FALSE,FALSE
19921213,"1992-12-13 12:00:00","1992-12-13 12:00:00",1992,12,13,-1.722,8.5,2.389,0.254,NA,NA,FALSE,FALSE
19921214,"1992-12-14 12:00:00","1992-12-14 12:00:00",1992,12,14,-2.722,2.722,-0.556,0,NA,NA,FALSE,FALSE
19921215,"1992-12-15 12:00:00","1992-12-15 12:00:00",1992,12,15,-2.5,4.111,0.056,0,NA,NA,FALSE,FALSE
19921216,"1992-12-16 12:00:00","1992-12-16 12:00:00",1992,12,16,-2.278,7.611,3.278,0,NA,NA,FALSE,FALSE
19921217,"1992-12-17 12:00:00","1992-12-17 12:00:00",1992,12,17,-0.778,8.222,3.278,0,NA,NA,FALSE,FALSE
19921218,"1992-12-18 12:00:00","1992-12-18 12:00:00",1992,12,18,-2,8.389,2.556,0,NA,NA,FALSE,FALSE
19921219,"1992-12-19 12:00:00","1992-12-19 12:00:00",1992,12,19,-2.278,6.889,4.833,6.096,NA,NA,FALSE,FALSE
19921220,"1992-12-20 12:00:00","1992-12-20 12:00:00",1992,12,20,5.778,10.222,9,9.906,NA,NA,FALSE,FALSE
19921221,"1992-12-21 12:00:00","1992-12-21 12:00:00",1992,12,21,1.278,9.278,4,1.016,NA,NA,FALSE,FALSE
19921222,"1992-12-22 12:00:00","1992-12-22 12:00:00",1992,12,22,-0.278,6.611,2.389,0,NA,NA,FALSE,FALSE
19921223,"1992-12-23 12:00:00","1992-12-23 12:00:00",1992,12,23,-3.389,2.389,-0.278,2.032,NA,NA,FALSE,FALSE
19921224,"1992-12-24 12:00:00","1992-12-24 12:00:00",1992,12,24,-5.222,2.778,-2,2.032,NA,NA,FALSE,FALSE
19921225,"1992-12-25 12:00:00","1992-12-25 12:00:00",1992,12,25,-6,6.111,-0.611,0,NA,NA,FALSE,FALSE
19921226,"1992-12-26 12:00:00","1992-12-26 12:00:00",1992,12,26,-4.778,9.222,3.278,NA,NA,NA,FALSE,FALSE
19921227,"1992-12-27 12:00:00","1992-12-27 12:00:00",1992,12,27,1.778,7.778,5.611,9.906,NA,NA,FALSE,FALSE
19921228,"1992-12-28 12:00:00","1992-12-28 12:00:00",1992,12,28,3.778,8.389,5.944,1.016,NA,NA,FALSE,FALSE
19921229,"1992-12-29 12:00:00","1992-12-29 12:00:00",1992,12,29,-1.889,7.5,2.333,0,NA,NA,FALSE,FALSE
19921230,"1992-12-30 12:00:00","1992-12-30 12:00:00",1992,12,30,-2.5,9.222,3.389,0,NA,NA,FALSE,FALSE
19921231,"1992-12-31 12:00:00","1992-12-31 12:00:00",1992,12,31,-4.889,7,1,0,NA,NA,FALSE,FALSE
19930101,"1993-01-01 12:00:00","1993-01-01 12:00:00",1993,1,1,-5.611,8.111,1.278,0,NA,NA,FALSE,FALSE
19930102,"1993-01-02 12:00:00","1993-01-02 12:00:00",1993,1,2,-3.222,11.111,5.722,0,NA,NA,FALSE,FALSE
19930103,"1993-01-03 12:00:00","1993-01-03 12:00:00",1993,1,3,-1.722,7.778,2.889,0,NA,NA,FALSE,FALSE
19930104,"1993-01-04 12:00:00","1993-01-04 12:00:00",1993,1,4,-3.611,4.889,-0.889,0,NA,NA,FALSE,FALSE
19930105,"1993-01-05 12:00:00","1993-01-05 12:00:00",1993,1,5,-4,8.5,2.389,0,NA,NA,FALSE,FALSE
19930106,"1993-01-06 12:00:00","1993-01-06 12:00:00",1993,1,6,-1.111,7.222,5.444,3.048,NA,NA,FALSE,FALSE
19930107,"1993-01-07 12:00:00","1993-01-07 12:00:00",1993,1,7,0.5,6.389,2.278,7.112,NA,NA,FALSE,FALSE
19930108,"1993-01-08 12:00:00","1993-01-08 12:00:00",1993,1,8,-0.722,6.389,3.222,6.096,NA,NA,FALSE,FALSE
19930109,"1993-01-09 12:00:00","1993-01-09 12:00:00",1993,1,9,2.389,6.5,4.278,5.08,NA,NA,FALSE,FALSE
19930110,"1993-01-10 12:00:00","1993-01-10 12:00:00",1993,1,10,0.222,5.611,2.389,0.254,NA,NA,FALSE,FALSE
19930111,"1993-01-11 12:00:00","1993-01-11 12:00:00",1993,1,11,-3.222,4,-0.222,0,NA,NA,FALSE,FALSE
19930112,"1993-01-12 12:00:00","1993-01-12 12:00:00",1993,1,12,-3.778,5.111,1.389,0,NA,NA,FALSE,FALSE
19930113,"1993-01-13 12:00:00","1993-01-13 12:00:00",1993,1,13,-0.778,3.5,0.611,2.032,NA,NA,FALSE,FALSE
19930114,"1993-01-14 12:00:00","1993-01-14 12:00:00",1993,1,14,-2.889,2.111,-0.167,2.032,NA,NA,FALSE,FALSE
19930115,"1993-01-15 12:00:00","1993-01-15 12:00:00",1993,1,15,-3.889,1.111,-1.611,0,NA,NA,FALSE,FALSE
19930116,"1993-01-16 12:00:00","1993-01-16 12:00:00",1993,1,16,-4.389,-0.222,-2.222,0,NA,NA,FALSE,FALSE
19930117,"1993-01-17 12:00:00","1993-01-17 12:00:00",1993,1,17,-3.5,2.5,-1,0,NA,NA,FALSE,FALSE
19930118,"1993-01-18 12:00:00","1993-01-18 12:00:00",1993,1,18,-7.111,-1,-4.222,3.048,NA,NA,FALSE,FALSE
19930119,"1993-01-19 12:00:00","1993-01-19 12:00:00",1993,1,19,-7.722,0.389,-3.667,0,NA,NA,FALSE,FALSE
19930120,"1993-01-20 12:00:00","1993-01-20 12:00:00",1993,1,20,-6.222,0.222,-3.722,0,NA,NA,FALSE,FALSE
19930121,"1993-01-21 12:00:00","1993-01-21 12:00:00",1993,1,21,-6.889,1.611,-3,0,NA,NA,FALSE,FALSE
19930122,"1993-01-22 12:00:00","1993-01-22 12:00:00",1993,1,22,-7.278,5.722,-1.889,0,NA,NA,FALSE,FALSE
19930123,"1993-01-23 12:00:00","1993-01-23 12:00:00",1993,1,23,-4.111,3.889,0.389,0,NA,NA,FALSE,FALSE
19930124,"1993-01-24 12:00:00","1993-01-24 12:00:00",1993,1,24,-3.278,2.389,0.667,0,NA,NA,FALSE,FALSE
19930125,"1993-01-25 12:00:00","1993-01-25 12:00:00",1993,1,25,-0.611,7.778,2.667,0,NA,NA,FALSE,FALSE
19930126,"1993-01-26 12:00:00","1993-01-26 12:00:00",1993,1,26,-1.389,7.722,2.5,0,NA,NA,FALSE,FALSE
19930127,"1993-01-27 12:00:00","1993-01-27 12:00:00",1993,1,27,-4.5,1.778,-2.778,2.032,NA,NA,FALSE,FALSE
19930128,"1993-01-28 12:00:00","1993-01-28 12:00:00",1993,1,28,-5.889,-0.5,-3.111,4.064,NA,NA,FALSE,FALSE
19930129,"1993-01-29 12:00:00","1993-01-29 12:00:00",1993,1,29,-7.889,3.611,-0.611,0,NA,NA,FALSE,FALSE
19930130,"1993-01-30 12:00:00","1993-01-30 12:00:00",1993,1,30,-2.111,7.111,1.667,0,NA,NA,FALSE,FALSE
19930131,"1993-01-31 12:00:00","1993-01-31 12:00:00",1993,1,31,-1.778,8.278,2.389,0,NA,NA,FALSE,FALSE
19930201,"1993-02-01 12:00:00","1993-02-01 12:00:00",1993,2,1,-1.722,5.222,1.389,0,NA,NA,FALSE,FALSE
19930202,"1993-02-02 12:00:00","1993-02-02 12:00:00",1993,2,2,-4.222,7.889,1.222,0,NA,NA,FALSE,FALSE
19930203,"1993-02-03 12:00:00","1993-02-03 12:00:00",1993,2,3,-5.111,7.5,2.556,0,NA,NA,FALSE,FALSE
19930204,"1993-02-04 12:00:00","1993-02-04 12:00:00",1993,2,4,-1.222,11.278,4.056,0,NA,NA,FALSE,FALSE
19930205,"1993-02-05 12:00:00","1993-02-05 12:00:00",1993,2,5,-2.278,16.111,8.944,0,NA,NA,FALSE,FALSE
19930206,"1993-02-06 12:00:00","1993-02-06 12:00:00",1993,2,6,2.778,18.722,10.333,NA,NA,NA,FALSE,FALSE
19930207,"1993-02-07 12:00:00","1993-02-07 12:00:00",1993,2,7,-2.722,7.611,0.222,0.254,NA,NA,FALSE,FALSE
19930208,"1993-02-08 12:00:00","1993-02-08 12:00:00",1993,2,8,-4.222,4.389,-0.5,0,NA,NA,FALSE,FALSE
19930209,"1993-02-09 12:00:00","1993-02-09 12:00:00",1993,2,9,-3.889,4.778,-0.333,0,NA,NA,FALSE,FALSE
19930210,"1993-02-10 12:00:00","1993-02-10 12:00:00",1993,2,10,-5.111,8.5,2.167,0,NA,NA,FALSE,FALSE
19930211,"1993-02-11 12:00:00","1993-02-11 12:00:00",1993,2,11,-3.111,7.389,1.333,1.016,NA,NA,FALSE,FALSE
19930212,"1993-02-12 12:00:00","1993-02-12 12:00:00",1993,2,12,-5.111,8.722,2.889,0,NA,NA,FALSE,FALSE
19930213,"1993-02-13 12:00:00","1993-02-13 12:00:00",1993,2,13,-2.222,10.889,3.889,0,NA,NA,FALSE,FALSE
19930214,"1993-02-14 12:00:00","1993-02-14 12:00:00",1993,2,14,-3.389,12.889,2.889,0,NA,NA,FALSE,FALSE
19930215,"1993-02-15 12:00:00","1993-02-15 12:00:00",1993,2,15,-3.778,9.5,6.056,0,NA,NA,FALSE,FALSE
19930216,"1993-02-16 12:00:00","1993-02-16 12:00:00",1993,2,16,4.5,11.222,8.556,25.908,NA,NA,FALSE,FALSE
19930217,"1993-02-17 12:00:00","1993-02-17 12:00:00",1993,2,17,0.722,9,4.167,1.016,NA,NA,FALSE,FALSE
19930218,"1993-02-18 12:00:00","1993-02-18 12:00:00",1993,2,18,0.222,11.222,4.167,0,NA,NA,FALSE,FALSE
19930219,"1993-02-19 12:00:00","1993-02-19 12:00:00",1993,2,19,0.611,13.278,5.5,0,NA,NA,FALSE,FALSE
19930220,"1993-02-20 12:00:00","1993-02-20 12:00:00",1993,2,20,0.278,11.611,7.722,5.08,NA,NA,FALSE,FALSE
19930221,"1993-02-21 12:00:00","1993-02-21 12:00:00",1993,2,21,2.389,9.5,5.222,23.876,NA,NA,FALSE,FALSE
19930222,"1993-02-22 12:00:00","1993-02-22 12:00:00",1993,2,22,-4.222,4.5,-1.333,1.016,NA,NA,FALSE,FALSE
19930223,"1993-02-23 12:00:00","1993-02-23 12:00:00",1993,2,23,-4.278,-0.5,-2.778,6.096,NA,NA,FALSE,FALSE
19930224,"1993-02-24 12:00:00","1993-02-24 12:00:00",1993,2,24,-5.222,0.222,-3.167,0.254,NA,NA,FALSE,FALSE
19930225,"1993-02-25 12:00:00","1993-02-25 12:00:00",1993,2,25,-5.5,4.611,-0.444,0,NA,NA,FALSE,FALSE
19930226,"1993-02-26 12:00:00","1993-02-26 12:00:00",1993,2,26,-3.5,6.222,1.056,0,NA,NA,FALSE,FALSE
19930227,"1993-02-27 12:00:00","1993-02-27 12:00:00",1993,2,27,-1.611,4.778,2.444,0,NA,NA,FALSE,FALSE
19930228,"1993-02-28 12:00:00","1993-02-28 12:00:00",1993,2,28,-3.222,5.389,0.389,0.254,NA,NA,FALSE,FALSE
19930301,"1993-03-01 12:00:00","1993-03-01 12:00:00",1993,3,1,-4.722,0.778,-2.611,9.906,NA,NA,FALSE,FALSE
19930302,"1993-03-02 12:00:00","1993-03-02 12:00:00",1993,3,2,-5.111,7,0.444,4.064,NA,NA,FALSE,FALSE
19930303,"1993-03-03 12:00:00","1993-03-03 12:00:00",1993,3,3,-3.5,10,4.389,0,NA,NA,FALSE,FALSE
19930304,"1993-03-04 12:00:00","1993-03-04 12:00:00",1993,3,4,-1,13,5.5,0,NA,NA,FALSE,FALSE
19930305,"1993-03-05 12:00:00","1993-03-05 12:00:00",1993,3,5,-1.278,16.389,8.944,0,NA,NA,FALSE,FALSE
19930306,"1993-03-06 12:00:00","1993-03-06 12:00:00",1993,3,6,4.111,11,7.5,20.066,NA,NA,FALSE,FALSE
19930307,"1993-03-07 12:00:00","1993-03-07 12:00:00",1993,3,7,1.389,6.278,4.111,23.114,NA,NA,FALSE,FALSE
19930308,"1993-03-08 12:00:00","1993-03-08 12:00:00",1993,3,8,-0.5,11.778,4.833,0,NA,NA,FALSE,FALSE
19930309,"1993-03-09 12:00:00","1993-03-09 12:00:00",1993,3,9,-0.889,10.611,3.722,0,NA,NA,FALSE,FALSE
19930310,"1993-03-10 12:00:00","1993-03-10 12:00:00",1993,3,10,-1.389,10.889,5.167,0,NA,NA,FALSE,FALSE
19930311,"1993-03-11 12:00:00","1993-03-11 12:00:00",1993,3,11,0.111,14.5,6.222,0,NA,NA,FALSE,FALSE
19930312,"1993-03-12 12:00:00","1993-03-12 12:00:00",1993,3,12,-0.111,13.278,5.5,0,NA,NA,FALSE,FALSE
19930313,"1993-03-13 12:00:00","1993-03-13 12:00:00",1993,3,13,-0.111,16.889,7.944,0,NA,NA,FALSE,FALSE
19930314,"1993-03-14 12:00:00","1993-03-14 12:00:00",1993,3,14,4.222,15.222,9.722,7.112,NA,NA,FALSE,FALSE
19930315,"1993-03-15 12:00:00","1993-03-15 12:00:00",1993,3,15,2.278,13.111,7.722,23.876,NA,NA,FALSE,FALSE
19930316,"1993-03-16 12:00:00","1993-03-16 12:00:00",1993,3,16,1.611,10.778,6.5,0,NA,NA,FALSE,FALSE
19930317,"1993-03-17 12:00:00","1993-03-17 12:00:00",1993,3,17,0.111,11.389,5.444,1.016,NA,NA,FALSE,FALSE
19930318,"1993-03-18 12:00:00","1993-03-18 12:00:00",1993,3,18,-0.389,11.222,4.556,0,NA,NA,FALSE,FALSE
19930319,"1993-03-19 12:00:00","1993-03-19 12:00:00",1993,3,19,-0.278,10.889,4.889,0,NA,NA,FALSE,FALSE
19930320,"1993-03-20 12:00:00","1993-03-20 12:00:00",1993,3,20,-1.5,12.889,5.5,0,NA,NA,FALSE,FALSE
19930321,"1993-03-21 12:00:00","1993-03-21 12:00:00",1993,3,21,0.111,13.778,6.333,0,NA,NA,FALSE,FALSE
19930322,"1993-03-22 12:00:00","1993-03-22 12:00:00",1993,3,22,-0.111,15.889,8.5,0,NA,NA,FALSE,FALSE
19930323,"1993-03-23 12:00:00","1993-03-23 12:00:00",1993,3,23,5.5,13.889,10.556,NA,NA,NA,FALSE,FALSE
19930324,"1993-03-24 12:00:00","1993-03-24 12:00:00",1993,3,24,3.722,10.611,6.5,21.082,NA,NA,FALSE,FALSE
19930325,"1993-03-25 12:00:00","1993-03-25 12:00:00",1993,3,25,3,17,10.278,10.922,NA,NA,FALSE,FALSE
19930326,"1993-03-26 12:00:00","1993-03-26 12:00:00",1993,3,26,3.722,17.778,10.611,0,NA,NA,FALSE,FALSE
19930327,"1993-03-27 12:00:00","1993-03-27 12:00:00",1993,3,27,3.389,18.778,12,0,NA,NA,FALSE,FALSE
19930328,"1993-03-28 12:00:00","1993-03-28 12:00:00",1993,3,28,2.889,14.611,7.889,0,NA,NA,FALSE,FALSE
19930329,"1993-03-29 12:00:00","1993-03-29 12:00:00",1993,3,29,2.111,13.5,8.278,0,NA,NA,FALSE,FALSE
19930330,"1993-03-30 12:00:00","1993-03-30 12:00:00",1993,3,30,2.889,14,8.333,0,NA,NA,FALSE,FALSE
19930331,"1993-03-31 12:00:00","1993-03-31 12:00:00",1993,3,31,4.278,16.5,10.222,0,NA,NA,FALSE,FALSE
19930401,"1993-04-01 12:00:00","1993-04-01 12:00:00",1993,4,1,3.889,18.611,9.889,0,NA,NA,FALSE,FALSE
19930402,"1993-04-02 12:00:00","1993-04-02 12:00:00",1993,4,2,2.889,21.222,12,0,NA,NA,FALSE,FALSE
19930403,"1993-04-03 12:00:00","1993-04-03 12:00:00",1993,4,3,5,22.111,12.611,0,NA,NA,FALSE,FALSE
19930404,"1993-04-04 12:00:00","1993-04-04 12:00:00",1993,4,4,5.278,17.278,9.333,0,NA,NA,FALSE,FALSE
19930405,"1993-04-05 12:00:00","1993-04-05 12:00:00",1993,4,5,1.889,17.111,9.111,0,NA,NA,FALSE,FALSE
19930406,"1993-04-06 12:00:00","1993-04-06 12:00:00",1993,4,6,1.722,15.722,8.167,0,NA,NA,FALSE,FALSE
19930407,"1993-04-07 12:00:00","1993-04-07 12:00:00",1993,4,7,2,10,4.889,0,NA,NA,FALSE,FALSE
19930408,"1993-04-08 12:00:00","1993-04-08 12:00:00",1993,4,8,0.389,5.222,2.333,1.016,NA,NA,FALSE,FALSE
19930409,"1993-04-09 12:00:00","1993-04-09 12:00:00",1993,4,9,-0.778,12.278,5.222,0,NA,NA,FALSE,FALSE
19930410,"1993-04-10 12:00:00","1993-04-10 12:00:00",1993,4,10,-1.389,11.222,5.111,0.254,NA,NA,FALSE,FALSE
19930411,"1993-04-11 12:00:00","1993-04-11 12:00:00",1993,4,11,0.111,9.389,4.889,0,NA,NA,FALSE,FALSE
19930412,"1993-04-12 12:00:00","1993-04-12 12:00:00",1993,4,12,-0.278,15,7.278,0,NA,NA,FALSE,FALSE
19930413,"1993-04-13 12:00:00","1993-04-13 12:00:00",1993,4,13,1.111,17.278,9.556,0,NA,NA,FALSE,FALSE
19930414,"1993-04-14 12:00:00","1993-04-14 12:00:00",1993,4,14,2.389,20.778,11.722,0,NA,NA,FALSE,FALSE
19930415,"1993-04-15 12:00:00","1993-04-15 12:00:00",1993,4,15,5.778,20.111,12.778,0,NA,NA,FALSE,FALSE
19930416,"1993-04-16 12:00:00","1993-04-16 12:00:00",1993,4,16,5.778,22.111,12.667,0,NA,NA,FALSE,FALSE
19930417,"1993-04-17 12:00:00","1993-04-17 12:00:00",1993,4,17,5.389,21.222,13.167,0,NA,NA,FALSE,FALSE
19930418,"1993-04-18 12:00:00","1993-04-18 12:00:00",1993,4,18,8,21.889,15.389,0,NA,NA,FALSE,FALSE
19930419,"1993-04-19 12:00:00","1993-04-19 12:00:00",1993,4,19,8.278,26.5,16.389,0,NA,NA,FALSE,FALSE
19930420,"1993-04-20 12:00:00","1993-04-20 12:00:00",1993,4,20,8.278,25.5,17.722,0,NA,NA,FALSE,FALSE
19930421,"1993-04-21 12:00:00","1993-04-21 12:00:00",1993,4,21,11.5,21.278,16.333,NA,NA,NA,FALSE,FALSE
19930422,"1993-04-22 12:00:00","1993-04-22 12:00:00",1993,4,22,12.611,25.889,18.944,2.032,NA,NA,FALSE,FALSE
19930423,"1993-04-23 12:00:00","1993-04-23 12:00:00",1993,4,23,15.722,26.389,20.167,0,NA,NA,FALSE,FALSE
19930424,"1993-04-24 12:00:00","1993-04-24 12:00:00",1993,4,24,8.222,19.778,12.667,0,NA,NA,FALSE,FALSE
19930425,"1993-04-25 12:00:00","1993-04-25 12:00:00",1993,4,25,3.222,17.111,10.833,0,NA,NA,FALSE,FALSE
19930426,"1993-04-26 12:00:00","1993-04-26 12:00:00",1993,4,26,2.889,18.778,14.278,0,NA,NA,FALSE,FALSE
19930427,"1993-04-27 12:00:00","1993-04-27 12:00:00",1993,4,27,12,26.222,19.722,NA,NA,NA,FALSE,FALSE
19930428,"1993-04-28 12:00:00","1993-04-28 12:00:00",1993,4,28,14.222,20,17.056,21.082,NA,NA,FALSE,FALSE
19930429,"1993-04-29 12:00:00","1993-04-29 12:00:00",1993,4,29,12.278,19.222,15.167,0.508,NA,NA,FALSE,FALSE
19930430,"1993-04-30 12:00:00","1993-04-30 12:00:00",1993,4,30,11.778,20.5,15.944,0,NA,NA,FALSE,FALSE
19930501,"1993-05-01 12:00:00","1993-05-01 12:00:00",1993,5,1,9.778,15.722,11.556,9.906,NA,NA,FALSE,FALSE
19930502,"1993-05-02 12:00:00","1993-05-02 12:00:00",1993,5,2,9.389,16.889,12.611,36.068,NA,NA,FALSE,FALSE
19930503,"1993-05-03 12:00:00","1993-05-03 12:00:00",1993,5,3,8.889,21.5,15.444,3.048,NA,NA,FALSE,FALSE
19930504,"1993-05-04 12:00:00","1993-05-04 12:00:00",1993,5,4,9.722,23.5,17.444,0,NA,NA,FALSE,FALSE
19930505,"1993-05-05 12:00:00","1993-05-05 12:00:00",1993,5,5,12.389,25,19.278,NA,NA,NA,FALSE,FALSE
19930506,"1993-05-06 12:00:00","1993-05-06 12:00:00",1993,5,6,14.389,20.222,16.611,7.874,NA,NA,FALSE,FALSE
19930507,"1993-05-07 12:00:00","1993-05-07 12:00:00",1993,5,7,13.778,26,19.111,2.032,NA,NA,FALSE,FALSE
19930508,"1993-05-08 12:00:00","1993-05-08 12:00:00",1993,5,8,13.611,24,18.611,0,NA,NA,FALSE,FALSE
19930509,"1993-05-09 12:00:00","1993-05-09 12:00:00",1993,5,9,11,18.111,12.611,17.018,NA,NA,FALSE,FALSE
19930510,"1993-05-10 12:00:00","1993-05-10 12:00:00",1993,5,10,10.278,23.111,16.222,0,NA,NA,FALSE,FALSE
19930511,"1993-05-11 12:00:00","1993-05-11 12:00:00",1993,5,11,9,23.722,19.722,NA,NA,NA,FALSE,FALSE
19930512,"1993-05-12 12:00:00","1993-05-12 12:00:00",1993,5,12,18.111,21.889,20.556,0,NA,NA,FALSE,FALSE
19930513,"1993-05-13 12:00:00","1993-05-13 12:00:00",1993,5,13,13.889,23.5,18.222,11.938,NA,NA,FALSE,FALSE
19930514,"1993-05-14 12:00:00","1993-05-14 12:00:00",1993,5,14,8.722,24.111,16.111,6.096,NA,NA,FALSE,FALSE
19930515,"1993-05-15 12:00:00","1993-05-15 12:00:00",1993,5,15,8.611,25.722,18.833,0,NA,NA,FALSE,FALSE
19930516,"1993-05-16 12:00:00","1993-05-16 12:00:00",1993,5,16,13.5,21.222,17.167,0,NA,NA,FALSE,FALSE
19930517,"1993-05-17 12:00:00","1993-05-17 12:00:00",1993,5,17,11.222,17.611,14,13.97,NA,NA,FALSE,FALSE
19930518,"1993-05-18 12:00:00","1993-05-18 12:00:00",1993,5,18,10.889,25.889,18.778,4.064,NA,NA,FALSE,FALSE
19930519,"1993-05-19 12:00:00","1993-05-19 12:00:00",1993,5,19,12.222,27.278,18.667,0,NA,NA,FALSE,FALSE
19930520,"1993-05-20 12:00:00","1993-05-20 12:00:00",1993,5,20,11.722,30.778,20.944,0,NA,NA,FALSE,FALSE
19930521,"1993-05-21 12:00:00","1993-05-21 12:00:00",1993,5,21,15.611,22.278,17.667,7.112,NA,NA,FALSE,FALSE
19930522,"1993-05-22 12:00:00","1993-05-22 12:00:00",1993,5,22,10.778,23.278,16.556,4.064,NA,NA,FALSE,FALSE
19930523,"1993-05-23 12:00:00","1993-05-23 12:00:00",1993,5,23,10.222,23.389,18.5,0,NA,NA,FALSE,FALSE
19930524,"1993-05-24 12:00:00","1993-05-24 12:00:00",1993,5,24,13.222,25.389,18.778,0,NA,NA,FALSE,FALSE
19930525,"1993-05-25 12:00:00","1993-05-25 12:00:00",1993,5,25,12.611,25.222,19,0,NA,NA,FALSE,FALSE
19930526,"1993-05-26 12:00:00","1993-05-26 12:00:00",1993,5,26,13.222,27.278,20.5,0,NA,NA,FALSE,FALSE
19930527,"1993-05-27 12:00:00","1993-05-27 12:00:00",1993,5,27,13.611,26.889,20.833,0,NA,NA,FALSE,FALSE
19930528,"1993-05-28 12:00:00","1993-05-28 12:00:00",1993,5,28,15.222,30.611,22.111,0,NA,NA,FALSE,FALSE
19930529,"1993-05-29 12:00:00","1993-05-29 12:00:00",1993,5,29,16.222,25.889,20.611,0,NA,NA,FALSE,FALSE
19930530,"1993-05-30 12:00:00","1993-05-30 12:00:00",1993,5,30,15.611,28.389,21.778,0,NA,NA,FALSE,FALSE
19930531,"1993-05-31 12:00:00","1993-05-31 12:00:00",1993,5,31,16.222,30.611,23.389,0,NA,NA,FALSE,FALSE
19930601,"1993-06-01 12:00:00","1993-06-01 12:00:00",1993,6,1,17.611,27,21.944,1.016,NA,NA,FALSE,FALSE
19930602,"1993-06-02 12:00:00","1993-06-02 12:00:00",1993,6,2,13.611,20.222,14.944,36.068,NA,NA,FALSE,FALSE
19930603,"1993-06-03 12:00:00","1993-06-03 12:00:00",1993,6,3,14.222,20.222,16.5,2.032,NA,NA,FALSE,FALSE
19930604,"1993-06-04 12:00:00","1993-06-04 12:00:00",1993,6,4,13.611,25,18.833,0,NA,NA,FALSE,FALSE
19930605,"1993-06-05 12:00:00","1993-06-05 12:00:00",1993,6,5,14.222,28.722,21.278,0,NA,NA,FALSE,FALSE
19930606,"1993-06-06 12:00:00","1993-06-06 12:00:00",1993,6,6,15.611,29,21.444,0,NA,NA,FALSE,FALSE
19930607,"1993-06-07 12:00:00","1993-06-07 12:00:00",1993,6,7,16.389,30.111,23.389,0,NA,NA,FALSE,FALSE
19930608,"1993-06-08 12:00:00","1993-06-08 12:00:00",1993,6,8,17.111,25.222,20.778,0,NA,NA,FALSE,FALSE
19930609,"1993-06-09 12:00:00","1993-06-09 12:00:00",1993,6,9,16.611,28.778,22.556,0,NA,NA,FALSE,FALSE
19930610,"1993-06-10 12:00:00","1993-06-10 12:00:00",1993,6,10,17.778,27.5,21.444,0,NA,NA,FALSE,FALSE
19930611,"1993-06-11 12:00:00","1993-06-11 12:00:00",1993,6,11,17.111,30.111,23.222,0,NA,NA,FALSE,FALSE
19930612,"1993-06-12 12:00:00","1993-06-12 12:00:00",1993,6,12,19.5,26,23.778,0,NA,NA,FALSE,FALSE
19930613,"1993-06-13 12:00:00","1993-06-13 12:00:00",1993,6,13,19.889,24.5,21.889,20.066,NA,NA,FALSE,FALSE
19930614,"1993-06-14 12:00:00","1993-06-14 12:00:00",1993,6,14,19.611,27.222,23.444,0,NA,NA,FALSE,FALSE
19930615,"1993-06-15 12:00:00","1993-06-15 12:00:00",1993,6,15,21.889,28,24.111,0,NA,NA,FALSE,FALSE
19930616,"1993-06-16 12:00:00","1993-06-16 12:00:00",1993,6,16,20.778,26.222,23.167,0,NA,NA,FALSE,FALSE
19930617,"1993-06-17 12:00:00","1993-06-17 12:00:00",1993,6,17,20.611,30.889,24.889,0,NA,NA,FALSE,FALSE
19930618,"1993-06-18 12:00:00","1993-06-18 12:00:00",1993,6,18,21.111,29.611,24.889,0,NA,NA,FALSE,FALSE
19930619,"1993-06-19 12:00:00","1993-06-19 12:00:00",1993,6,19,18.889,31.5,23.778,0,NA,NA,FALSE,FALSE
19930620,"1993-06-20 12:00:00","1993-06-20 12:00:00",1993,6,20,18.611,29.889,22.5,0,NA,NA,FALSE,FALSE
19930621,"1993-06-21 12:00:00","1993-06-21 12:00:00",1993,6,21,18.278,28.611,23.778,0,NA,NA,FALSE,FALSE
19930622,"1993-06-22 12:00:00","1993-06-22 12:00:00",1993,6,22,19,25.111,20.667,5.08,NA,NA,FALSE,FALSE
19930623,"1993-06-23 12:00:00","1993-06-23 12:00:00",1993,6,23,18.389,28.278,22.444,0,NA,NA,FALSE,FALSE
19930624,"1993-06-24 12:00:00","1993-06-24 12:00:00",1993,6,24,18.111,29,23.278,0,NA,NA,FALSE,FALSE
19930625,"1993-06-25 12:00:00","1993-06-25 12:00:00",1993,6,25,18.722,28.5,23.333,0,NA,NA,FALSE,FALSE
19930626,"1993-06-26 12:00:00","1993-06-26 12:00:00",1993,6,26,19.5,29.111,24.111,0,NA,NA,FALSE,FALSE
19930627,"1993-06-27 12:00:00","1993-06-27 12:00:00",1993,6,27,19.5,30.222,24.056,NA,NA,NA,FALSE,FALSE
19930628,"1993-06-28 12:00:00","1993-06-28 12:00:00",1993,6,28,17.5,23.278,19.944,39.878,NA,NA,FALSE,FALSE
19930629,"1993-06-29 12:00:00","1993-06-29 12:00:00",1993,6,29,19.278,23.111,20.889,25.908,NA,NA,FALSE,FALSE
19930630,"1993-06-30 12:00:00","1993-06-30 12:00:00",1993,6,30,18.889,24.778,21.556,0.254,NA,NA,FALSE,FALSE
19930701,"1993-07-01 12:00:00","1993-07-01 12:00:00",1993,7,1,19.611,26,22,4.064,NA,NA,FALSE,FALSE
19930702,"1993-07-02 12:00:00","1993-07-02 12:00:00",1993,7,2,19.278,28.611,23.667,0,NA,NA,FALSE,FALSE
19930703,"1993-07-03 12:00:00","1993-07-03 12:00:00",1993,7,3,20.222,28.389,23.111,0,NA,NA,FALSE,FALSE
19930704,"1993-07-04 12:00:00","1993-07-04 12:00:00",1993,7,4,19.611,30.722,25.056,0,NA,NA,FALSE,FALSE
19930705,"1993-07-05 12:00:00","1993-07-05 12:00:00",1993,7,5,20.5,30.722,24.056,0,NA,NA,FALSE,FALSE
19930706,"1993-07-06 12:00:00","1993-07-06 12:00:00",1993,7,6,20.278,29.222,24.222,0,NA,NA,FALSE,FALSE
19930707,"1993-07-07 12:00:00","1993-07-07 12:00:00",1993,7,7,21.389,31,25.5,0,NA,NA,FALSE,FALSE
19930708,"1993-07-08 12:00:00","1993-07-08 12:00:00",1993,7,8,23.222,28.5,25.167,0.254,NA,NA,FALSE,FALSE
19930709,"1993-07-09 12:00:00","1993-07-09 12:00:00",1993,7,9,23.222,27.389,25.222,1.016,NA,NA,FALSE,FALSE
19930710,"1993-07-10 12:00:00","1993-07-10 12:00:00",1993,7,10,24.889,28.722,25.722,7.112,NA,NA,FALSE,FALSE
19930711,"1993-07-11 12:00:00","1993-07-11 12:00:00",1993,7,11,21.278,27.222,23.278,29.972,NA,NA,FALSE,FALSE
19930712,"1993-07-12 12:00:00","1993-07-12 12:00:00",1993,7,12,21.111,27.5,24.333,143.002,NA,NA,FALSE,FALSE
19930713,"1993-07-13 12:00:00","1993-07-13 12:00:00",1993,7,13,22.611,28,24.778,12.954,NA,NA,FALSE,FALSE
19930714,"1993-07-14 12:00:00","1993-07-14 12:00:00",1993,7,14,22.278,27.889,24.333,41.91,NA,NA,FALSE,FALSE
19930715,"1993-07-15 12:00:00","1993-07-15 12:00:00",1993,7,15,21.5,27.278,23.722,0,NA,NA,FALSE,FALSE
19930716,"1993-07-16 12:00:00","1993-07-16 12:00:00",1993,7,16,21.111,26,23.222,1.016,NA,NA,FALSE,FALSE
19930717,"1993-07-17 12:00:00","1993-07-17 12:00:00",1993,7,17,21.222,25.722,23.333,20.066,NA,NA,FALSE,FALSE
19930718,"1993-07-18 12:00:00","1993-07-18 12:00:00",1993,7,18,21.111,28.778,23.889,0,NA,NA,FALSE,FALSE
19930719,"1993-07-19 12:00:00","1993-07-19 12:00:00",1993,7,19,17.611,25.278,21.556,0.254,NA,NA,FALSE,FALSE
19930720,"1993-07-20 12:00:00","1993-07-20 12:00:00",1993,7,20,16.278,26.889,21.5,0,NA,NA,FALSE,FALSE
19930721,"1993-07-21 12:00:00","1993-07-21 12:00:00",1993,7,21,16,26.889,21.833,0,NA,NA,FALSE,FALSE
19930722,"1993-07-22 12:00:00","1993-07-22 12:00:00",1993,7,22,17.5,26.611,22.556,0,NA,NA,FALSE,FALSE
19930723,"1993-07-23 12:00:00","1993-07-23 12:00:00",1993,7,23,18.778,28.722,24.722,0,NA,NA,FALSE,FALSE
19930724,"1993-07-24 12:00:00","1993-07-24 12:00:00",1993,7,24,21.111,25.222,23.5,3.048,NA,NA,FALSE,FALSE
19930725,"1993-07-25 12:00:00","1993-07-25 12:00:00",1993,7,25,21.5,28.611,24.833,0,NA,NA,FALSE,FALSE
19930726,"1993-07-26 12:00:00","1993-07-26 12:00:00",1993,7,26,21,23.889,22.111,13.97,NA,NA,FALSE,FALSE
19930727,"1993-07-27 12:00:00","1993-07-27 12:00:00",1993,7,27,20.722,27,22.611,11.938,NA,NA,FALSE,FALSE
19930728,"1993-07-28 12:00:00","1993-07-28 12:00:00",1993,7,28,21.611,29.111,25.389,8.89,NA,NA,FALSE,FALSE
19930729,"1993-07-29 12:00:00","1993-07-29 12:00:00",1993,7,29,22.111,27.889,24.611,0.508,NA,NA,FALSE,FALSE
19930730,"1993-07-30 12:00:00","1993-07-30 12:00:00",1993,7,30,20.722,27.611,25.056,0,NA,NA,FALSE,FALSE
19930731,"1993-07-31 12:00:00","1993-07-31 12:00:00",1993,7,31,23,29.889,26.556,0,NA,NA,FALSE,FALSE
19930801,"1993-08-01 12:00:00","1993-08-01 12:00:00",1993,8,1,22.222,25.778,23.222,60.96,NA,NA,FALSE,FALSE
19930802,"1993-08-02 12:00:00","1993-08-02 12:00:00",1993,8,2,21.889,28.778,25.167,7.874,NA,NA,FALSE,FALSE
19930803,"1993-08-03 12:00:00","1993-08-03 12:00:00",1993,8,3,21.389,26.278,23.222,1.016,NA,NA,FALSE,FALSE
19930804,"1993-08-04 12:00:00","1993-08-04 12:00:00",1993,8,4,21,24.889,22.611,0,NA,NA,FALSE,FALSE
19930805,"1993-08-05 12:00:00","1993-08-05 12:00:00",1993,8,5,18.778,26.5,22.278,0,NA,NA,FALSE,FALSE
19930806,"1993-08-06 12:00:00","1993-08-06 12:00:00",1993,8,6,18.389,28.278,23.778,NA,NA,NA,FALSE,FALSE
19930807,"1993-08-07 12:00:00","1993-08-07 12:00:00",1993,8,7,19.722,23.722,22.5,8.89,NA,NA,FALSE,FALSE
19930808,"1993-08-08 12:00:00","1993-08-08 12:00:00",1993,8,8,20.722,26.722,25.556,13.97,NA,NA,FALSE,FALSE
19930809,"1993-08-09 12:00:00","1993-08-09 12:00:00",1993,8,9,23.5,31.722,26.667,4.064,NA,NA,FALSE,FALSE
19930810,"1993-08-10 12:00:00","1993-08-10 12:00:00",1993,8,10,20.611,27,23.778,14.986,NA,NA,FALSE,FALSE
19930811,"1993-08-11 12:00:00","1993-08-11 12:00:00",1993,8,11,20.222,32.222,26.056,0,NA,NA,FALSE,FALSE
19930812,"1993-08-12 12:00:00","1993-08-12 12:00:00",1993,8,12,22.778,26.278,24,4.064,NA,NA,FALSE,FALSE
19930813,"1993-08-13 12:00:00","1993-08-13 12:00:00",1993,8,13,21.722,26.778,23.722,98.044,NA,NA,FALSE,FALSE
19930814,"1993-08-14 12:00:00","1993-08-14 12:00:00",1993,8,14,21.222,29.611,25.278,2.032,NA,NA,FALSE,FALSE
19930815,"1993-08-15 12:00:00","1993-08-15 12:00:00",1993,8,15,20,25.889,22.833,0.508,NA,NA,FALSE,FALSE
19930816,"1993-08-16 12:00:00","1993-08-16 12:00:00",1993,8,16,19.278,29.778,21.278,28.956,NA,NA,FALSE,FALSE
19930817,"1993-08-17 12:00:00","1993-08-17 12:00:00",1993,8,17,18.611,27.611,22.833,7.112,NA,NA,FALSE,FALSE
19930818,"1993-08-18 12:00:00","1993-08-18 12:00:00",1993,8,18,18.111,23.722,20.389,3.048,NA,NA,FALSE,FALSE
19930819,"1993-08-19 12:00:00","1993-08-19 12:00:00",1993,8,19,18.222,27.889,22.778,1.016,NA,NA,FALSE,FALSE
19930820,"1993-08-20 12:00:00","1993-08-20 12:00:00",1993,8,20,19.222,25.222,22.389,23.114,NA,NA,FALSE,FALSE
19930821,"1993-08-21 12:00:00","1993-08-21 12:00:00",1993,8,21,19.778,25.5,22.333,81.026,NA,NA,FALSE,FALSE
19930822,"1993-08-22 12:00:00","1993-08-22 12:00:00",1993,8,22,19.111,28.111,23.222,0.508,NA,NA,FALSE,FALSE
19930823,"1993-08-23 12:00:00","1993-08-23 12:00:00",1993,8,23,18.222,29.778,24.611,0,NA,NA,FALSE,FALSE
19930824,"1993-08-24 12:00:00","1993-08-24 12:00:00",1993,8,24,20.778,27.611,25.889,0.508,NA,NA,FALSE,FALSE
19930825,"1993-08-25 12:00:00","1993-08-25 12:00:00",1993,8,25,22.278,27.722,24.611,9.906,NA,NA,FALSE,FALSE
19930826,"1993-08-26 12:00:00","1993-08-26 12:00:00",1993,8,26,18.778,26.278,22.444,57.912,NA,NA,FALSE,FALSE
19930827,"1993-08-27 12:00:00","1993-08-27 12:00:00",1993,8,27,18.278,28.611,22.944,0.254,NA,NA,FALSE,FALSE
19930828,"1993-08-28 12:00:00","1993-08-28 12:00:00",1993,8,28,17.611,27.5,21.889,0,NA,NA,FALSE,FALSE
19930829,"1993-08-29 12:00:00","1993-08-29 12:00:00",1993,8,29,16.778,25.778,21,0,NA,NA,FALSE,FALSE
19930830,"1993-08-30 12:00:00","1993-08-30 12:00:00",1993,8,30,17,28.889,22.556,0,NA,NA,FALSE,FALSE
19930831,"1993-08-31 12:00:00","1993-08-31 12:00:00",1993,8,31,17,28.722,23.611,0,NA,NA,FALSE,FALSE
19930901,"1993-09-01 12:00:00","1993-09-01 12:00:00",1993,9,1,19.111,26.778,22.611,0.508,NA,NA,FALSE,FALSE
19930902,"1993-09-02 12:00:00","1993-09-02 12:00:00",1993,9,2,18.5,29.111,24.056,0,NA,NA,FALSE,FALSE
19930903,"1993-09-03 12:00:00","1993-09-03 12:00:00",1993,9,3,18.222,26.722,21.444,0,NA,NA,FALSE,FALSE
19930904,"1993-09-04 12:00:00","1993-09-04 12:00:00",1993,9,4,17.889,27.778,22.556,0,NA,NA,FALSE,FALSE
19930905,"1993-09-05 12:00:00","1993-09-05 12:00:00",1993,9,5,18.611,28.111,22.5,0,NA,NA,FALSE,FALSE
19930906,"1993-09-06 12:00:00","1993-09-06 12:00:00",1993,9,6,17,28.889,22.222,0,NA,NA,FALSE,FALSE
19930907,"1993-09-07 12:00:00","1993-09-07 12:00:00",1993,9,7,16.611,27.5,22.444,0,NA,NA,FALSE,FALSE
19930908,"1993-09-08 12:00:00","1993-09-08 12:00:00",1993,9,8,16.778,28.222,22.778,0,NA,NA,FALSE,FALSE
19930909,"1993-09-09 12:00:00","1993-09-09 12:00:00",1993,9,9,18.111,27.111,22.333,0,NA,NA,FALSE,FALSE
19930910,"1993-09-10 12:00:00","1993-09-10 12:00:00",1993,9,10,17.5,26.611,22.611,0,NA,NA,FALSE,FALSE
19930911,"1993-09-11 12:00:00","1993-09-11 12:00:00",1993,9,11,19,25.278,21.556,1.016,NA,NA,FALSE,FALSE
19930912,"1993-09-12 12:00:00","1993-09-12 12:00:00",1993,9,12,18.389,24.389,21.278,0,NA,NA,FALSE,FALSE
19930913,"1993-09-13 12:00:00","1993-09-13 12:00:00",1993,9,13,17.722,24.389,22.056,0,NA,NA,FALSE,FALSE
19930914,"1993-09-14 12:00:00","1993-09-14 12:00:00",1993,9,14,19,29.111,23.667,0,NA,NA,FALSE,FALSE
19930915,"1993-09-15 12:00:00","1993-09-15 12:00:00",1993,9,15,18.722,28.389,23.833,0,NA,NA,FALSE,FALSE
19930916,"1993-09-16 12:00:00","1993-09-16 12:00:00",1993,9,16,18.111,27.389,23.389,16.002,NA,NA,FALSE,FALSE
19930917,"1993-09-17 12:00:00","1993-09-17 12:00:00",1993,9,17,21,26.111,23.667,13.97,NA,NA,FALSE,FALSE
19930918,"1993-09-18 12:00:00","1993-09-18 12:00:00",1993,9,18,15.222,26.5,21.389,0,NA,NA,FALSE,FALSE
19930919,"1993-09-19 12:00:00","1993-09-19 12:00:00",1993,9,19,14.722,27.722,21,0,NA,NA,FALSE,FALSE
19930920,"1993-09-20 12:00:00","1993-09-20 12:00:00",1993,9,20,14.778,23,19.611,0,NA,NA,FALSE,FALSE
19930921,"1993-09-21 12:00:00","1993-09-21 12:00:00",1993,9,21,15.278,28.611,21.278,0,NA,NA,FALSE,FALSE
19930922,"1993-09-22 12:00:00","1993-09-22 12:00:00",1993,9,22,16.889,27.5,22.333,0,NA,NA,FALSE,FALSE
19930923,"1993-09-23 12:00:00","1993-09-23 12:00:00",1993,9,23,12.111,24,18.444,0,NA,NA,FALSE,FALSE
19930924,"1993-09-24 12:00:00","1993-09-24 12:00:00",1993,9,24,11.611,26.111,19.833,NA,NA,NA,FALSE,FALSE
19930925,"1993-09-25 12:00:00","1993-09-25 12:00:00",1993,9,25,13.778,24.111,18.5,2.032,NA,NA,FALSE,FALSE
19930926,"1993-09-26 12:00:00","1993-09-26 12:00:00",1993,9,26,12.278,26,18.667,0,NA,NA,FALSE,FALSE
19930927,"1993-09-27 12:00:00","1993-09-27 12:00:00",1993,9,27,11.889,24.111,19.333,0,NA,NA,FALSE,FALSE
19930928,"1993-09-28 12:00:00","1993-09-28 12:00:00",1993,9,28,16.611,22.389,19.611,1.016,NA,NA,FALSE,FALSE
19930929,"1993-09-29 12:00:00","1993-09-29 12:00:00",1993,9,29,13.389,20.889,17.222,0,NA,NA,FALSE,FALSE
19930930,"1993-09-30 12:00:00","1993-09-30 12:00:00",1993,9,30,10.5,21,15.722,0,NA,NA,FALSE,FALSE
19931001,"1993-10-01 12:00:00","1993-10-01 12:00:00",1993,10,1,10.222,21.611,15.889,0,NA,NA,FALSE,FALSE
19931002,"1993-10-02 12:00:00","1993-10-02 12:00:00",1993,10,2,10.611,19.611,14.778,0,NA,NA,FALSE,FALSE
19931003,"1993-10-03 12:00:00","1993-10-03 12:00:00",1993,10,3,10,23.278,16.5,0,NA,NA,FALSE,FALSE
19931004,"1993-10-04 12:00:00","1993-10-04 12:00:00",1993,10,4,10.722,23.611,17.944,0,NA,NA,FALSE,FALSE
19931005,"1993-10-05 12:00:00","1993-10-05 12:00:00",1993,10,5,13.222,24.111,18.222,0,NA,NA,FALSE,FALSE
19931006,"1993-10-06 12:00:00","1993-10-06 12:00:00",1993,10,6,12.222,22.889,16.833,0,NA,NA,FALSE,FALSE
19931007,"1993-10-07 12:00:00","1993-10-07 12:00:00",1993,10,7,11.5,24.278,17.111,0,NA,NA,FALSE,FALSE
19931008,"1993-10-08 12:00:00","1993-10-08 12:00:00",1993,10,8,9.5,24.5,17.111,0,NA,NA,FALSE,FALSE
19931009,"1993-10-09 12:00:00","1993-10-09 12:00:00",1993,10,9,9.222,25.722,18.556,0,NA,NA,FALSE,FALSE
19931010,"1993-10-10 12:00:00","1993-10-10 12:00:00",1993,10,10,8.222,20.111,14.611,0,NA,NA,FALSE,FALSE
19931011,"1993-10-11 12:00:00","1993-10-11 12:00:00",1993,10,11,7.722,23.5,17.167,0,NA,NA,FALSE,FALSE
19931012,"1993-10-12 12:00:00","1993-10-12 12:00:00",1993,10,12,10.222,23.111,16.833,0,NA,NA,FALSE,FALSE
19931013,"1993-10-13 12:00:00","1993-10-13 12:00:00",1993,10,13,12.889,22.111,17.333,NA,NA,NA,FALSE,FALSE
19931014,"1993-10-14 12:00:00","1993-10-14 12:00:00",1993,10,14,13,21.111,17.056,0,NA,NA,FALSE,FALSE
19931015,"1993-10-15 12:00:00","1993-10-15 12:00:00",1993,10,15,9.778,22.778,15.5,0,NA,NA,FALSE,FALSE
19931016,"1993-10-16 12:00:00","1993-10-16 12:00:00",1993,10,16,9.5,22,15.444,0,NA,NA,FALSE,FALSE
19931017,"1993-10-17 12:00:00","1993-10-17 12:00:00",1993,10,17,10.111,22.722,15.889,0,NA,NA,FALSE,FALSE
19931018,"1993-10-18 12:00:00","1993-10-18 12:00:00",1993,10,18,6.389,19,12.111,0,NA,NA,FALSE,FALSE
19931019,"1993-10-19 12:00:00","1993-10-19 12:00:00",1993,10,19,6.111,20.5,12.556,0,NA,NA,FALSE,FALSE
19931020,"1993-10-20 12:00:00","1993-10-20 12:00:00",1993,10,20,6.889,21.222,13,0,NA,NA,FALSE,FALSE
19931021,"1993-10-21 12:00:00","1993-10-21 12:00:00",1993,10,21,5.889,21.389,12,0,NA,NA,FALSE,FALSE
19931022,"1993-10-22 12:00:00","1993-10-22 12:00:00",1993,10,22,8.222,18.5,12.889,1.016,NA,NA,FALSE,FALSE
19931023,"1993-10-23 12:00:00","1993-10-23 12:00:00",1993,10,23,4.889,14.778,8.833,0,NA,NA,FALSE,FALSE
19931024,"1993-10-24 12:00:00","1993-10-24 12:00:00",1993,10,24,4.111,17.5,11.889,0,NA,NA,FALSE,FALSE
19931025,"1993-10-25 12:00:00","1993-10-25 12:00:00",1993,10,25,6.722,18.389,12.167,0,NA,NA,FALSE,FALSE
19931026,"1993-10-26 12:00:00","1993-10-26 12:00:00",1993,10,26,4.222,18.222,11.111,0,NA,NA,FALSE,FALSE
19931027,"1993-10-27 12:00:00","1993-10-27 12:00:00",1993,10,27,3.5,21,13,0,NA,NA,FALSE,FALSE
19931028,"1993-10-28 12:00:00","1993-10-28 12:00:00",1993,10,28,7.889,18.778,14.667,0.254,NA,NA,FALSE,FALSE
19931029,"1993-10-29 12:00:00","1993-10-29 12:00:00",1993,10,29,9.222,14.778,11.889,32.004,NA,NA,FALSE,FALSE
19931030,"1993-10-30 12:00:00","1993-10-30 12:00:00",1993,10,30,5,12.722,8.389,3.048,NA,NA,FALSE,FALSE
19931031,"1993-10-31 12:00:00","1993-10-31 12:00:00",1993,10,31,4.611,10.278,8.222,3.048,NA,NA,FALSE,FALSE
19931101,"1993-11-01 12:00:00","1993-11-01 12:00:00",1993,11,1,4,19.389,11.611,0,NA,NA,FALSE,FALSE
19931102,"1993-11-02 12:00:00","1993-11-02 12:00:00",1993,11,2,4.722,20.222,11.611,0,NA,NA,FALSE,FALSE
19931103,"1993-11-03 12:00:00","1993-11-03 12:00:00",1993,11,3,4.5,22.111,11.5,0,NA,NA,FALSE,FALSE
19931104,"1993-11-04 12:00:00","1993-11-04 12:00:00",1993,11,4,3.389,22,12.278,0,NA,NA,FALSE,FALSE
19931105,"1993-11-05 12:00:00","1993-11-05 12:00:00",1993,11,5,4.778,21.389,14.889,NA,NA,NA,FALSE,FALSE
19931106,"1993-11-06 12:00:00","1993-11-06 12:00:00",1993,11,6,13.611,17.611,16.222,14.986,NA,NA,FALSE,FALSE
19931107,"1993-11-07 12:00:00","1993-11-07 12:00:00",1993,11,7,10.278,16.389,11.722,4.064,NA,NA,FALSE,FALSE
19931108,"1993-11-08 12:00:00","1993-11-08 12:00:00",1993,11,8,9,18,12.944,1.016,NA,NA,FALSE,FALSE
19931109,"1993-11-09 12:00:00","1993-11-09 12:00:00",1993,11,9,8.111,18.389,12.556,0,NA,NA,FALSE,FALSE
19931110,"1993-11-10 12:00:00","1993-11-10 12:00:00",1993,11,10,9.5,12.722,11.833,5.08,NA,NA,FALSE,FALSE
19931111,"1993-11-11 12:00:00","1993-11-11 12:00:00",1993,11,11,11.722,18,14.556,0,NA,NA,FALSE,FALSE
19931112,"1993-11-12 12:00:00","1993-11-12 12:00:00",1993,11,12,13.222,22.111,18.333,0,NA,NA,FALSE,FALSE
19931113,"1993-11-13 12:00:00","1993-11-13 12:00:00",1993,11,13,12.722,19,14.222,23.876,NA,NA,FALSE,FALSE
19931114,"1993-11-14 12:00:00","1993-11-14 12:00:00",1993,11,14,7.111,18.389,12.556,0.508,NA,NA,FALSE,FALSE
19931115,"1993-11-15 12:00:00","1993-11-15 12:00:00",1993,11,15,6.278,19.778,12.389,0,NA,NA,FALSE,FALSE
19931116,"1993-11-16 12:00:00","1993-11-16 12:00:00",1993,11,16,6.778,20.889,13.833,0,NA,NA,FALSE,FALSE
19931117,"1993-11-17 12:00:00","1993-11-17 12:00:00",1993,11,17,9.722,17.722,14.333,0,NA,NA,FALSE,FALSE
19931118,"1993-11-18 12:00:00","1993-11-18 12:00:00",1993,11,18,4.722,13.389,7.556,0,NA,NA,FALSE,FALSE
19931119,"1993-11-19 12:00:00","1993-11-19 12:00:00",1993,11,19,3.778,16.611,10.833,NA,NA,NA,FALSE,FALSE
19931120,"1993-11-20 12:00:00","1993-11-20 12:00:00",1993,11,20,5.611,18.278,10.833,1.016,NA,NA,FALSE,FALSE
19931121,"1993-11-21 12:00:00","1993-11-21 12:00:00",1993,11,21,0.889,8.722,2.444,8.89,NA,NA,FALSE,FALSE
19931122,"1993-11-22 12:00:00","1993-11-22 12:00:00",1993,11,22,0.278,6.222,4.278,0,NA,NA,FALSE,FALSE
19931123,"1993-11-23 12:00:00","1993-11-23 12:00:00",1993,11,23,-3.389,5.389,-0.778,7.874,NA,NA,FALSE,FALSE
19931124,"1993-11-24 12:00:00","1993-11-24 12:00:00",1993,11,24,-4.111,5.611,2.5,1.016,NA,NA,FALSE,FALSE
19931125,"1993-11-25 12:00:00","1993-11-25 12:00:00",1993,11,25,1.389,11.278,5.944,0,NA,NA,FALSE,FALSE
19931126,"1993-11-26 12:00:00","1993-11-26 12:00:00",1993,11,26,2.5,15.111,7.556,0,NA,NA,FALSE,FALSE
19931127,"1993-11-27 12:00:00","1993-11-27 12:00:00",1993,11,27,2,12.889,7.778,0,NA,NA,FALSE,FALSE
19931128,"1993-11-28 12:00:00","1993-11-28 12:00:00",1993,11,28,1.722,9.278,4.167,0,NA,NA,FALSE,FALSE
19931129,"1993-11-29 12:00:00","1993-11-29 12:00:00",1993,11,29,0.722,8.278,5.778,0,NA,NA,FALSE,FALSE
19931130,"1993-11-30 12:00:00","1993-11-30 12:00:00",1993,11,30,4.389,13.111,9.722,11.938,NA,NA,FALSE,FALSE
19931201,"1993-12-01 12:00:00","1993-12-01 12:00:00",1993,12,1,3.278,12.389,6.889,0,NA,NA,FALSE,FALSE
19931202,"1993-12-02 12:00:00","1993-12-02 12:00:00",1993,12,2,1.5,12.722,7.556,NA,NA,NA,FALSE,FALSE
19931203,"1993-12-03 12:00:00","1993-12-03 12:00:00",1993,12,3,-0.111,2.278,0.722,8.89,NA,NA,FALSE,FALSE
19931204,"1993-12-04 12:00:00","1993-12-04 12:00:00",1993,12,4,-0.5,4.278,2.389,5.08,NA,NA,FALSE,FALSE
19931205,"1993-12-05 12:00:00","1993-12-05 12:00:00",1993,12,5,-1.611,7.278,1.944,1.016,NA,NA,FALSE,FALSE
19931206,"1993-12-06 12:00:00","1993-12-06 12:00:00",1993,12,6,-3,7.111,1.167,0.254,NA,NA,FALSE,FALSE
19931207,"1993-12-07 12:00:00","1993-12-07 12:00:00",1993,12,7,-3.222,9.5,2.333,0,NA,NA,FALSE,FALSE
19931208,"1993-12-08 12:00:00","1993-12-08 12:00:00",1993,12,8,-2.222,11.222,3.556,0,NA,NA,FALSE,FALSE
19931209,"1993-12-09 12:00:00","1993-12-09 12:00:00",1993,12,9,-1.5,11.278,6.167,NA,NA,NA,FALSE,FALSE
19931210,"1993-12-10 12:00:00","1993-12-10 12:00:00",1993,12,10,3.778,8.722,5.5,10.922,NA,NA,FALSE,FALSE
19931211,"1993-12-11 12:00:00","1993-12-11 12:00:00",1993,12,11,-1.111,7.889,2.833,0.508,NA,NA,FALSE,FALSE
19931212,"1993-12-12 12:00:00","1993-12-12 12:00:00",1993,12,12,-3,10.278,5.611,0,NA,NA,FALSE,FALSE
19931213,"1993-12-13 12:00:00","1993-12-13 12:00:00",1993,12,13,-0.778,6.611,2.889,4.064,NA,NA,FALSE,FALSE
19931214,"1993-12-14 12:00:00","1993-12-14 12:00:00",1993,12,14,-5.111,1.278,-2.278,2.032,NA,NA,FALSE,FALSE
19931215,"1993-12-15 12:00:00","1993-12-15 12:00:00",1993,12,15,-7.111,2.889,-3.167,0,NA,NA,FALSE,FALSE
19931216,"1993-12-16 12:00:00","1993-12-16 12:00:00",1993,12,16,-8.278,4.889,0.167,NA,NA,NA,FALSE,FALSE
19931217,"1993-12-17 12:00:00","1993-12-17 12:00:00",1993,12,17,-3.389,3,-2.556,0,NA,NA,FALSE,FALSE
19931218,"1993-12-18 12:00:00","1993-12-18 12:00:00",1993,12,18,-3.611,8.222,1.833,0,NA,NA,FALSE,FALSE
19931219,"1993-12-19 12:00:00","1993-12-19 12:00:00",1993,12,19,-1.722,7.5,3.111,0,NA,NA,FALSE,FALSE
19931220,"1993-12-20 12:00:00","1993-12-20 12:00:00",1993,12,20,0.111,11.5,4.389,NA,NA,NA,FALSE,FALSE
19931221,"1993-12-21 12:00:00","1993-12-21 12:00:00",1993,12,21,-5.889,4.278,-3.611,2.032,NA,NA,FALSE,FALSE
19931222,"1993-12-22 12:00:00","1993-12-22 12:00:00",1993,12,22,-6.222,3.5,-0.167,1.016,NA,NA,FALSE,FALSE
19931223,"1993-12-23 12:00:00","1993-12-23 12:00:00",1993,12,23,-3.222,5.222,0.722,0,NA,NA,FALSE,FALSE
19931224,"1993-12-24 12:00:00","1993-12-24 12:00:00",1993,12,24,-2.278,8,2.833,0,NA,NA,FALSE,FALSE
19931225,"1993-12-25 12:00:00","1993-12-25 12:00:00",1993,12,25,-1.278,12.389,7.444,0,NA,NA,FALSE,FALSE
19931226,"1993-12-26 12:00:00","1993-12-26 12:00:00",1993,12,26,2.611,9.889,5.278,1.016,NA,NA,FALSE,FALSE
19931227,"1993-12-27 12:00:00","1993-12-27 12:00:00",1993,12,27,1,5.778,2.889,0,NA,NA,FALSE,FALSE
19931228,"1993-12-28 12:00:00","1993-12-28 12:00:00",1993,12,28,-3.611,7.389,1.722,0,NA,NA,FALSE,FALSE
19931229,"1993-12-29 12:00:00","1993-12-29 12:00:00",1993,12,29,-4,10.778,3.167,0,NA,NA,FALSE,FALSE
19931230,"1993-12-30 12:00:00","1993-12-30 12:00:00",1993,12,30,-1.278,12.389,7.111,NA,NA,NA,FALSE,FALSE
19931231,"1993-12-31 12:00:00","1993-12-31 12:00:00",1993,12,31,-4.389,7.111,-0.333,0,NA,NA,FALSE,FALSE
19940101,"1994-01-01 12:00:00","1994-01-01 12:00:00",1994,1,1,-5,6,0.389,0,NA,NA,FALSE,FALSE
19940102,"1994-01-02 12:00:00","1994-01-02 12:00:00",1994,1,2,-1.889,10.222,5.056,0,NA,NA,FALSE,FALSE
19940103,"1994-01-03 12:00:00","1994-01-03 12:00:00",1994,1,3,1.389,12,5.667,0,NA,NA,FALSE,FALSE
19940104,"1994-01-04 12:00:00","1994-01-04 12:00:00",1994,1,4,-0.278,6.278,2,0,NA,NA,FALSE,FALSE
19940105,"1994-01-05 12:00:00","1994-01-05 12:00:00",1994,1,5,-1.278,8.611,5.167,NA,NA,NA,FALSE,FALSE
19940106,"1994-01-06 12:00:00","1994-01-06 12:00:00",1994,1,6,-2.389,9.722,3.833,0.254,NA,NA,FALSE,FALSE
19940107,"1994-01-07 12:00:00","1994-01-07 12:00:00",1994,1,7,-3.5,4.722,0,0,NA,NA,FALSE,FALSE
19940108,"1994-01-08 12:00:00","1994-01-08 12:00:00",1994,1,8,-4.222,9.5,3.722,0,NA,NA,FALSE,FALSE
19940109,"1994-01-09 12:00:00","1994-01-09 12:00:00",1994,1,9,-0.278,12,5.056,0,NA,NA,FALSE,FALSE
19940110,"1994-01-10 12:00:00","1994-01-10 12:00:00",1994,1,10,-1.278,11,4.278,0,NA,NA,FALSE,FALSE
19940111,"1994-01-11 12:00:00","1994-01-11 12:00:00",1994,1,11,-1.611,8.722,2.333,0,NA,NA,FALSE,FALSE
19940112,"1994-01-12 12:00:00","1994-01-12 12:00:00",1994,1,12,-1.722,8,3.056,0,NA,NA,FALSE,FALSE
19940113,"1994-01-13 12:00:00","1994-01-13 12:00:00",1994,1,13,-2.611,6.5,1.611,0,NA,NA,FALSE,FALSE
19940114,"1994-01-14 12:00:00","1994-01-14 12:00:00",1994,1,14,-5.5,4.611,-0.333,0,NA,NA,FALSE,FALSE
19940115,"1994-01-15 12:00:00","1994-01-15 12:00:00",1994,1,15,-6.389,10.111,2.389,0,NA,NA,FALSE,FALSE
19940116,"1994-01-16 12:00:00","1994-01-16 12:00:00",1994,1,16,-2.5,12.222,6.889,7.112,NA,NA,FALSE,FALSE
19940117,"1994-01-17 12:00:00","1994-01-17 12:00:00",1994,1,17,-1.611,8.722,3.333,10.922,NA,NA,FALSE,FALSE
19940118,"1994-01-18 12:00:00","1994-01-18 12:00:00",1994,1,18,-7.5,0.778,-4.278,0,NA,NA,FALSE,FALSE
19940119,"1994-01-19 12:00:00","1994-01-19 12:00:00",1994,1,19,-8.222,0,-3.944,0.254,NA,NA,FALSE,FALSE
19940120,"1994-01-20 12:00:00","1994-01-20 12:00:00",1994,1,20,-5.778,1.611,-2.722,0,NA,NA,FALSE,FALSE
19940121,"1994-01-21 12:00:00","1994-01-21 12:00:00",1994,1,21,-5.889,1,-2.278,0,NA,NA,FALSE,FALSE
19940122,"1994-01-22 12:00:00","1994-01-22 12:00:00",1994,1,22,-3.222,2.611,-0.611,3.048,NA,NA,FALSE,FALSE
19940123,"1994-01-23 12:00:00","1994-01-23 12:00:00",1994,1,23,-9.278,-0.111,-5.556,2.032,NA,NA,FALSE,FALSE
19940124,"1994-01-24 12:00:00","1994-01-24 12:00:00",1994,1,24,-10.222,3.278,-1.889,0,NA,NA,FALSE,FALSE
19940125,"1994-01-25 12:00:00","1994-01-25 12:00:00",1994,1,25,-3.778,9.278,2.444,0,NA,NA,FALSE,FALSE
19940126,"1994-01-26 12:00:00","1994-01-26 12:00:00",1994,1,26,-3.722,8.278,1.722,0,NA,NA,FALSE,FALSE
19940127,"1994-01-27 12:00:00","1994-01-27 12:00:00",1994,1,27,-5,4,-1.5,0,NA,NA,FALSE,FALSE
19940128,"1994-01-28 12:00:00","1994-01-28 12:00:00",1994,1,28,-5.222,5.111,-0.389,NA,NA,NA,FALSE,FALSE
19940129,"1994-01-29 12:00:00","1994-01-29 12:00:00",1994,1,29,-6.389,1.222,-2.444,1.016,NA,NA,FALSE,FALSE
19940130,"1994-01-30 12:00:00","1994-01-30 12:00:00",1994,1,30,-7,2.5,-0.333,0,NA,NA,FALSE,FALSE
19940131,"1994-01-31 12:00:00","1994-01-31 12:00:00",1994,1,31,-1.111,7.222,3.889,5.08,NA,NA,FALSE,FALSE
19940201,"1994-02-01 12:00:00","1994-02-01 12:00:00",1994,2,1,-1.5,4.778,1.056,3.048,NA,NA,FALSE,FALSE
19940202,"1994-02-02 12:00:00","1994-02-02 12:00:00",1994,2,2,-2.111,2.889,0.722,0,NA,NA,FALSE,FALSE
19940203,"1994-02-03 12:00:00","1994-02-03 12:00:00",1994,2,3,-1.111,6.389,1.611,0,NA,NA,FALSE,FALSE
19940204,"1994-02-04 12:00:00","1994-02-04 12:00:00",1994,2,4,-2.722,2.778,0.111,0,NA,NA,FALSE,FALSE
19940205,"1994-02-05 12:00:00","1994-02-05 12:00:00",1994,2,5,-3.389,9,2.778,0,NA,NA,FALSE,FALSE
19940206,"1994-02-06 12:00:00","1994-02-06 12:00:00",1994,2,6,-1.722,9.5,3.667,0,NA,NA,FALSE,FALSE
19940207,"1994-02-07 12:00:00","1994-02-07 12:00:00",1994,2,7,-0.889,10.389,3.611,0,NA,NA,FALSE,FALSE
19940208,"1994-02-08 12:00:00","1994-02-08 12:00:00",1994,2,8,-1.389,9.278,3.111,3.048,NA,NA,FALSE,FALSE
19940209,"1994-02-09 12:00:00","1994-02-09 12:00:00",1994,2,9,-4.278,2.389,-2.833,1.016,NA,NA,FALSE,FALSE
19940210,"1994-02-10 12:00:00","1994-02-10 12:00:00",1994,2,10,-6,4.389,-0.389,0,NA,NA,FALSE,FALSE
19940211,"1994-02-11 12:00:00","1994-02-11 12:00:00",1994,2,11,-1.389,1,0.222,20.066,NA,NA,FALSE,FALSE
19940212,"1994-02-12 12:00:00","1994-02-12 12:00:00",1994,2,12,-4,4.111,0.111,3.048,NA,NA,FALSE,FALSE
19940213,"1994-02-13 12:00:00","1994-02-13 12:00:00",1994,2,13,-4.889,5.5,0.222,0,NA,NA,FALSE,FALSE
19940214,"1994-02-14 12:00:00","1994-02-14 12:00:00",1994,2,14,-5,8.5,3.5,NA,NA,NA,FALSE,FALSE
19940215,"1994-02-15 12:00:00","1994-02-15 12:00:00",1994,2,15,-1.389,5.389,2.167,1.016,NA,NA,FALSE,FALSE
19940216,"1994-02-16 12:00:00","1994-02-16 12:00:00",1994,2,16,-1.889,8,2.167,0.254,NA,NA,FALSE,FALSE
19940217,"1994-02-17 12:00:00","1994-02-17 12:00:00",1994,2,17,-3.389,11.222,4.333,0,NA,NA,FALSE,FALSE
19940218,"1994-02-18 12:00:00","1994-02-18 12:00:00",1994,2,18,-0.111,14.222,6.389,0,NA,NA,FALSE,FALSE
19940219,"1994-02-19 12:00:00","1994-02-19 12:00:00",1994,2,19,0.278,14.889,7.278,0,NA,NA,FALSE,FALSE
19940220,"1994-02-20 12:00:00","1994-02-20 12:00:00",1994,2,20,0.611,13.722,5.5,0,NA,NA,FALSE,FALSE
19940221,"1994-02-21 12:00:00","1994-02-21 12:00:00",1994,2,21,-2.111,5.611,1.333,0.254,NA,NA,FALSE,FALSE
19940222,"1994-02-22 12:00:00","1994-02-22 12:00:00",1994,2,22,-3.389,7.611,2.111,0,NA,NA,FALSE,FALSE
19940223,"1994-02-23 12:00:00","1994-02-23 12:00:00",1994,2,23,-1.278,9.889,2.389,0,NA,NA,FALSE,FALSE
19940224,"1994-02-24 12:00:00","1994-02-24 12:00:00",1994,2,24,-1.722,11.389,2.222,0,NA,NA,FALSE,FALSE
19940225,"1994-02-25 12:00:00","1994-02-25 12:00:00",1994,2,25,-2.778,10.889,2.944,0,NA,NA,FALSE,FALSE
19940226,"1994-02-26 12:00:00","1994-02-26 12:00:00",1994,2,26,-3.5,11.722,3.778,0,NA,NA,FALSE,FALSE
19940227,"1994-02-27 12:00:00","1994-02-27 12:00:00",1994,2,27,-2.111,12.278,5.833,0,NA,NA,FALSE,FALSE
19940228,"1994-02-28 12:00:00","1994-02-28 12:00:00",1994,2,28,-1.889,8.222,1.889,0,NA,NA,FALSE,FALSE
19940301,"1994-03-01 12:00:00","1994-03-01 12:00:00",1994,3,1,-3.889,6.389,0.5,0,NA,NA,FALSE,FALSE
19940302,"1994-03-02 12:00:00","1994-03-02 12:00:00",1994,3,2,-5.222,8.889,2.833,0,NA,NA,FALSE,FALSE
19940303,"1994-03-03 12:00:00","1994-03-03 12:00:00",1994,3,3,-1.722,8.889,3.889,0,NA,NA,FALSE,FALSE
19940304,"1994-03-04 12:00:00","1994-03-04 12:00:00",1994,3,4,-0.389,12.722,7.889,0,NA,NA,FALSE,FALSE
19940305,"1994-03-05 12:00:00","1994-03-05 12:00:00",1994,3,5,1.111,13.722,6.944,1.016,NA,NA,FALSE,FALSE
19940306,"1994-03-06 12:00:00","1994-03-06 12:00:00",1994,3,6,0.611,15.278,10.778,0,NA,NA,FALSE,FALSE
19940307,"1994-03-07 12:00:00","1994-03-07 12:00:00",1994,3,7,9.278,16.222,12.167,3.048,NA,NA,FALSE,FALSE
19940308,"1994-03-08 12:00:00","1994-03-08 12:00:00",1994,3,8,1.111,13.222,6.611,1.016,NA,NA,FALSE,FALSE
19940309,"1994-03-09 12:00:00","1994-03-09 12:00:00",1994,3,9,-2.389,4.111,0.278,0,NA,NA,FALSE,FALSE
19940310,"1994-03-10 12:00:00","1994-03-10 12:00:00",1994,3,10,-2.889,4,0.056,0,NA,NA,FALSE,FALSE
19940311,"1994-03-11 12:00:00","1994-03-11 12:00:00",1994,3,11,-4.222,8.389,3.833,0,NA,NA,FALSE,FALSE
19940312,"1994-03-12 12:00:00","1994-03-12 12:00:00",1994,3,12,-0.778,8,3.056,11.938,NA,NA,FALSE,FALSE
19940313,"1994-03-13 12:00:00","1994-03-13 12:00:00",1994,3,13,-1.5,5.222,1.389,0,NA,NA,FALSE,FALSE
19940314,"1994-03-14 12:00:00","1994-03-14 12:00:00",1994,3,14,-1.778,6.5,2.167,0,NA,NA,FALSE,FALSE
19940315,"1994-03-15 12:00:00","1994-03-15 12:00:00",1994,3,15,-1.889,7.778,2.111,0,NA,NA,FALSE,FALSE
19940316,"1994-03-16 12:00:00","1994-03-16 12:00:00",1994,3,16,-2.111,10.5,4.944,0,NA,NA,FALSE,FALSE
19940317,"1994-03-17 12:00:00","1994-03-17 12:00:00",1994,3,17,-1.889,12.222,3.944,0,NA,NA,FALSE,FALSE
19940318,"1994-03-18 12:00:00","1994-03-18 12:00:00",1994,3,18,-3,14.722,5.222,0,NA,NA,FALSE,FALSE
19940319,"1994-03-19 12:00:00","1994-03-19 12:00:00",1994,3,19,-1.611,16.5,8.111,0,NA,NA,FALSE,FALSE
19940320,"1994-03-20 12:00:00","1994-03-20 12:00:00",1994,3,20,1,17.111,8.833,0,NA,NA,FALSE,FALSE
19940321,"1994-03-21 12:00:00","1994-03-21 12:00:00",1994,3,21,2.222,12.889,8.667,0,NA,NA,FALSE,FALSE
19940322,"1994-03-22 12:00:00","1994-03-22 12:00:00",1994,3,22,3.889,10.889,7.333,9.906,NA,NA,FALSE,FALSE
19940323,"1994-03-23 12:00:00","1994-03-23 12:00:00",1994,3,23,0.278,9.222,4.111,8.89,NA,NA,FALSE,FALSE
19940324,"1994-03-24 12:00:00","1994-03-24 12:00:00",1994,3,24,-0.778,4.111,1.722,7.874,NA,NA,FALSE,FALSE
19940325,"1994-03-25 12:00:00","1994-03-25 12:00:00",1994,3,25,-0.889,5.5,1.611,0,NA,NA,FALSE,FALSE
19940326,"1994-03-26 12:00:00","1994-03-26 12:00:00",1994,3,26,-1.5,6.889,2.389,0,NA,NA,FALSE,FALSE
19940327,"1994-03-27 12:00:00","1994-03-27 12:00:00",1994,3,27,-1.722,12.111,6,0,NA,NA,FALSE,FALSE
19940328,"1994-03-28 12:00:00","1994-03-28 12:00:00",1994,3,28,1.5,10.778,6.556,0,NA,NA,FALSE,FALSE
19940329,"1994-03-29 12:00:00","1994-03-29 12:00:00",1994,3,29,0.111,16,6.722,0,NA,NA,FALSE,FALSE
19940330,"1994-03-30 12:00:00","1994-03-30 12:00:00",1994,3,30,-0.278,16.778,7.944,0,NA,NA,FALSE,FALSE
19940331,"1994-03-31 12:00:00","1994-03-31 12:00:00",1994,3,31,1.722,21.611,12.5,0,NA,NA,FALSE,FALSE
19940401,"1994-04-01 12:00:00","1994-04-01 12:00:00",1994,4,1,3.5,16.389,9.444,0,NA,NA,FALSE,FALSE
19940402,"1994-04-02 12:00:00","1994-04-02 12:00:00",1994,4,2,2.5,20.389,12.778,0,NA,NA,FALSE,FALSE
19940403,"1994-04-03 12:00:00","1994-04-03 12:00:00",1994,4,3,9.111,24.722,15.778,0,NA,NA,FALSE,FALSE
19940404,"1994-04-04 12:00:00","1994-04-04 12:00:00",1994,4,4,9.389,25.611,16.056,0,NA,NA,FALSE,FALSE
19940405,"1994-04-05 12:00:00","1994-04-05 12:00:00",1994,4,5,9.278,27,19.5,0,NA,NA,FALSE,FALSE
19940406,"1994-04-06 12:00:00","1994-04-06 12:00:00",1994,4,6,14.889,19.222,16.778,4.064,NA,NA,FALSE,FALSE
19940407,"1994-04-07 12:00:00","1994-04-07 12:00:00",1994,4,7,11.111,25.222,18.333,NA,NA,NA,FALSE,FALSE
19940408,"1994-04-08 12:00:00","1994-04-08 12:00:00",1994,4,8,7.611,17.5,12.111,0,NA,NA,FALSE,FALSE
19940409,"1994-04-09 12:00:00","1994-04-09 12:00:00",1994,4,9,5.389,17.5,10.278,0,NA,NA,FALSE,FALSE
19940410,"1994-04-10 12:00:00","1994-04-10 12:00:00",1994,4,10,4.5,17.222,13,0,NA,NA,FALSE,FALSE
19940411,"1994-04-11 12:00:00","1994-04-11 12:00:00",1994,4,11,10.722,18.611,16.556,NA,NA,NA,FALSE,FALSE
19940412,"1994-04-12 12:00:00","1994-04-12 12:00:00",1994,4,12,7.722,18.222,8.778,23.114,NA,NA,FALSE,FALSE
19940413,"1994-04-13 12:00:00","1994-04-13 12:00:00",1994,4,13,2.778,16.389,9.667,0,NA,NA,FALSE,FALSE
19940414,"1994-04-14 12:00:00","1994-04-14 12:00:00",1994,4,14,2.389,18.778,11.889,0,NA,NA,FALSE,FALSE
19940415,"1994-04-15 12:00:00","1994-04-15 12:00:00",1994,4,15,5.222,21.778,13.833,0,NA,NA,FALSE,FALSE
19940416,"1994-04-16 12:00:00","1994-04-16 12:00:00",1994,4,16,5.778,22.389,14.056,0,NA,NA,FALSE,FALSE
19940417,"1994-04-17 12:00:00","1994-04-17 12:00:00",1994,4,17,7.278,25.778,18.111,0,NA,NA,FALSE,FALSE
19940418,"1994-04-18 12:00:00","1994-04-18 12:00:00",1994,4,18,9.722,17.5,13.167,2.032,NA,NA,FALSE,FALSE
19940419,"1994-04-19 12:00:00","1994-04-19 12:00:00",1994,4,19,8.722,27.778,19,0,NA,NA,FALSE,FALSE
19940420,"1994-04-20 12:00:00","1994-04-20 12:00:00",1994,4,20,13.278,19.278,15.667,7.874,NA,NA,FALSE,FALSE
19940421,"1994-04-21 12:00:00","1994-04-21 12:00:00",1994,4,21,12.722,23.778,17.611,NA,NA,NA,FALSE,FALSE
19940422,"1994-04-22 12:00:00","1994-04-22 12:00:00",1994,4,22,12.889,17.611,14.778,4.064,NA,NA,FALSE,FALSE
19940423,"1994-04-23 12:00:00","1994-04-23 12:00:00",1994,4,23,8.889,20.389,14.222,3.048,NA,NA,FALSE,FALSE
19940424,"1994-04-24 12:00:00","1994-04-24 12:00:00",1994,4,24,8.222,24.5,15.278,0,NA,NA,FALSE,FALSE
19940425,"1994-04-25 12:00:00","1994-04-25 12:00:00",1994,4,25,7.778,26.5,16.611,0,NA,NA,FALSE,FALSE
19940426,"1994-04-26 12:00:00","1994-04-26 12:00:00",1994,4,26,9.111,28.222,19.111,0,NA,NA,FALSE,FALSE
19940427,"1994-04-27 12:00:00","1994-04-27 12:00:00",1994,4,27,9.389,24.278,16.667,0,NA,NA,FALSE,FALSE
19940428,"1994-04-28 12:00:00","1994-04-28 12:00:00",1994,4,28,9,25.111,17.444,NA,NA,NA,FALSE,FALSE
19940429,"1994-04-29 12:00:00","1994-04-29 12:00:00",1994,4,29,12.278,25.778,18.833,0,NA,NA,FALSE,FALSE
19940430,"1994-04-30 12:00:00","1994-04-30 12:00:00",1994,4,30,11.889,25.5,20.889,0,NA,NA,FALSE,FALSE
19940501,"1994-05-01 12:00:00","1994-05-01 12:00:00",1994,5,1,17,27.5,21.222,0,NA,NA,FALSE,FALSE
19940502,"1994-05-02 12:00:00","1994-05-02 12:00:00",1994,5,2,16.389,28.389,23.056,0,NA,NA,FALSE,FALSE
19940503,"1994-05-03 12:00:00","1994-05-03 12:00:00",1994,5,3,10.889,22.611,15.889,10.922,NA,NA,FALSE,FALSE
19940504,"1994-05-04 12:00:00","1994-05-04 12:00:00",1994,5,4,10.5,17.278,13.444,0.254,NA,NA,FALSE,FALSE
19940505,"1994-05-05 12:00:00","1994-05-05 12:00:00",1994,5,5,6.611,12.722,9.611,2.032,NA,NA,FALSE,FALSE
19940506,"1994-05-06 12:00:00","1994-05-06 12:00:00",1994,5,6,5.5,24.222,16.5,0,NA,NA,FALSE,FALSE
19940507,"1994-05-07 12:00:00","1994-05-07 12:00:00",1994,5,7,9.778,27.722,19.722,0,NA,NA,FALSE,FALSE
19940508,"1994-05-08 12:00:00","1994-05-08 12:00:00",1994,5,8,10.889,27,19.222,0,NA,NA,FALSE,FALSE
19940509,"1994-05-09 12:00:00","1994-05-09 12:00:00",1994,5,9,9.889,29.5,21.722,0,NA,NA,FALSE,FALSE
19940510,"1994-05-10 12:00:00","1994-05-10 12:00:00",1994,5,10,16.389,22.389,19.111,1.016,NA,NA,FALSE,FALSE
19940511,"1994-05-11 12:00:00","1994-05-11 12:00:00",1994,5,11,13.5,19.389,16.556,33.02,NA,NA,FALSE,FALSE
19940512,"1994-05-12 12:00:00","1994-05-12 12:00:00",1994,5,12,13.111,27.278,20,8.89,NA,NA,FALSE,FALSE
19940513,"1994-05-13 12:00:00","1994-05-13 12:00:00",1994,5,13,15.389,23.778,19.333,0,NA,NA,FALSE,FALSE
19940514,"1994-05-14 12:00:00","1994-05-14 12:00:00",1994,5,14,13.389,19.111,16.556,32.004,NA,NA,FALSE,FALSE
19940515,"1994-05-15 12:00:00","1994-05-15 12:00:00",1994,5,15,12.778,18.722,13.5,4.064,NA,NA,FALSE,FALSE
19940516,"1994-05-16 12:00:00","1994-05-16 12:00:00",1994,5,16,12.389,25.889,17.611,0,NA,NA,FALSE,FALSE
19940517,"1994-05-17 12:00:00","1994-05-17 12:00:00",1994,5,17,7.278,19.611,13.389,0.508,NA,NA,FALSE,FALSE
19940518,"1994-05-18 12:00:00","1994-05-18 12:00:00",1994,5,18,6.5,21.778,14,0.254,NA,NA,FALSE,FALSE
19940519,"1994-05-19 12:00:00","1994-05-19 12:00:00",1994,5,19,6.222,22.778,15.111,0,NA,NA,FALSE,FALSE
19940520,"1994-05-20 12:00:00","1994-05-20 12:00:00",1994,5,20,9.278,26.611,19.556,0,NA,NA,FALSE,FALSE
19940521,"1994-05-21 12:00:00","1994-05-21 12:00:00",1994,5,21,14.111,22.778,18.667,0,NA,NA,FALSE,FALSE
19940522,"1994-05-22 12:00:00","1994-05-22 12:00:00",1994,5,22,13.889,28.889,20.667,0,NA,NA,FALSE,FALSE
19940523,"1994-05-23 12:00:00","1994-05-23 12:00:00",1994,5,23,14.278,28.111,21.611,0,NA,NA,FALSE,FALSE
19940524,"1994-05-24 12:00:00","1994-05-24 12:00:00",1994,5,24,18.722,24.611,21.833,1.016,NA,NA,FALSE,FALSE
19940525,"1994-05-25 12:00:00","1994-05-25 12:00:00",1994,5,25,19.611,23.222,21.056,2.032,NA,NA,FALSE,FALSE
19940526,"1994-05-26 12:00:00","1994-05-26 12:00:00",1994,5,26,15.889,28.611,20.889,1.016,NA,NA,FALSE,FALSE
19940527,"1994-05-27 12:00:00","1994-05-27 12:00:00",1994,5,27,10.111,23.5,16.889,0,NA,NA,FALSE,FALSE
19940528,"1994-05-28 12:00:00","1994-05-28 12:00:00",1994,5,28,9.278,26.611,20.333,0,NA,NA,FALSE,FALSE
19940529,"1994-05-29 12:00:00","1994-05-29 12:00:00",1994,5,29,14.889,27.889,21.389,0,NA,NA,FALSE,FALSE
19940530,"1994-05-30 12:00:00","1994-05-30 12:00:00",1994,5,30,12.722,24.389,18.889,0,NA,NA,FALSE,FALSE
19940531,"1994-05-31 12:00:00","1994-05-31 12:00:00",1994,5,31,11.778,28.222,20.333,0,NA,NA,FALSE,FALSE
19940601,"1994-06-01 12:00:00","1994-06-01 12:00:00",1994,6,1,13.278,29,20.833,0,NA,NA,FALSE,FALSE
19940602,"1994-06-02 12:00:00","1994-06-02 12:00:00",1994,6,2,12.889,28.722,20.611,0,NA,NA,FALSE,FALSE
19940603,"1994-06-03 12:00:00","1994-06-03 12:00:00",1994,6,3,12.889,29.5,22.278,0,NA,NA,FALSE,FALSE
19940604,"1994-06-04 12:00:00","1994-06-04 12:00:00",1994,6,4,15.889,29.889,22.944,0,NA,NA,FALSE,FALSE
19940605,"1994-06-05 12:00:00","1994-06-05 12:00:00",1994,6,5,16.722,28.722,22.056,0,NA,NA,FALSE,FALSE
19940606,"1994-06-06 12:00:00","1994-06-06 12:00:00",1994,6,6,16.389,27.5,21,0,NA,NA,FALSE,FALSE
19940607,"1994-06-07 12:00:00","1994-06-07 12:00:00",1994,6,7,17.5,25.889,21.444,NA,NA,NA,FALSE,FALSE
19940608,"1994-06-08 12:00:00","1994-06-08 12:00:00",1994,6,8,17.611,22.611,19.444,5.08,NA,NA,FALSE,FALSE
19940609,"1994-06-09 12:00:00","1994-06-09 12:00:00",1994,6,9,17.278,26,20.389,4.064,NA,NA,FALSE,FALSE
19940610,"1994-06-10 12:00:00","1994-06-10 12:00:00",1994,6,10,15.389,27.778,21.278,0,NA,NA,FALSE,FALSE
19940611,"1994-06-11 12:00:00","1994-06-11 12:00:00",1994,6,11,15.278,30.111,23.056,0,NA,NA,FALSE,FALSE
19940612,"1994-06-12 12:00:00","1994-06-12 12:00:00",1994,6,12,19.889,29.278,23.611,0,NA,NA,FALSE,FALSE
19940613,"1994-06-13 12:00:00","1994-06-13 12:00:00",1994,6,13,18.889,30.722,23.611,0,NA,NA,FALSE,FALSE
19940614,"1994-06-14 12:00:00","1994-06-14 12:00:00",1994,6,14,18.111,30.889,23.5,0,NA,NA,FALSE,FALSE
19940615,"1994-06-15 12:00:00","1994-06-15 12:00:00",1994,6,15,18,32.611,24.278,0,NA,NA,FALSE,FALSE
19940616,"1994-06-16 12:00:00","1994-06-16 12:00:00",1994,6,16,18.278,32.722,25.333,0,NA,NA,FALSE,FALSE
19940617,"1994-06-17 12:00:00","1994-06-17 12:00:00",1994,6,17,19.778,31.222,25.556,NA,NA,NA,FALSE,FALSE
19940618,"1994-06-18 12:00:00","1994-06-18 12:00:00",1994,6,18,17.611,24.5,19.056,11.938,NA,NA,FALSE,FALSE
19940619,"1994-06-19 12:00:00","1994-06-19 12:00:00",1994,6,19,15.611,24.889,19.833,1.016,NA,NA,FALSE,FALSE
19940620,"1994-06-20 12:00:00","1994-06-20 12:00:00",1994,6,20,16.5,26.722,20.722,0,NA,NA,FALSE,FALSE
19940621,"1994-06-21 12:00:00","1994-06-21 12:00:00",1994,6,21,16.111,28.111,21.333,0,NA,NA,FALSE,FALSE
19940622,"1994-06-22 12:00:00","1994-06-22 12:00:00",1994,6,22,16.5,23.778,18.444,2.032,NA,NA,FALSE,FALSE
19940623,"1994-06-23 12:00:00","1994-06-23 12:00:00",1994,6,23,16.278,24.611,20.056,1.016,NA,NA,FALSE,FALSE
19940624,"1994-06-24 12:00:00","1994-06-24 12:00:00",1994,6,24,17.722,29.722,24,0,NA,NA,FALSE,FALSE
19940625,"1994-06-25 12:00:00","1994-06-25 12:00:00",1994,6,25,20.222,30,26.056,0,NA,NA,FALSE,FALSE
19940626,"1994-06-26 12:00:00","1994-06-26 12:00:00",1994,6,26,21.889,30,25.278,0,NA,NA,FALSE,FALSE
19940627,"1994-06-27 12:00:00","1994-06-27 12:00:00",1994,6,27,21.722,25,22.833,34.036,NA,NA,FALSE,FALSE
19940628,"1994-06-28 12:00:00","1994-06-28 12:00:00",1994,6,28,20.778,30.222,25,21.082,NA,NA,FALSE,FALSE
19940629,"1994-06-29 12:00:00","1994-06-29 12:00:00",1994,6,29,20.222,30.278,26,0,NA,NA,FALSE,FALSE
19940630,"1994-06-30 12:00:00","1994-06-30 12:00:00",1994,6,30,23.389,29.778,25.833,11.938,NA,NA,FALSE,FALSE
19940701,"1994-07-01 12:00:00","1994-07-01 12:00:00",1994,7,1,24,31.5,27.222,0,NA,NA,FALSE,FALSE
19940702,"1994-07-02 12:00:00","1994-07-02 12:00:00",1994,7,2,24.278,28.778,26.056,0,NA,NA,FALSE,FALSE
19940703,"1994-07-03 12:00:00","1994-07-03 12:00:00",1994,7,3,24.222,33,28.556,0,NA,NA,FALSE,FALSE
19940704,"1994-07-04 12:00:00","1994-07-04 12:00:00",1994,7,4,25.722,32.111,28.611,0,NA,NA,FALSE,FALSE
19940705,"1994-07-05 12:00:00","1994-07-05 12:00:00",1994,7,5,25.5,32.222,28.056,0,NA,NA,FALSE,FALSE
19940706,"1994-07-06 12:00:00","1994-07-06 12:00:00",1994,7,6,25.111,32.278,28.611,0,NA,NA,FALSE,FALSE
19940707,"1994-07-07 12:00:00","1994-07-07 12:00:00",1994,7,7,24.778,32.889,27.833,NA,NA,NA,FALSE,FALSE
19940708,"1994-07-08 12:00:00","1994-07-08 12:00:00",1994,7,8,24.389,33.889,29,0,NA,NA,FALSE,FALSE
19940709,"1994-07-09 12:00:00","1994-07-09 12:00:00",1994,7,9,25,35,29.056,0,NA,NA,FALSE,FALSE
19940710,"1994-07-10 12:00:00","1994-07-10 12:00:00",1994,7,10,24.278,34.278,28.5,0,NA,NA,FALSE,FALSE
19940711,"1994-07-11 12:00:00","1994-07-11 12:00:00",1994,7,11,23.611,35.278,29.111,0,NA,NA,FALSE,FALSE
19940712,"1994-07-12 12:00:00","1994-07-12 12:00:00",1994,7,12,25.111,36.889,30.944,0,NA,NA,FALSE,FALSE
19940713,"1994-07-13 12:00:00","1994-07-13 12:00:00",1994,7,13,27.722,36,30.944,0,NA,NA,FALSE,FALSE
19940714,"1994-07-14 12:00:00","1994-07-14 12:00:00",1994,7,14,27.389,34.5,30.278,0,NA,NA,FALSE,FALSE
19940715,"1994-07-15 12:00:00","1994-07-15 12:00:00",1994,7,15,26.389,36.389,29.889,0,NA,NA,FALSE,FALSE
19940716,"1994-07-16 12:00:00","1994-07-16 12:00:00",1994,7,16,25,37.5,29.833,0,NA,NA,FALSE,FALSE
19940717,"1994-07-17 12:00:00","1994-07-17 12:00:00",1994,7,17,25,36.611,30,7.112,NA,NA,FALSE,FALSE
19940718,"1994-07-18 12:00:00","1994-07-18 12:00:00",1994,7,18,25,37.722,30.5,0,NA,NA,FALSE,FALSE
19940719,"1994-07-19 12:00:00","1994-07-19 12:00:00",1994,7,19,24.222,38.5,30.056,0,NA,NA,FALSE,FALSE
19940720,"1994-07-20 12:00:00","1994-07-20 12:00:00",1994,7,20,24.278,36.778,30.278,0,NA,NA,FALSE,FALSE
19940721,"1994-07-21 12:00:00","1994-07-21 12:00:00",1994,7,21,26,37.722,31.389,0,NA,NA,FALSE,FALSE
19940722,"1994-07-22 12:00:00","1994-07-22 12:00:00",1994,7,22,24.611,38,29,42.926,NA,NA,FALSE,FALSE
19940723,"1994-07-23 12:00:00","1994-07-23 12:00:00",1994,7,23,24.5,37.722,30.222,7.874,NA,NA,FALSE,FALSE
19940724,"1994-07-24 12:00:00","1994-07-24 12:00:00",1994,7,24,25.889,37.278,31.111,0,NA,NA,FALSE,FALSE
19940725,"1994-07-25 12:00:00","1994-07-25 12:00:00",1994,7,25,25.611,36.722,30.389,0,NA,NA,FALSE,FALSE
19940726,"1994-07-26 12:00:00","1994-07-26 12:00:00",1994,7,26,25.111,36.722,29.444,0,NA,NA,FALSE,FALSE
19940727,"1994-07-27 12:00:00","1994-07-27 12:00:00",1994,7,27,25,32.222,28.278,2.032,NA,NA,FALSE,FALSE
19940728,"1994-07-28 12:00:00","1994-07-28 12:00:00",1994,7,28,25.889,33.222,29.278,0,NA,NA,FALSE,FALSE
19940729,"1994-07-29 12:00:00","1994-07-29 12:00:00",1994,7,29,25.889,33.278,28.444,1.016,NA,NA,FALSE,FALSE
19940730,"1994-07-30 12:00:00","1994-07-30 12:00:00",1994,7,30,24.889,33.5,28.5,19.05,NA,NA,FALSE,FALSE
19940731,"1994-07-31 12:00:00","1994-07-31 12:00:00",1994,7,31,24.722,31.611,28.667,0,NA,NA,FALSE,FALSE
19940801,"1994-08-01 12:00:00","1994-08-01 12:00:00",1994,8,1,24.889,29.611,26.889,55.118,NA,NA,FALSE,FALSE
19940802,"1994-08-02 12:00:00","1994-08-02 12:00:00",1994,8,2,25.389,34.278,29.722,0.254,NA,NA,FALSE,FALSE
19940803,"1994-08-03 12:00:00","1994-08-03 12:00:00",1994,8,3,26,33.389,29.222,16.002,NA,NA,FALSE,FALSE
19940804,"1994-08-04 12:00:00","1994-08-04 12:00:00",1994,8,4,25.778,34.278,29.944,0,NA,NA,FALSE,FALSE
19940805,"1994-08-05 12:00:00","1994-08-05 12:00:00",1994,8,5,25.5,35.889,30.111,0,NA,NA,FALSE,FALSE
19940806,"1994-08-06 12:00:00","1994-08-06 12:00:00",1994,8,6,25.278,35.722,30.333,0,NA,NA,FALSE,FALSE
19940807,"1994-08-07 12:00:00","1994-08-07 12:00:00",1994,8,7,25.111,34.722,29.444,0,NA,NA,FALSE,FALSE
19940808,"1994-08-08 12:00:00","1994-08-08 12:00:00",1994,8,8,24.889,35.5,29.944,0,NA,NA,FALSE,FALSE
19940809,"1994-08-09 12:00:00","1994-08-09 12:00:00",1994,8,9,24.889,33.111,30.056,NA,NA,NA,FALSE,FALSE
19940810,"1994-08-10 12:00:00","1994-08-10 12:00:00",1994,8,10,24.889,29.889,26.444,60.96,NA,NA,FALSE,FALSE
19940811,"1994-08-11 12:00:00","1994-08-11 12:00:00",1994,8,11,25.111,30.611,28.389,7.874,NA,NA,FALSE,FALSE
19940812,"1994-08-12 12:00:00","1994-08-12 12:00:00",1994,8,12,24.889,34.222,29.167,20.066,NA,NA,FALSE,FALSE
19940813,"1994-08-13 12:00:00","1994-08-13 12:00:00",1994,8,13,26.889,36.778,31.944,0,NA,NA,FALSE,FALSE
19940814,"1994-08-14 12:00:00","1994-08-14 12:00:00",1994,8,14,26.389,31.778,28.389,1.016,NA,NA,FALSE,FALSE
19940815,"1994-08-15 12:00:00","1994-08-15 12:00:00",1994,8,15,25.611,33,28.778,10.922,NA,NA,FALSE,FALSE
19940816,"1994-08-16 12:00:00","1994-08-16 12:00:00",1994,8,16,25.111,30.389,26.5,46.99,NA,NA,FALSE,FALSE
19940817,"1994-08-17 12:00:00","1994-08-17 12:00:00",1994,8,17,24.222,32.722,27.611,0.508,NA,NA,FALSE,FALSE
19940818,"1994-08-18 12:00:00","1994-08-18 12:00:00",1994,8,18,23.778,30.889,26.889,0,NA,NA,FALSE,FALSE
19940819,"1994-08-19 12:00:00","1994-08-19 12:00:00",1994,8,19,21,33,25.722,3.048,NA,NA,FALSE,FALSE
19940820,"1994-08-20 12:00:00","1994-08-20 12:00:00",1994,8,20,20.722,33,26.778,0,NA,NA,FALSE,FALSE
19940821,"1994-08-21 12:00:00","1994-08-21 12:00:00",1994,8,21,20,32.389,26.222,0,NA,NA,FALSE,FALSE
19940822,"1994-08-22 12:00:00","1994-08-22 12:00:00",1994,8,22,19.778,32,26.056,0,NA,NA,FALSE,FALSE
19940823,"1994-08-23 12:00:00","1994-08-23 12:00:00",1994,8,23,20.778,32.222,25.333,0,NA,NA,FALSE,FALSE
19940824,"1994-08-24 12:00:00","1994-08-24 12:00:00",1994,8,24,21.722,33.111,27.222,0,NA,NA,FALSE,FALSE
19940825,"1994-08-25 12:00:00","1994-08-25 12:00:00",1994,8,25,23.278,31.611,27.056,0,NA,NA,FALSE,FALSE
19940826,"1994-08-26 12:00:00","1994-08-26 12:00:00",1994,8,26,21.278,30.278,25.333,2.032,NA,NA,FALSE,FALSE
19940827,"1994-08-27 12:00:00","1994-08-27 12:00:00",1994,8,27,21,32.5,27.222,0,NA,NA,FALSE,FALSE
19940828,"1994-08-28 12:00:00","1994-08-28 12:00:00",1994,8,28,25.5,31.5,27.889,1.016,NA,NA,FALSE,FALSE
19940829,"1994-08-29 12:00:00","1994-08-29 12:00:00",1994,8,29,23.389,34,28.111,0,NA,NA,FALSE,FALSE
19940830,"1994-08-30 12:00:00","1994-08-30 12:00:00",1994,8,30,23.278,33.778,27.556,0,NA,NA,FALSE,FALSE
19940831,"1994-08-31 12:00:00","1994-08-31 12:00:00",1994,8,31,23.5,33.778,28,0,NA,NA,FALSE,FALSE
19940901,"1994-09-01 12:00:00","1994-09-01 12:00:00",1994,9,1,21.889,34.389,27.722,0,NA,NA,FALSE,FALSE
19940902,"1994-09-02 12:00:00","1994-09-02 12:00:00",1994,9,2,21.611,33.111,26.889,0,NA,NA,FALSE,FALSE
19940903,"1994-09-03 12:00:00","1994-09-03 12:00:00",1994,9,3,22.722,33.5,27.611,0,NA,NA,FALSE,FALSE
19940904,"1994-09-04 12:00:00","1994-09-04 12:00:00",1994,9,4,22.722,33.722,28.611,NA,NA,NA,FALSE,FALSE
19940905,"1994-09-05 12:00:00","1994-09-05 12:00:00",1994,9,5,20.778,28.222,23.889,25.908,NA,NA,FALSE,FALSE
19940906,"1994-09-06 12:00:00","1994-09-06 12:00:00",1994,9,6,18.389,27.778,22.5,0,NA,NA,FALSE,FALSE
19940907,"1994-09-07 12:00:00","1994-09-07 12:00:00",1994,9,7,17.611,30.111,23.833,0,NA,NA,FALSE,FALSE
19940908,"1994-09-08 12:00:00","1994-09-08 12:00:00",1994,9,8,17.278,28.778,23.722,0,NA,NA,FALSE,FALSE
19940909,"1994-09-09 12:00:00","1994-09-09 12:00:00",1994,9,9,18.722,30.222,24.778,0,NA,NA,FALSE,FALSE
19940910,"1994-09-10 12:00:00","1994-09-10 12:00:00",1994,9,10,18.611,27.389,23.278,0,NA,NA,FALSE,FALSE
19940911,"1994-09-11 12:00:00","1994-09-11 12:00:00",1994,9,11,17.778,24.778,21.056,0,NA,NA,FALSE,FALSE
19940912,"1994-09-12 12:00:00","1994-09-12 12:00:00",1994,9,12,13.889,24.889,19.5,0,NA,NA,FALSE,FALSE
19940913,"1994-09-13 12:00:00","1994-09-13 12:00:00",1994,9,13,13.611,25.278,19.611,0,NA,NA,FALSE,FALSE
19940914,"1994-09-14 12:00:00","1994-09-14 12:00:00",1994,9,14,13.222,27.722,21.833,0,NA,NA,FALSE,FALSE
19940915,"1994-09-15 12:00:00","1994-09-15 12:00:00",1994,9,15,16.278,27.722,21.611,0,NA,NA,FALSE,FALSE
19940916,"1994-09-16 12:00:00","1994-09-16 12:00:00",1994,9,16,16.111,26.722,21.444,0,NA,NA,FALSE,FALSE
19940917,"1994-09-17 12:00:00","1994-09-17 12:00:00",1994,9,17,16.889,25.222,20.889,0,NA,NA,FALSE,FALSE
19940918,"1994-09-18 12:00:00","1994-09-18 12:00:00",1994,9,18,17.722,27.389,21.889,0.254,NA,NA,FALSE,FALSE
19940919,"1994-09-19 12:00:00","1994-09-19 12:00:00",1994,9,19,15.389,27.5,20.944,0,NA,NA,FALSE,FALSE
19940920,"1994-09-20 12:00:00","1994-09-20 12:00:00",1994,9,20,14.722,29.278,23.5,0,NA,NA,FALSE,FALSE
19940921,"1994-09-21 12:00:00","1994-09-21 12:00:00",1994,9,21,16.389,26,20.611,0,NA,NA,FALSE,FALSE
19940922,"1994-09-22 12:00:00","1994-09-22 12:00:00",1994,9,22,13.889,25.611,19.944,0,NA,NA,FALSE,FALSE
19940923,"1994-09-23 12:00:00","1994-09-23 12:00:00",1994,9,23,12.5,24.111,18.056,0,NA,NA,FALSE,FALSE
19940924,"1994-09-24 12:00:00","1994-09-24 12:00:00",1994,9,24,11.611,22,15.778,11.938,NA,NA,FALSE,FALSE
19940925,"1994-09-25 12:00:00","1994-09-25 12:00:00",1994,9,25,10.722,24.389,17.278,0,NA,NA,FALSE,FALSE
19940926,"1994-09-26 12:00:00","1994-09-26 12:00:00",1994,9,26,10.889,25.5,18.611,0,NA,NA,FALSE,FALSE
19940927,"1994-09-27 12:00:00","1994-09-27 12:00:00",1994,9,27,13.111,25.889,19.611,0,NA,NA,FALSE,FALSE
19940928,"1994-09-28 12:00:00","1994-09-28 12:00:00",1994,9,28,13.5,27.889,20.778,0,NA,NA,FALSE,FALSE
19940929,"1994-09-29 12:00:00","1994-09-29 12:00:00",1994,9,29,13.889,26.5,19.889,0,NA,NA,FALSE,FALSE
19940930,"1994-09-30 12:00:00","1994-09-30 12:00:00",1994,9,30,10.778,24.722,17.667,0,NA,NA,FALSE,FALSE
19941001,"1994-10-01 12:00:00","1994-10-01 12:00:00",1994,10,1,10.611,25.5,17.944,0,NA,NA,FALSE,FALSE
19941002,"1994-10-02 12:00:00","1994-10-02 12:00:00",1994,10,2,11.222,26.722,18.833,0,NA,NA,FALSE,FALSE
19941003,"1994-10-03 12:00:00","1994-10-03 12:00:00",1994,10,3,12.889,26.778,20.333,NA,NA,NA,FALSE,FALSE
19941004,"1994-10-04 12:00:00","1994-10-04 12:00:00",1994,10,4,11.5,20.611,16.056,3.048,NA,NA,FALSE,FALSE
19941005,"1994-10-05 12:00:00","1994-10-05 12:00:00",1994,10,5,10.278,23.222,16.5,0,NA,NA,FALSE,FALSE
19941006,"1994-10-06 12:00:00","1994-10-06 12:00:00",1994,10,6,9.722,24.778,17.278,0,NA,NA,FALSE,FALSE
19941007,"1994-10-07 12:00:00","1994-10-07 12:00:00",1994,10,7,10.111,22.389,16.889,0,NA,NA,FALSE,FALSE
19941008,"1994-10-08 12:00:00","1994-10-08 12:00:00",1994,10,8,10.389,27.722,19.389,0,NA,NA,FALSE,FALSE
19941009,"1994-10-09 12:00:00","1994-10-09 12:00:00",1994,10,9,12.611,27.722,20.722,0,NA,NA,FALSE,FALSE
19941010,"1994-10-10 12:00:00","1994-10-10 12:00:00",1994,10,10,16,22,19.778,0,NA,NA,FALSE,FALSE
19941011,"1994-10-11 12:00:00","1994-10-11 12:00:00",1994,10,11,18,20.222,18.778,23.876,NA,NA,FALSE,FALSE
19941012,"1994-10-12 12:00:00","1994-10-12 12:00:00",1994,10,12,13.722,21.611,17.611,23.114,NA,NA,FALSE,FALSE
19941013,"1994-10-13 12:00:00","1994-10-13 12:00:00",1994,10,13,13.278,23.889,19.222,2.032,NA,NA,FALSE,FALSE
19941014,"1994-10-14 12:00:00","1994-10-14 12:00:00",1994,10,14,13.722,24.889,17.944,0,NA,NA,FALSE,FALSE
19941015,"1994-10-15 12:00:00","1994-10-15 12:00:00",1994,10,15,13.222,24.278,21.056,0,NA,NA,FALSE,FALSE
19941016,"1994-10-16 12:00:00","1994-10-16 12:00:00",1994,10,16,15.278,22.722,18.556,5.08,NA,NA,FALSE,FALSE
19941017,"1994-10-17 12:00:00","1994-10-17 12:00:00",1994,10,17,12.889,20.389,16.333,0,NA,NA,FALSE,FALSE
19941018,"1994-10-18 12:00:00","1994-10-18 12:00:00",1994,10,18,12.278,22.222,17.611,0,NA,NA,FALSE,FALSE
19941019,"1994-10-19 12:00:00","1994-10-19 12:00:00",1994,10,19,12.278,18.389,15.111,0.254,NA,NA,FALSE,FALSE
19941020,"1994-10-20 12:00:00","1994-10-20 12:00:00",1994,10,20,10.778,20.222,14.5,0.254,NA,NA,FALSE,FALSE
19941021,"1994-10-21 12:00:00","1994-10-21 12:00:00",1994,10,21,6.611,14.111,9.5,26.924,NA,NA,FALSE,FALSE
19941022,"1994-10-22 12:00:00","1994-10-22 12:00:00",1994,10,22,5.722,18.389,12.111,1.016,NA,NA,FALSE,FALSE
19941023,"1994-10-23 12:00:00","1994-10-23 12:00:00",1994,10,23,5,21.611,13.056,0,NA,NA,FALSE,FALSE
19941024,"1994-10-24 12:00:00","1994-10-24 12:00:00",1994,10,24,6.722,21.611,13.833,0,NA,NA,FALSE,FALSE
19941025,"1994-10-25 12:00:00","1994-10-25 12:00:00",1994,10,25,6.889,19.778,12.944,0,NA,NA,FALSE,FALSE
19941026,"1994-10-26 12:00:00","1994-10-26 12:00:00",1994,10,26,6.278,20.278,13.111,0,NA,NA,FALSE,FALSE
19941027,"1994-10-27 12:00:00","1994-10-27 12:00:00",1994,10,27,6.611,21.722,13.5,0,NA,NA,FALSE,FALSE
19941028,"1994-10-28 12:00:00","1994-10-28 12:00:00",1994,10,28,6.278,21.111,14.111,0,NA,NA,FALSE,FALSE
19941029,"1994-10-29 12:00:00","1994-10-29 12:00:00",1994,10,29,6.389,18,11.611,0,NA,NA,FALSE,FALSE
19941030,"1994-10-30 12:00:00","1994-10-30 12:00:00",1994,10,30,6.111,17.389,11.778,0,NA,NA,FALSE,FALSE
19941031,"1994-10-31 12:00:00","1994-10-31 12:00:00",1994,10,31,3.889,17.722,10.722,0,NA,NA,FALSE,FALSE
19941101,"1994-11-01 12:00:00","1994-11-01 12:00:00",1994,11,1,2.889,20.222,11.556,0,NA,NA,FALSE,FALSE
19941102,"1994-11-02 12:00:00","1994-11-02 12:00:00",1994,11,2,5.278,19.778,13.778,0,NA,NA,FALSE,FALSE
19941103,"1994-11-03 12:00:00","1994-11-03 12:00:00",1994,11,3,3.722,17.5,11.389,0,NA,NA,FALSE,FALSE
19941104,"1994-11-04 12:00:00","1994-11-04 12:00:00",1994,11,4,3.111,18.611,10.611,0,NA,NA,FALSE,FALSE
19941105,"1994-11-05 12:00:00","1994-11-05 12:00:00",1994,11,5,6.5,19.778,14.667,0,NA,NA,FALSE,FALSE
19941106,"1994-11-06 12:00:00","1994-11-06 12:00:00",1994,11,6,9.611,21.778,14.667,0,NA,NA,FALSE,FALSE
19941107,"1994-11-07 12:00:00","1994-11-07 12:00:00",1994,11,7,3.5,18.222,10.889,0,NA,NA,FALSE,FALSE
19941108,"1994-11-08 12:00:00","1994-11-08 12:00:00",1994,11,8,2.389,20.722,11,0,NA,NA,FALSE,FALSE
19941109,"1994-11-09 12:00:00","1994-11-09 12:00:00",1994,11,9,4.278,21.389,15.556,0,NA,NA,FALSE,FALSE
19941110,"1994-11-10 12:00:00","1994-11-10 12:00:00",1994,11,10,11.611,22.722,16.944,0,NA,NA,FALSE,FALSE
19941111,"1994-11-11 12:00:00","1994-11-11 12:00:00",1994,11,11,7.278,20.722,13.5,0,NA,NA,FALSE,FALSE
19941112,"1994-11-12 12:00:00","1994-11-12 12:00:00",1994,11,12,6.778,21.778,14.556,0,NA,NA,FALSE,FALSE
19941113,"1994-11-13 12:00:00","1994-11-13 12:00:00",1994,11,13,9.778,19.722,14.222,0,NA,NA,FALSE,FALSE
19941114,"1994-11-14 12:00:00","1994-11-14 12:00:00",1994,11,14,11,18.278,14.722,0,NA,NA,FALSE,FALSE
19941115,"1994-11-15 12:00:00","1994-11-15 12:00:00",1994,11,15,10.278,13.889,11,0,NA,NA,FALSE,FALSE
19941116,"1994-11-16 12:00:00","1994-11-16 12:00:00",1994,11,16,9.278,19.222,12.944,0,NA,NA,FALSE,FALSE
19941117,"1994-11-17 12:00:00","1994-11-17 12:00:00",1994,11,17,8.222,20.778,15.611,0,NA,NA,FALSE,FALSE
19941118,"1994-11-18 12:00:00","1994-11-18 12:00:00",1994,11,18,11.611,15.222,13.667,32.004,NA,NA,FALSE,FALSE
19941119,"1994-11-19 12:00:00","1994-11-19 12:00:00",1994,11,19,6.5,16.278,11.056,6.096,NA,NA,FALSE,FALSE
19941120,"1994-11-20 12:00:00","1994-11-20 12:00:00",1994,11,20,5.111,16.611,9.611,0,NA,NA,FALSE,FALSE
19941121,"1994-11-21 12:00:00","1994-11-21 12:00:00",1994,11,21,4,12.889,7.611,0,NA,NA,FALSE,FALSE
19941122,"1994-11-22 12:00:00","1994-11-22 12:00:00",1994,11,22,0.889,11.722,6.778,0,NA,NA,FALSE,FALSE
19941123,"1994-11-23 12:00:00","1994-11-23 12:00:00",1994,11,23,-0.111,14.722,7.944,0,NA,NA,FALSE,FALSE
19941124,"1994-11-24 12:00:00","1994-11-24 12:00:00",1994,11,24,4.5,11.111,9.722,1.016,NA,NA,FALSE,FALSE
19941125,"1994-11-25 12:00:00","1994-11-25 12:00:00",1994,11,25,2.278,13.278,7.222,0,NA,NA,FALSE,FALSE
19941126,"1994-11-26 12:00:00","1994-11-26 12:00:00",1994,11,26,-0.722,11.389,5,0,NA,NA,FALSE,FALSE
19941127,"1994-11-27 12:00:00","1994-11-27 12:00:00",1994,11,27,-1.722,12.111,5.556,0,NA,NA,FALSE,FALSE
19941128,"1994-11-28 12:00:00","1994-11-28 12:00:00",1994,11,28,1.111,10.722,7.722,NA,NA,NA,FALSE,FALSE
19941129,"1994-11-29 12:00:00","1994-11-29 12:00:00",1994,11,29,2.389,15.889,8.278,0,NA,NA,FALSE,FALSE
19941130,"1994-11-30 12:00:00","1994-11-30 12:00:00",1994,11,30,1.278,17.389,11.167,0,NA,NA,FALSE,FALSE
19941201,"1994-12-01 12:00:00","1994-12-01 12:00:00",1994,12,1,9,17.611,11.889,NA,NA,NA,FALSE,FALSE
19941202,"1994-12-02 12:00:00","1994-12-02 12:00:00",1994,12,2,-1.111,11.111,2.833,1.016,NA,NA,FALSE,FALSE
19941203,"1994-12-03 12:00:00","1994-12-03 12:00:00",1994,12,3,-1.222,5.222,1.722,0,NA,NA,FALSE,FALSE
19941204,"1994-12-04 12:00:00","1994-12-04 12:00:00",1994,12,4,-0.222,9.722,4.722,0.508,NA,NA,FALSE,FALSE
19941205,"1994-12-05 12:00:00","1994-12-05 12:00:00",1994,12,5,-1.889,8.5,2.889,0,NA,NA,FALSE,FALSE
19941206,"1994-12-06 12:00:00","1994-12-06 12:00:00",1994,12,6,-2.778,12.889,7.167,0,NA,NA,FALSE,FALSE
19941207,"1994-12-07 12:00:00","1994-12-07 12:00:00",1994,12,7,3.889,15.389,9.056,0,NA,NA,FALSE,FALSE
19941208,"1994-12-08 12:00:00","1994-12-08 12:00:00",1994,12,8,2.778,14.5,11.056,1.016,NA,NA,FALSE,FALSE
19941209,"1994-12-09 12:00:00","1994-12-09 12:00:00",1994,12,9,2.778,15.278,8.556,19.05,NA,NA,FALSE,FALSE
19941210,"1994-12-10 12:00:00","1994-12-10 12:00:00",1994,12,10,1.611,14.5,9.333,0,NA,NA,FALSE,FALSE
19941211,"1994-12-11 12:00:00","1994-12-11 12:00:00",1994,12,11,3.778,11.278,8.889,0.508,NA,NA,FALSE,FALSE
19941212,"1994-12-12 12:00:00","1994-12-12 12:00:00",1994,12,12,3.111,8.611,5.944,0,NA,NA,FALSE,FALSE
19941213,"1994-12-13 12:00:00","1994-12-13 12:00:00",1994,12,13,0.111,5.278,1.556,0,NA,NA,FALSE,FALSE
19941214,"1994-12-14 12:00:00","1994-12-14 12:00:00",1994,12,14,-1.722,3.889,1.444,3.048,NA,NA,FALSE,FALSE
19941215,"1994-12-15 12:00:00","1994-12-15 12:00:00",1994,12,15,-6.111,1.722,-1.889,0,NA,NA,FALSE,FALSE
19941216,"1994-12-16 12:00:00","1994-12-16 12:00:00",1994,12,16,-6.722,1.278,-2.444,0,NA,NA,FALSE,FALSE
19941217,"1994-12-17 12:00:00","1994-12-17 12:00:00",1994,12,17,-3.889,4.889,-0.833,0,NA,NA,FALSE,FALSE
19941218,"1994-12-18 12:00:00","1994-12-18 12:00:00",1994,12,18,-4.778,4.722,-0.833,0,NA,NA,FALSE,FALSE
19941219,"1994-12-19 12:00:00","1994-12-19 12:00:00",1994,12,19,-5.389,6.722,0.944,0,NA,NA,FALSE,FALSE
19941220,"1994-12-20 12:00:00","1994-12-20 12:00:00",1994,12,20,-1.722,6.5,1.944,0,NA,NA,FALSE,FALSE
19941221,"1994-12-21 12:00:00","1994-12-21 12:00:00",1994,12,21,-2.222,8.111,2.389,0,NA,NA,FALSE,FALSE
19941222,"1994-12-22 12:00:00","1994-12-22 12:00:00",1994,12,22,-3.222,10,2.889,0,NA,NA,FALSE,FALSE
19941223,"1994-12-23 12:00:00","1994-12-23 12:00:00",1994,12,23,-1.111,12.5,5.333,0,NA,NA,FALSE,FALSE
19941224,"1994-12-24 12:00:00","1994-12-24 12:00:00",1994,12,24,1.389,15.889,9.222,0,NA,NA,FALSE,FALSE
19941225,"1994-12-25 12:00:00","1994-12-25 12:00:00",1994,12,25,3,12.278,7.667,0,NA,NA,FALSE,FALSE
19941226,"1994-12-26 12:00:00","1994-12-26 12:00:00",1994,12,26,2.111,8.278,4.833,0.508,NA,NA,FALSE,FALSE
19941227,"1994-12-27 12:00:00","1994-12-27 12:00:00",1994,12,27,1.5,9.111,4.333,0,NA,NA,FALSE,FALSE
19941228,"1994-12-28 12:00:00","1994-12-28 12:00:00",1994,12,28,-0.889,7.611,2.667,0,NA,NA,FALSE,FALSE
19941229,"1994-12-29 12:00:00","1994-12-29 12:00:00",1994,12,29,-2.389,9.278,2.333,0,NA,NA,FALSE,FALSE
19941230,"1994-12-30 12:00:00","1994-12-30 12:00:00",1994,12,30,-1.889,8.278,4.111,0,NA,NA,FALSE,FALSE
19941231,"1994-12-31 12:00:00","1994-12-31 12:00:00",1994,12,31,-2.889,4.889,0.5,0,NA,NA,FALSE,FALSE
19950101,"1995-01-01 12:00:00","1995-01-01 12:00:00",1995,1,1,-5.5,5.278,-0.389,0,NA,NA,FALSE,FALSE
19950102,"1995-01-02 12:00:00","1995-01-02 12:00:00",1995,1,2,-5.5,8.222,2.444,NA,NA,NA,FALSE,FALSE
19950103,"1995-01-03 12:00:00","1995-01-03 12:00:00",1995,1,3,0,3.389,2.111,6.096,NA,NA,FALSE,FALSE
19950104,"1995-01-04 12:00:00","1995-01-04 12:00:00",1995,1,4,-0.278,5.5,1.389,2.032,NA,NA,FALSE,FALSE
19950105,"1995-01-05 12:00:00","1995-01-05 12:00:00",1995,1,5,-2,4.778,0.667,5.08,NA,NA,FALSE,FALSE
19950106,"1995-01-06 12:00:00","1995-01-06 12:00:00",1995,1,6,-3.222,3.278,-0.333,2.032,NA,NA,FALSE,FALSE
19950107,"1995-01-07 12:00:00","1995-01-07 12:00:00",1995,1,7,-4.111,11.111,3.333,0,NA,NA,FALSE,FALSE
19950108,"1995-01-08 12:00:00","1995-01-08 12:00:00",1995,1,8,-1.389,12.778,6.278,0,NA,NA,FALSE,FALSE
19950109,"1995-01-09 12:00:00","1995-01-09 12:00:00",1995,1,9,-2.778,7.611,1.944,0,NA,NA,FALSE,FALSE
19950110,"1995-01-10 12:00:00","1995-01-10 12:00:00",1995,1,10,-3.889,2.222,-1.056,0,NA,NA,FALSE,FALSE
19950111,"1995-01-11 12:00:00","1995-01-11 12:00:00",1995,1,11,-4.389,2.389,-0.833,0,NA,NA,FALSE,FALSE
19950112,"1995-01-12 12:00:00","1995-01-12 12:00:00",1995,1,12,-3.611,2.5,0.611,1.016,NA,NA,FALSE,FALSE
19950113,"1995-01-13 12:00:00","1995-01-13 12:00:00",1995,1,13,-5.222,1.889,-2.167,0.508,NA,NA,FALSE,FALSE
19950114,"1995-01-14 12:00:00","1995-01-14 12:00:00",1995,1,14,-5.722,0.111,-2.222,0.508,NA,NA,FALSE,FALSE
19950115,"1995-01-15 12:00:00","1995-01-15 12:00:00",1995,1,15,-3.278,5.111,0.389,0,NA,NA,FALSE,FALSE
19950116,"1995-01-16 12:00:00","1995-01-16 12:00:00",1995,1,16,-3.889,7.111,1,0,NA,NA,FALSE,FALSE
19950117,"1995-01-17 12:00:00","1995-01-17 12:00:00",1995,1,17,-3.722,6.722,0.222,0,NA,NA,FALSE,FALSE
19950118,"1995-01-18 12:00:00","1995-01-18 12:00:00",1995,1,18,-5.278,6.778,0.333,0,NA,NA,FALSE,FALSE
19950119,"1995-01-19 12:00:00","1995-01-19 12:00:00",1995,1,19,-5.222,3.278,-1.056,0,NA,NA,FALSE,FALSE
19950120,"1995-01-20 12:00:00","1995-01-20 12:00:00",1995,1,20,-3.889,7.222,1.722,0,NA,NA,FALSE,FALSE
19950121,"1995-01-21 12:00:00","1995-01-21 12:00:00",1995,1,21,-2,6.889,4.056,1.016,NA,NA,FALSE,FALSE
19950122,"1995-01-22 12:00:00","1995-01-22 12:00:00",1995,1,22,3.278,6.278,4.278,23.114,NA,NA,FALSE,FALSE
19950123,"1995-01-23 12:00:00","1995-01-23 12:00:00",1995,1,23,-1.278,6.222,2.167,1.016,NA,NA,FALSE,FALSE
19950124,"1995-01-24 12:00:00","1995-01-24 12:00:00",1995,1,24,-4.111,3.278,-1,0.508,NA,NA,FALSE,FALSE
19950125,"1995-01-25 12:00:00","1995-01-25 12:00:00",1995,1,25,-5.722,7.389,2.444,0.254,NA,NA,FALSE,FALSE
19950126,"1995-01-26 12:00:00","1995-01-26 12:00:00",1995,1,26,-5.278,2.889,-1.722,0,NA,NA,FALSE,FALSE
19950127,"1995-01-27 12:00:00","1995-01-27 12:00:00",1995,1,27,-6.222,4.889,0.056,0,NA,NA,FALSE,FALSE
19950128,"1995-01-28 12:00:00","1995-01-28 12:00:00",1995,1,28,-5.778,1.389,-2.611,0,NA,NA,FALSE,FALSE
19950129,"1995-01-29 12:00:00","1995-01-29 12:00:00",1995,1,29,-6.778,1.889,-2.278,1.016,NA,NA,FALSE,FALSE
19950130,"1995-01-30 12:00:00","1995-01-30 12:00:00",1995,1,30,-7.389,0.722,-3.667,0.508,NA,NA,FALSE,FALSE
19950131,"1995-01-31 12:00:00","1995-01-31 12:00:00",1995,1,31,-8.389,3.278,-1.889,0,NA,NA,FALSE,FALSE
19950201,"1995-02-01 12:00:00","1995-02-01 12:00:00",1995,2,1,-5.889,4,-1.889,0,NA,NA,FALSE,FALSE
19950202,"1995-02-02 12:00:00","1995-02-02 12:00:00",1995,2,2,-6.222,6,-1,0,NA,NA,FALSE,FALSE
19950203,"1995-02-03 12:00:00","1995-02-03 12:00:00",1995,2,3,-6.778,5.5,0.056,0,NA,NA,FALSE,FALSE
19950204,"1995-02-04 12:00:00","1995-02-04 12:00:00",1995,2,4,-4.5,4.611,-0.444,0,NA,NA,FALSE,FALSE
19950205,"1995-02-05 12:00:00","1995-02-05 12:00:00",1995,2,5,-4.722,2.5,-1,0.254,NA,NA,FALSE,FALSE
19950206,"1995-02-06 12:00:00","1995-02-06 12:00:00",1995,2,6,-3.611,6.278,0.944,0,NA,NA,FALSE,FALSE
19950207,"1995-02-07 12:00:00","1995-02-07 12:00:00",1995,2,7,-4.722,11.222,2.722,0,NA,NA,FALSE,FALSE
19950208,"1995-02-08 12:00:00","1995-02-08 12:00:00",1995,2,8,-3.5,11.278,4.556,0,NA,NA,FALSE,FALSE
19950209,"1995-02-09 12:00:00","1995-02-09 12:00:00",1995,2,9,-2.222,10.889,3.889,0,NA,NA,FALSE,FALSE
19950210,"1995-02-10 12:00:00","1995-02-10 12:00:00",1995,2,10,-3.889,11.5,4.111,0,NA,NA,FALSE,FALSE
19950211,"1995-02-11 12:00:00","1995-02-11 12:00:00",1995,2,11,-0.278,14.5,8.833,NA,NA,NA,FALSE,FALSE
19950212,"1995-02-12 12:00:00","1995-02-12 12:00:00",1995,2,12,1.111,9.389,4,23.114,NA,NA,FALSE,FALSE
19950213,"1995-02-13 12:00:00","1995-02-13 12:00:00",1995,2,13,0.5,9.222,3.278,18.034,NA,NA,FALSE,FALSE
19950214,"1995-02-14 12:00:00","1995-02-14 12:00:00",1995,2,14,-3.111,7.222,1.111,0,NA,NA,FALSE,FALSE
19950215,"1995-02-15 12:00:00","1995-02-15 12:00:00",1995,2,15,-3.889,6.778,1.111,0,NA,NA,FALSE,FALSE
19950216,"1995-02-16 12:00:00","1995-02-16 12:00:00",1995,2,16,-1.889,5.889,0.667,0,NA,NA,FALSE,FALSE
19950217,"1995-02-17 12:00:00","1995-02-17 12:00:00",1995,2,17,-2.889,9.278,2.667,0,NA,NA,FALSE,FALSE
19950218,"1995-02-18 12:00:00","1995-02-18 12:00:00",1995,2,18,-1.778,9.5,3.389,0,NA,NA,FALSE,FALSE
19950219,"1995-02-19 12:00:00","1995-02-19 12:00:00",1995,2,19,-2.389,13,5,0,NA,NA,FALSE,FALSE
19950220,"1995-02-20 12:00:00","1995-02-20 12:00:00",1995,2,20,-2.222,8.722,2.444,0,NA,NA,FALSE,FALSE
19950221,"1995-02-21 12:00:00","1995-02-21 12:00:00",1995,2,21,-2.778,9.389,2.056,0,NA,NA,FALSE,FALSE
19950222,"1995-02-22 12:00:00","1995-02-22 12:00:00",1995,2,22,-2.778,11.778,3.611,0,NA,NA,FALSE,FALSE
19950223,"1995-02-23 12:00:00","1995-02-23 12:00:00",1995,2,23,-3.222,10.222,4,0,NA,NA,FALSE,FALSE
19950224,"1995-02-24 12:00:00","1995-02-24 12:00:00",1995,2,24,-0.111,11.778,4.611,0,NA,NA,FALSE,FALSE
19950225,"1995-02-25 12:00:00","1995-02-25 12:00:00",1995,2,25,-0.278,10.5,5.056,1.016,NA,NA,FALSE,FALSE
19950226,"1995-02-26 12:00:00","1995-02-26 12:00:00",1995,2,26,-3.111,6.722,1.667,1.016,NA,NA,FALSE,FALSE
19950227,"1995-02-27 12:00:00","1995-02-27 12:00:00",1995,2,27,-4,12.222,5.611,0,NA,NA,FALSE,FALSE
19950228,"1995-02-28 12:00:00","1995-02-28 12:00:00",1995,2,28,0.111,6.778,1.778,9.906,NA,NA,FALSE,FALSE
19950301,"1995-03-01 12:00:00","1995-03-01 12:00:00",1995,3,1,-2.111,9.278,2.278,3.048,NA,NA,FALSE,FALSE
19950302,"1995-03-02 12:00:00","1995-03-02 12:00:00",1995,3,2,-3.111,11.778,4,0,NA,NA,FALSE,FALSE
19950303,"1995-03-03 12:00:00","1995-03-03 12:00:00",1995,3,3,-0.222,8.111,2.667,NA,NA,NA,FALSE,FALSE
19950304,"1995-03-04 12:00:00","1995-03-04 12:00:00",1995,3,4,-1.111,5.111,1.5,0,NA,NA,FALSE,FALSE
19950305,"1995-03-05 12:00:00","1995-03-05 12:00:00",1995,3,5,-3.111,10.611,3.889,0,NA,NA,FALSE,FALSE
19950306,"1995-03-06 12:00:00","1995-03-06 12:00:00",1995,3,6,-1.222,13.889,6.889,0,NA,NA,FALSE,FALSE
19950307,"1995-03-07 12:00:00","1995-03-07 12:00:00",1995,3,7,1.222,18.222,9.389,0,NA,NA,FALSE,FALSE
19950308,"1995-03-08 12:00:00","1995-03-08 12:00:00",1995,3,8,1.389,19.278,11.944,0,NA,NA,FALSE,FALSE
19950309,"1995-03-09 12:00:00","1995-03-09 12:00:00",1995,3,9,4.278,12.889,9.278,9.906,NA,NA,FALSE,FALSE
19950310,"1995-03-10 12:00:00","1995-03-10 12:00:00",1995,3,10,3.278,10.5,6.056,3.048,NA,NA,FALSE,FALSE
19950311,"1995-03-11 12:00:00","1995-03-11 12:00:00",1995,3,11,3.611,11.389,6.778,0,NA,NA,FALSE,FALSE
19950312,"1995-03-12 12:00:00","1995-03-12 12:00:00",1995,3,12,3.278,9.5,5.667,2.032,NA,NA,FALSE,FALSE
19950313,"1995-03-13 12:00:00","1995-03-13 12:00:00",1995,3,13,0.722,13.778,6,0,NA,NA,FALSE,FALSE
19950314,"1995-03-14 12:00:00","1995-03-14 12:00:00",1995,3,14,-0.111,14.278,8.278,0,NA,NA,FALSE,FALSE
19950315,"1995-03-15 12:00:00","1995-03-15 12:00:00",1995,3,15,2.222,16.611,11.722,0,NA,NA,FALSE,FALSE
19950316,"1995-03-16 12:00:00","1995-03-16 12:00:00",1995,3,16,2.278,12.278,7.333,7.874,NA,NA,FALSE,FALSE
19950317,"1995-03-17 12:00:00","1995-03-17 12:00:00",1995,3,17,-1.722,5.889,0.556,0.508,NA,NA,FALSE,FALSE
19950318,"1995-03-18 12:00:00","1995-03-18 12:00:00",1995,3,18,-2,8.111,3.389,0,NA,NA,FALSE,FALSE
19950319,"1995-03-19 12:00:00","1995-03-19 12:00:00",1995,3,19,-1.611,12.278,6.5,0,NA,NA,FALSE,FALSE
19950320,"1995-03-20 12:00:00","1995-03-20 12:00:00",1995,3,20,2.722,16.389,11.667,0,NA,NA,FALSE,FALSE
19950321,"1995-03-21 12:00:00","1995-03-21 12:00:00",1995,3,21,8.278,20.611,14.722,0,NA,NA,FALSE,FALSE
19950322,"1995-03-22 12:00:00","1995-03-22 12:00:00",1995,3,22,10.889,17.278,13.722,0,NA,NA,FALSE,FALSE
19950323,"1995-03-23 12:00:00","1995-03-23 12:00:00",1995,3,23,9.889,20.111,14.278,0,NA,NA,FALSE,FALSE
19950324,"1995-03-24 12:00:00","1995-03-24 12:00:00",1995,3,24,5.611,14.5,9.611,NA,NA,NA,FALSE,FALSE
19950325,"1995-03-25 12:00:00","1995-03-25 12:00:00",1995,3,25,2.389,8.278,5.278,5.08,NA,NA,FALSE,FALSE
19950326,"1995-03-26 12:00:00","1995-03-26 12:00:00",1995,3,26,1.278,11.389,6.167,0,NA,NA,FALSE,FALSE
19950327,"1995-03-27 12:00:00","1995-03-27 12:00:00",1995,3,27,0.778,14.5,7.056,0,NA,NA,FALSE,FALSE
19950328,"1995-03-28 12:00:00","1995-03-28 12:00:00",1995,3,28,-0.722,15.611,9.444,0,NA,NA,FALSE,FALSE
19950329,"1995-03-29 12:00:00","1995-03-29 12:00:00",1995,3,29,7,18.111,12.444,0,NA,NA,FALSE,FALSE
19950330,"1995-03-30 12:00:00","1995-03-30 12:00:00",1995,3,30,3.5,16.722,10,0,NA,NA,FALSE,FALSE
19950331,"1995-03-31 12:00:00","1995-03-31 12:00:00",1995,3,31,2.611,11.222,5.611,0,NA,NA,FALSE,FALSE
19950401,"1995-04-01 12:00:00","1995-04-01 12:00:00",1995,4,1,1.611,13.389,7.111,0,NA,NA,FALSE,FALSE
19950402,"1995-04-02 12:00:00","1995-04-02 12:00:00",1995,4,2,-0.389,8.722,4.111,0,NA,NA,FALSE,FALSE
19950403,"1995-04-03 12:00:00","1995-04-03 12:00:00",1995,4,3,-1.111,12,5.111,0,NA,NA,FALSE,FALSE
19950404,"1995-04-04 12:00:00","1995-04-04 12:00:00",1995,4,4,-1.389,17.611,8.278,0,NA,NA,FALSE,FALSE
19950405,"1995-04-05 12:00:00","1995-04-05 12:00:00",1995,4,5,2.389,17.889,9.778,0,NA,NA,FALSE,FALSE
19950406,"1995-04-06 12:00:00","1995-04-06 12:00:00",1995,4,6,2.389,17.778,9.222,0,NA,NA,FALSE,FALSE
19950407,"1995-04-07 12:00:00","1995-04-07 12:00:00",1995,4,7,2,18.5,11.667,0,NA,NA,FALSE,FALSE
19950408,"1995-04-08 12:00:00","1995-04-08 12:00:00",1995,4,8,5.111,20.222,16.5,0,NA,NA,FALSE,FALSE
19950409,"1995-04-09 12:00:00","1995-04-09 12:00:00",1995,4,9,4.278,17.111,9.889,3.048,NA,NA,FALSE,FALSE
19950410,"1995-04-10 12:00:00","1995-04-10 12:00:00",1995,4,10,3.722,15.889,9.667,0,NA,NA,FALSE,FALSE
19950411,"1995-04-11 12:00:00","1995-04-11 12:00:00",1995,4,11,4.722,14.889,7.944,6.096,NA,NA,FALSE,FALSE
19950412,"1995-04-12 12:00:00","1995-04-12 12:00:00",1995,4,12,3.5,15.611,9,0.508,NA,NA,FALSE,FALSE
19950413,"1995-04-13 12:00:00","1995-04-13 12:00:00",1995,4,13,3,18.611,12.889,0,NA,NA,FALSE,FALSE
19950414,"1995-04-14 12:00:00","1995-04-14 12:00:00",1995,4,14,8.889,19.889,13.833,7.874,NA,NA,FALSE,FALSE
19950415,"1995-04-15 12:00:00","1995-04-15 12:00:00",1995,4,15,7.278,21.5,14.5,0,NA,NA,FALSE,FALSE
19950416,"1995-04-16 12:00:00","1995-04-16 12:00:00",1995,4,16,9.222,20.611,14.056,0,NA,NA,FALSE,FALSE
19950417,"1995-04-17 12:00:00","1995-04-17 12:00:00",1995,4,17,8.778,24,16.222,0,NA,NA,FALSE,FALSE
19950418,"1995-04-18 12:00:00","1995-04-18 12:00:00",1995,4,18,7.111,21.722,13.389,1.016,NA,NA,FALSE,FALSE
19950419,"1995-04-19 12:00:00","1995-04-19 12:00:00",1995,4,19,2.722,15.278,8.889,0.508,NA,NA,FALSE,FALSE
19950420,"1995-04-20 12:00:00","1995-04-20 12:00:00",1995,4,20,2.111,21.611,13.667,0,NA,NA,FALSE,FALSE
19950421,"1995-04-21 12:00:00","1995-04-21 12:00:00",1995,4,21,8.722,17,15.5,37.084,NA,NA,FALSE,FALSE
19950422,"1995-04-22 12:00:00","1995-04-22 12:00:00",1995,4,22,9.722,18.222,14.111,43.942,NA,NA,FALSE,FALSE
19950423,"1995-04-23 12:00:00","1995-04-23 12:00:00",1995,4,23,6.278,17.611,11.833,10.922,NA,NA,FALSE,FALSE
19950424,"1995-04-24 12:00:00","1995-04-24 12:00:00",1995,4,24,5.889,17.5,11.611,0,NA,NA,FALSE,FALSE
19950425,"1995-04-25 12:00:00","1995-04-25 12:00:00",1995,4,25,5.111,19.778,12.222,0,NA,NA,FALSE,FALSE
19950426,"1995-04-26 12:00:00","1995-04-26 12:00:00",1995,4,26,8.278,19,13.056,0,NA,NA,FALSE,FALSE
19950427,"1995-04-27 12:00:00","1995-04-27 12:00:00",1995,4,27,8,21,13.778,0,NA,NA,FALSE,FALSE
19950428,"1995-04-28 12:00:00","1995-04-28 12:00:00",1995,4,28,7.111,25.222,16.722,0,NA,NA,FALSE,FALSE
19950429,"1995-04-29 12:00:00","1995-04-29 12:00:00",1995,4,29,10.611,20,15.111,0.254,NA,NA,FALSE,FALSE
19950430,"1995-04-30 12:00:00","1995-04-30 12:00:00",1995,4,30,10,26.611,19.778,0,NA,NA,FALSE,FALSE
19950501,"1995-05-01 12:00:00","1995-05-01 12:00:00",1995,5,1,9.778,20.722,15.611,0.254,NA,NA,FALSE,FALSE
19950502,"1995-05-02 12:00:00","1995-05-02 12:00:00",1995,5,2,9.222,23.611,17.5,0,NA,NA,FALSE,FALSE
19950503,"1995-05-03 12:00:00","1995-05-03 12:00:00",1995,5,3,6.389,18.278,12.222,0,NA,NA,FALSE,FALSE
19950504,"1995-05-04 12:00:00","1995-05-04 12:00:00",1995,5,4,5.889,16.278,11.444,0,NA,NA,FALSE,FALSE
19950505,"1995-05-05 12:00:00","1995-05-05 12:00:00",1995,5,5,6.889,20.778,15.056,0,NA,NA,FALSE,FALSE
19950506,"1995-05-06 12:00:00","1995-05-06 12:00:00",1995,5,6,8.278,23.611,16.722,0,NA,NA,FALSE,FALSE
19950507,"1995-05-07 12:00:00","1995-05-07 12:00:00",1995,5,7,8.611,25.611,17.667,0,NA,NA,FALSE,FALSE
19950508,"1995-05-08 12:00:00","1995-05-08 12:00:00",1995,5,8,10.389,26.111,18.444,0,NA,NA,FALSE,FALSE
19950509,"1995-05-09 12:00:00","1995-05-09 12:00:00",1995,5,9,12.611,25.722,21.222,0,NA,NA,FALSE,FALSE
19950510,"1995-05-10 12:00:00","1995-05-10 12:00:00",1995,5,10,4.889,19.611,10.444,9.906,NA,NA,FALSE,FALSE
19950511,"1995-05-11 12:00:00","1995-05-11 12:00:00",1995,5,11,4.222,19.611,12.778,8.89,NA,NA,FALSE,FALSE
19950512,"1995-05-12 12:00:00","1995-05-12 12:00:00",1995,5,12,7,24.722,17,0,NA,NA,FALSE,FALSE
19950513,"1995-05-13 12:00:00","1995-05-13 12:00:00",1995,5,13,10.5,18.778,13.667,10.922,NA,NA,FALSE,FALSE
19950514,"1995-05-14 12:00:00","1995-05-14 12:00:00",1995,5,14,11.389,16.222,13.611,1.016,NA,NA,FALSE,FALSE
19950515,"1995-05-15 12:00:00","1995-05-15 12:00:00",1995,5,15,11,17.389,14.222,7.874,NA,NA,FALSE,FALSE
19950516,"1995-05-16 12:00:00","1995-05-16 12:00:00",1995,5,16,11.111,23.5,16.889,7.874,NA,NA,FALSE,FALSE
19950517,"1995-05-17 12:00:00","1995-05-17 12:00:00",1995,5,17,11,26.5,19,0,NA,NA,FALSE,FALSE
19950518,"1995-05-18 12:00:00","1995-05-18 12:00:00",1995,5,18,11.5,26.611,20.722,0,NA,NA,FALSE,FALSE
19950519,"1995-05-19 12:00:00","1995-05-19 12:00:00",1995,5,19,14,24,21,NA,NA,NA,FALSE,FALSE
19950520,"1995-05-20 12:00:00","1995-05-20 12:00:00",1995,5,20,17.611,21.389,18.5,23.876,NA,NA,FALSE,FALSE
19950521,"1995-05-21 12:00:00","1995-05-21 12:00:00",1995,5,21,14.111,21.222,17.778,2.032,NA,NA,FALSE,FALSE
19950522,"1995-05-22 12:00:00","1995-05-22 12:00:00",1995,5,22,13.111,25.278,18.389,0,NA,NA,FALSE,FALSE
19950523,"1995-05-23 12:00:00","1995-05-23 12:00:00",1995,5,23,12.5,27.389,20.389,0,NA,NA,FALSE,FALSE
19950524,"1995-05-24 12:00:00","1995-05-24 12:00:00",1995,5,24,14.722,26,21.278,NA,NA,NA,FALSE,FALSE
19950525,"1995-05-25 12:00:00","1995-05-25 12:00:00",1995,5,25,17,22.389,19.389,1.016,NA,NA,FALSE,FALSE
19950526,"1995-05-26 12:00:00","1995-05-26 12:00:00",1995,5,26,10,26.611,18.556,0,NA,NA,FALSE,FALSE
19950527,"1995-05-27 12:00:00","1995-05-27 12:00:00",1995,5,27,9.611,27.389,20.778,0,NA,NA,FALSE,FALSE
19950528,"1995-05-28 12:00:00","1995-05-28 12:00:00",1995,5,28,13.389,21.611,15.667,10.922,NA,NA,FALSE,FALSE
19950529,"1995-05-29 12:00:00","1995-05-29 12:00:00",1995,5,29,13.5,24.222,18.833,0,NA,NA,FALSE,FALSE
19950530,"1995-05-30 12:00:00","1995-05-30 12:00:00",1995,5,30,13.111,24.278,17.944,0,NA,NA,FALSE,FALSE
19950531,"1995-05-31 12:00:00","1995-05-31 12:00:00",1995,5,31,12.611,27.111,20.944,0,NA,NA,FALSE,FALSE
19950601,"1995-06-01 12:00:00","1995-06-01 12:00:00",1995,6,1,15,29.889,21.167,0,NA,NA,FALSE,FALSE
19950602,"1995-06-02 12:00:00","1995-06-02 12:00:00",1995,6,2,16.111,27.722,22.556,NA,NA,NA,FALSE,FALSE
19950603,"1995-06-03 12:00:00","1995-06-03 12:00:00",1995,6,3,14.778,21.5,18.167,81.026,NA,NA,FALSE,FALSE
19950604,"1995-06-04 12:00:00","1995-06-04 12:00:00",1995,6,4,14.222,23.778,18.389,0,NA,NA,FALSE,FALSE
19950605,"1995-06-05 12:00:00","1995-06-05 12:00:00",1995,6,5,14.222,25.5,19.889,0,NA,NA,FALSE,FALSE
19950606,"1995-06-06 12:00:00","1995-06-06 12:00:00",1995,6,6,13.778,29.611,22.167,0,NA,NA,FALSE,FALSE
19950607,"1995-06-07 12:00:00","1995-06-07 12:00:00",1995,6,7,16,28.722,22.444,0,NA,NA,FALSE,FALSE
19950608,"1995-06-08 12:00:00","1995-06-08 12:00:00",1995,6,8,17,28.611,22.278,0,NA,NA,FALSE,FALSE
19950609,"1995-06-09 12:00:00","1995-06-09 12:00:00",1995,6,9,17.389,23.889,20.389,0,NA,NA,FALSE,FALSE
19950610,"1995-06-10 12:00:00","1995-06-10 12:00:00",1995,6,10,18,27.722,22.333,4.064,NA,NA,FALSE,FALSE
19950611,"1995-06-11 12:00:00","1995-06-11 12:00:00",1995,6,11,16.889,26.278,21.444,0,NA,NA,FALSE,FALSE
19950612,"1995-06-12 12:00:00","1995-06-12 12:00:00",1995,6,12,16.389,23.5,19.611,1.016,NA,NA,FALSE,FALSE
19950613,"1995-06-13 12:00:00","1995-06-13 12:00:00",1995,6,13,16.722,22.889,19.5,9.906,NA,NA,FALSE,FALSE
19950614,"1995-06-14 12:00:00","1995-06-14 12:00:00",1995,6,14,17.778,25.222,20.389,0,NA,NA,FALSE,FALSE
19950615,"1995-06-15 12:00:00","1995-06-15 12:00:00",1995,6,15,17.111,26.611,20.833,0,NA,NA,FALSE,FALSE
19950616,"1995-06-16 12:00:00","1995-06-16 12:00:00",1995,6,16,16.889,28.778,22.444,0,NA,NA,FALSE,FALSE
19950617,"1995-06-17 12:00:00","1995-06-17 12:00:00",1995,6,17,17.778,26.611,22.333,0,NA,NA,FALSE,FALSE
19950618,"1995-06-18 12:00:00","1995-06-18 12:00:00",1995,6,18,18,22.222,19.333,1.016,NA,NA,FALSE,FALSE
19950619,"1995-06-19 12:00:00","1995-06-19 12:00:00",1995,6,19,18,27.222,21.778,0.254,NA,NA,FALSE,FALSE
19950620,"1995-06-20 12:00:00","1995-06-20 12:00:00",1995,6,20,17.889,30.5,25.278,0,NA,NA,FALSE,FALSE
19950621,"1995-06-21 12:00:00","1995-06-21 12:00:00",1995,6,21,18.778,27.778,23.278,0,NA,NA,FALSE,FALSE
19950622,"1995-06-22 12:00:00","1995-06-22 12:00:00",1995,6,22,17.278,25.5,21.222,0,NA,NA,FALSE,FALSE
19950623,"1995-06-23 12:00:00","1995-06-23 12:00:00",1995,6,23,17,26.889,21.722,0,NA,NA,FALSE,FALSE
19950624,"1995-06-24 12:00:00","1995-06-24 12:00:00",1995,6,24,18.111,31.111,24.944,0,NA,NA,FALSE,FALSE
19950625,"1995-06-25 12:00:00","1995-06-25 12:00:00",1995,6,25,19.611,29.222,23.389,0,NA,NA,FALSE,FALSE
19950626,"1995-06-26 12:00:00","1995-06-26 12:00:00",1995,6,26,18.611,26.778,21.889,0,NA,NA,FALSE,FALSE
19950627,"1995-06-27 12:00:00","1995-06-27 12:00:00",1995,6,27,18.111,28.611,22.944,0,NA,NA,FALSE,FALSE
19950628,"1995-06-28 12:00:00","1995-06-28 12:00:00",1995,6,28,18.778,28.611,23.167,0,NA,NA,FALSE,FALSE
19950629,"1995-06-29 12:00:00","1995-06-29 12:00:00",1995,6,29,18.778,29.389,23.778,0,NA,NA,FALSE,FALSE
19950630,"1995-06-30 12:00:00","1995-06-30 12:00:00",1995,6,30,20.5,25.5,23.056,0,NA,NA,FALSE,FALSE
19950701,"1995-07-01 12:00:00","1995-07-01 12:00:00",1995,7,1,21.889,27.5,23.944,NA,NA,NA,FALSE,FALSE
19950702,"1995-07-02 12:00:00","1995-07-02 12:00:00",1995,7,2,20.611,23.5,21.333,11.938,NA,NA,FALSE,FALSE
19950703,"1995-07-03 12:00:00","1995-07-03 12:00:00",1995,7,3,18.889,26.111,21.778,0.254,NA,NA,FALSE,FALSE
19950704,"1995-07-04 12:00:00","1995-07-04 12:00:00",1995,7,4,18.778,24.889,21.778,NA,NA,NA,FALSE,FALSE
19950705,"1995-07-05 12:00:00","1995-07-05 12:00:00",1995,7,5,19.389,27.111,22.389,0.508,NA,NA,FALSE,FALSE
19950706,"1995-07-06 12:00:00","1995-07-06 12:00:00",1995,7,6,19.111,26.889,23.389,0,NA,NA,FALSE,FALSE
19950707,"1995-07-07 12:00:00","1995-07-07 12:00:00",1995,7,7,20.5,22.611,21.5,11.938,NA,NA,FALSE,FALSE
19950708,"1995-07-08 12:00:00","1995-07-08 12:00:00",1995,7,8,21.389,29,25.611,7.874,NA,NA,FALSE,FALSE
19950709,"1995-07-09 12:00:00","1995-07-09 12:00:00",1995,7,9,23.722,28,25.722,0,NA,NA,FALSE,FALSE
19950710,"1995-07-10 12:00:00","1995-07-10 12:00:00",1995,7,10,24.389,27.778,25.611,1.016,NA,NA,FALSE,FALSE
19950711,"1995-07-11 12:00:00","1995-07-11 12:00:00",1995,7,11,24.389,30.611,27.389,1.016,NA,NA,FALSE,FALSE
19950712,"1995-07-12 12:00:00","1995-07-12 12:00:00",1995,7,12,25.111,30.222,26.778,3.048,NA,NA,FALSE,FALSE
19950713,"1995-07-13 12:00:00","1995-07-13 12:00:00",1995,7,13,24.889,29.111,26.389,0,NA,NA,FALSE,FALSE
19950714,"1995-07-14 12:00:00","1995-07-14 12:00:00",1995,7,14,24.778,30.222,26.889,0,NA,NA,FALSE,FALSE
19950715,"1995-07-15 12:00:00","1995-07-15 12:00:00",1995,7,15,24.889,28.778,26.611,0,NA,NA,FALSE,FALSE
19950716,"1995-07-16 12:00:00","1995-07-16 12:00:00",1995,7,16,20.5,27.389,23.889,2.032,NA,NA,FALSE,FALSE
19950717,"1995-07-17 12:00:00","1995-07-17 12:00:00",1995,7,17,20.278,30.222,24.833,0,NA,NA,FALSE,FALSE
19950718,"1995-07-18 12:00:00","1995-07-18 12:00:00",1995,7,18,20.778,30.5,24.722,0,NA,NA,FALSE,FALSE
19950719,"1995-07-19 12:00:00","1995-07-19 12:00:00",1995,7,19,21.611,24.611,23.333,4.064,NA,NA,FALSE,FALSE
19950720,"1995-07-20 12:00:00","1995-07-20 12:00:00",1995,7,20,22,29,24.444,2.032,NA,NA,FALSE,FALSE
19950721,"1995-07-21 12:00:00","1995-07-21 12:00:00",1995,7,21,21.5,29.778,25.556,29.972,NA,NA,FALSE,FALSE
19950722,"1995-07-22 12:00:00","1995-07-22 12:00:00",1995,7,22,23.278,31.111,26.778,0,NA,NA,FALSE,FALSE
19950723,"1995-07-23 12:00:00","1995-07-23 12:00:00",1995,7,23,23.222,27.278,24.722,7.112,NA,NA,FALSE,FALSE
19950724,"1995-07-24 12:00:00","1995-07-24 12:00:00",1995,7,24,25.111,31.722,27.722,25.908,NA,NA,FALSE,FALSE
19950725,"1995-07-25 12:00:00","1995-07-25 12:00:00",1995,7,25,25.111,30.889,27.944,3.048,NA,NA,FALSE,FALSE
19950726,"1995-07-26 12:00:00","1995-07-26 12:00:00",1995,7,26,25.222,31,27.611,0,NA,NA,FALSE,FALSE
19950727,"1995-07-27 12:00:00","1995-07-27 12:00:00",1995,7,27,21.222,33,27.611,0,NA,NA,FALSE,FALSE
19950728,"1995-07-28 12:00:00","1995-07-28 12:00:00",1995,7,28,20.889,32.722,26.778,0,NA,NA,FALSE,FALSE
19950729,"1995-07-29 12:00:00","1995-07-29 12:00:00",1995,7,29,22.222,33,27.556,0,NA,NA,FALSE,FALSE
19950730,"1995-07-30 12:00:00","1995-07-30 12:00:00",1995,7,30,24.222,32.778,28.167,0,NA,NA,FALSE,FALSE
19950731,"1995-07-31 12:00:00","1995-07-31 12:00:00",1995,7,31,25.889,32.889,28.833,NA,NA,NA,FALSE,FALSE
19950801,"1995-08-01 12:00:00","1995-08-01 12:00:00",1995,8,1,26.278,32.222,28.333,2.032,NA,NA,FALSE,FALSE
19950802,"1995-08-02 12:00:00","1995-08-02 12:00:00",1995,8,2,26.389,32.778,28.889,0,NA,NA,FALSE,FALSE
19950803,"1995-08-03 12:00:00","1995-08-03 12:00:00",1995,8,3,25.278,33.111,28.722,0,NA,NA,FALSE,FALSE
19950804,"1995-08-04 12:00:00","1995-08-04 12:00:00",1995,8,4,25.111,33.111,28.778,0,NA,NA,FALSE,FALSE
19950805,"1995-08-05 12:00:00","1995-08-05 12:00:00",1995,8,5,25.111,33.889,28.833,0,NA,NA,FALSE,FALSE
19950806,"1995-08-06 12:00:00","1995-08-06 12:00:00",1995,8,6,25.222,33.389,28.778,0,NA,NA,FALSE,FALSE
19950807,"1995-08-07 12:00:00","1995-08-07 12:00:00",1995,8,7,26,33.111,29.056,0,NA,NA,FALSE,FALSE
19950808,"1995-08-08 12:00:00","1995-08-08 12:00:00",1995,8,8,25.889,32.5,28.5,0,NA,NA,FALSE,FALSE
19950809,"1995-08-09 12:00:00","1995-08-09 12:00:00",1995,8,9,23.222,28.389,25.167,20.066,NA,NA,FALSE,FALSE
19950810,"1995-08-10 12:00:00","1995-08-10 12:00:00",1995,8,10,22.611,30.5,26.444,19.05,NA,NA,FALSE,FALSE
19950811,"1995-08-11 12:00:00","1995-08-11 12:00:00",1995,8,11,22.5,32.722,27.833,0,NA,NA,FALSE,FALSE
19950812,"1995-08-12 12:00:00","1995-08-12 12:00:00",1995,8,12,25.722,33,28.944,0,NA,NA,FALSE,FALSE
19950813,"1995-08-13 12:00:00","1995-08-13 12:00:00",1995,8,13,26.222,33.889,29.389,0,NA,NA,FALSE,FALSE
19950814,"1995-08-14 12:00:00","1995-08-14 12:00:00",1995,8,14,24.611,35.889,28.389,0,NA,NA,FALSE,FALSE
19950815,"1995-08-15 12:00:00","1995-08-15 12:00:00",1995,8,15,23.5,34.222,27.5,0,NA,NA,FALSE,FALSE
19950816,"1995-08-16 12:00:00","1995-08-16 12:00:00",1995,8,16,23.5,34,29,0,NA,NA,FALSE,FALSE
19950817,"1995-08-17 12:00:00","1995-08-17 12:00:00",1995,8,17,24.889,32.611,27.333,7.112,NA,NA,FALSE,FALSE
19950818,"1995-08-18 12:00:00","1995-08-18 12:00:00",1995,8,18,25.222,32.722,29.111,NA,NA,NA,FALSE,FALSE
19950819,"1995-08-19 12:00:00","1995-08-19 12:00:00",1995,8,19,24.222,30.222,27,17.018,NA,NA,FALSE,FALSE
19950820,"1995-08-20 12:00:00","1995-08-20 12:00:00",1995,8,20,23.889,28.778,26,25.908,NA,NA,FALSE,FALSE
19950821,"1995-08-21 12:00:00","1995-08-21 12:00:00",1995,8,21,21,29.111,24.722,0.254,NA,NA,FALSE,FALSE
19950822,"1995-08-22 12:00:00","1995-08-22 12:00:00",1995,8,22,20.889,31.722,27.667,NA,NA,NA,FALSE,FALSE
19950823,"1995-08-23 12:00:00","1995-08-23 12:00:00",1995,8,23,25.611,30.111,28.056,2.032,NA,NA,FALSE,FALSE
19950824,"1995-08-24 12:00:00","1995-08-24 12:00:00",1995,8,24,25.111,31.5,27.389,23.876,NA,NA,FALSE,FALSE
19950825,"1995-08-25 12:00:00","1995-08-25 12:00:00",1995,8,25,22.778,32.111,26.389,13.97,NA,NA,FALSE,FALSE
19950826,"1995-08-26 12:00:00","1995-08-26 12:00:00",1995,8,26,22.778,29,25.056,27.94,NA,NA,FALSE,FALSE
19950827,"1995-08-27 12:00:00","1995-08-27 12:00:00",1995,8,27,21.611,29.889,25.333,3.048,NA,NA,FALSE,FALSE
19950828,"1995-08-28 12:00:00","1995-08-28 12:00:00",1995,8,28,20.278,30.389,24.778,0,NA,NA,FALSE,FALSE
19950829,"1995-08-29 12:00:00","1995-08-29 12:00:00",1995,8,29,20.111,31,26.667,NA,NA,NA,FALSE,FALSE
19950830,"1995-08-30 12:00:00","1995-08-30 12:00:00",1995,8,30,24.722,29.278,26.444,1.016,NA,NA,FALSE,FALSE
19950831,"1995-08-31 12:00:00","1995-08-31 12:00:00",1995,8,31,24.222,31.111,27.111,7.874,NA,NA,FALSE,FALSE
19950901,"1995-09-01 12:00:00","1995-09-01 12:00:00",1995,9,1,23.222,29.5,26.722,0.254,NA,NA,FALSE,FALSE
19950902,"1995-09-02 12:00:00","1995-09-02 12:00:00",1995,9,2,24.722,26.778,25.389,14.986,NA,NA,FALSE,FALSE
19950903,"1995-09-03 12:00:00","1995-09-03 12:00:00",1995,9,3,20.889,25.722,23.222,3.048,NA,NA,FALSE,FALSE
19950904,"1995-09-04 12:00:00","1995-09-04 12:00:00",1995,9,4,17.722,28.778,23.111,2.032,NA,NA,FALSE,FALSE
19950905,"1995-09-05 12:00:00","1995-09-05 12:00:00",1995,9,5,17.5,28.611,22.556,0,NA,NA,FALSE,FALSE
19950906,"1995-09-06 12:00:00","1995-09-06 12:00:00",1995,9,6,18.278,27,24.833,0,NA,NA,FALSE,FALSE
19950907,"1995-09-07 12:00:00","1995-09-07 12:00:00",1995,9,7,23.611,32.278,26.833,0,NA,NA,FALSE,FALSE
19950908,"1995-09-08 12:00:00","1995-09-08 12:00:00",1995,9,8,19.722,25.778,22.167,0.254,NA,NA,FALSE,FALSE
19950909,"1995-09-09 12:00:00","1995-09-09 12:00:00",1995,9,9,19.222,21.778,20.222,2.032,NA,NA,FALSE,FALSE
19950910,"1995-09-10 12:00:00","1995-09-10 12:00:00",1995,9,10,17.722,25,21.222,0,NA,NA,FALSE,FALSE
19950911,"1995-09-11 12:00:00","1995-09-11 12:00:00",1995,9,11,15.889,23.778,19.278,0,NA,NA,FALSE,FALSE
19950912,"1995-09-12 12:00:00","1995-09-12 12:00:00",1995,9,12,15.111,25,20.333,0,NA,NA,FALSE,FALSE
19950913,"1995-09-13 12:00:00","1995-09-13 12:00:00",1995,9,13,14.889,19.222,16.667,4.064,NA,NA,FALSE,FALSE
19950914,"1995-09-14 12:00:00","1995-09-14 12:00:00",1995,9,14,14.389,26.722,20.611,3.048,NA,NA,FALSE,FALSE
19950915,"1995-09-15 12:00:00","1995-09-15 12:00:00",1995,9,15,15.111,27.278,19.778,0,NA,NA,FALSE,FALSE
19950916,"1995-09-16 12:00:00","1995-09-16 12:00:00",1995,9,16,13.722,27.111,20.556,0,NA,NA,FALSE,FALSE
19950917,"1995-09-17 12:00:00","1995-09-17 12:00:00",1995,9,17,13.5,25.111,18.5,0,NA,NA,FALSE,FALSE
19950918,"1995-09-18 12:00:00","1995-09-18 12:00:00",1995,9,18,13.222,25.389,19.056,0,NA,NA,FALSE,FALSE
19950919,"1995-09-19 12:00:00","1995-09-19 12:00:00",1995,9,19,12.389,25.5,19.611,0,NA,NA,FALSE,FALSE
19950920,"1995-09-20 12:00:00","1995-09-20 12:00:00",1995,9,20,14.111,24.389,18.167,0,NA,NA,FALSE,FALSE
19950921,"1995-09-21 12:00:00","1995-09-21 12:00:00",1995,9,21,13.889,24.611,19.278,0,NA,NA,FALSE,FALSE
19950922,"1995-09-22 12:00:00","1995-09-22 12:00:00",1995,9,22,14.722,25.278,21.056,NA,NA,NA,FALSE,FALSE
19950923,"1995-09-23 12:00:00","1995-09-23 12:00:00",1995,9,23,17.611,23.611,21,16.002,NA,NA,FALSE,FALSE
19950924,"1995-09-24 12:00:00","1995-09-24 12:00:00",1995,9,24,18.278,25.611,21.222,0.508,NA,NA,FALSE,FALSE
19950925,"1995-09-25 12:00:00","1995-09-25 12:00:00",1995,9,25,14.222,24.722,19,0,NA,NA,FALSE,FALSE
19950926,"1995-09-26 12:00:00","1995-09-26 12:00:00",1995,9,26,13.389,24.222,18.667,0,NA,NA,FALSE,FALSE
19950927,"1995-09-27 12:00:00","1995-09-27 12:00:00",1995,9,27,10.778,21.889,16.611,0.508,NA,NA,FALSE,FALSE
19950928,"1995-09-28 12:00:00","1995-09-28 12:00:00",1995,9,28,10.389,24.722,18.056,0,NA,NA,FALSE,FALSE
19950929,"1995-09-29 12:00:00","1995-09-29 12:00:00",1995,9,29,13.611,26.222,20.333,0,NA,NA,FALSE,FALSE
19950930,"1995-09-30 12:00:00","1995-09-30 12:00:00",1995,9,30,15,26,20.5,0,NA,NA,FALSE,FALSE
19951001,"1995-10-01 12:00:00","1995-10-01 12:00:00",1995,10,1,16.278,25.778,19.722,0,NA,NA,FALSE,FALSE
19951002,"1995-10-02 12:00:00","1995-10-02 12:00:00",1995,10,2,15.5,27,20.056,0,NA,NA,FALSE,FALSE
19951003,"1995-10-03 12:00:00","1995-10-03 12:00:00",1995,10,3,16,23.778,18.056,2.032,NA,NA,FALSE,FALSE
19951004,"1995-10-04 12:00:00","1995-10-04 12:00:00",1995,10,4,14.889,21.611,17.444,0,NA,NA,FALSE,FALSE
19951005,"1995-10-05 12:00:00","1995-10-05 12:00:00",1995,10,5,8.5,21.111,14.389,0,NA,NA,FALSE,FALSE
19951006,"1995-10-06 12:00:00","1995-10-06 12:00:00",1995,10,6,7.722,19.611,13.222,0,NA,NA,FALSE,FALSE
19951007,"1995-10-07 12:00:00","1995-10-07 12:00:00",1995,10,7,8.611,19.389,13.944,0,NA,NA,FALSE,FALSE
19951008,"1995-10-08 12:00:00","1995-10-08 12:00:00",1995,10,8,8.722,21.5,15.833,0,NA,NA,FALSE,FALSE
19951009,"1995-10-09 12:00:00","1995-10-09 12:00:00",1995,10,9,10.889,22.889,16.167,0,NA,NA,FALSE,FALSE
19951010,"1995-10-10 12:00:00","1995-10-10 12:00:00",1995,10,10,10.5,25.111,17.5,0,NA,NA,FALSE,FALSE
19951011,"1995-10-11 12:00:00","1995-10-11 12:00:00",1995,10,11,10.889,25.5,17.278,0,NA,NA,FALSE,FALSE
19951012,"1995-10-12 12:00:00","1995-10-12 12:00:00",1995,10,12,10.278,26.778,18.222,0,NA,NA,FALSE,FALSE
19951013,"1995-10-13 12:00:00","1995-10-13 12:00:00",1995,10,13,10.778,28,19.333,0,NA,NA,FALSE,FALSE
19951014,"1995-10-14 12:00:00","1995-10-14 12:00:00",1995,10,14,11.722,25.389,21.778,NA,NA,NA,FALSE,FALSE
19951015,"1995-10-15 12:00:00","1995-10-15 12:00:00",1995,10,15,15.5,22.611,17.556,8.89,NA,NA,FALSE,FALSE
19951016,"1995-10-16 12:00:00","1995-10-16 12:00:00",1995,10,16,10.111,19.111,14.833,2.032,NA,NA,FALSE,FALSE
19951017,"1995-10-17 12:00:00","1995-10-17 12:00:00",1995,10,17,9.278,23.222,15.889,0,NA,NA,FALSE,FALSE
19951018,"1995-10-18 12:00:00","1995-10-18 12:00:00",1995,10,18,10,24.278,16.944,0,NA,NA,FALSE,FALSE
19951019,"1995-10-19 12:00:00","1995-10-19 12:00:00",1995,10,19,12.222,25,18.389,0,NA,NA,FALSE,FALSE
19951020,"1995-10-20 12:00:00","1995-10-20 12:00:00",1995,10,20,12.278,23.278,16.944,0,NA,NA,FALSE,FALSE
19951021,"1995-10-21 12:00:00","1995-10-21 12:00:00",1995,10,21,9.5,22.389,15.389,0,NA,NA,FALSE,FALSE
19951022,"1995-10-22 12:00:00","1995-10-22 12:00:00",1995,10,22,8.5,24.111,15.556,0,NA,NA,FALSE,FALSE
19951023,"1995-10-23 12:00:00","1995-10-23 12:00:00",1995,10,23,9.111,24.389,16.833,NA,NA,NA,FALSE,FALSE
19951024,"1995-10-24 12:00:00","1995-10-24 12:00:00",1995,10,24,11.278,18.5,13.333,2.032,NA,NA,FALSE,FALSE
19951025,"1995-10-25 12:00:00","1995-10-25 12:00:00",1995,10,25,6.5,18.5,12.611,0,NA,NA,FALSE,FALSE
19951026,"1995-10-26 12:00:00","1995-10-26 12:00:00",1995,10,26,6.111,20.889,13.944,0,NA,NA,FALSE,FALSE
19951027,"1995-10-27 12:00:00","1995-10-27 12:00:00",1995,10,27,7,23.111,14.722,0,NA,NA,FALSE,FALSE
19951028,"1995-10-28 12:00:00","1995-10-28 12:00:00",1995,10,28,8.278,22.5,15.222,0,NA,NA,FALSE,FALSE
19951029,"1995-10-29 12:00:00","1995-10-29 12:00:00",1995,10,29,8.111,22.889,15.667,0,NA,NA,FALSE,FALSE
19951030,"1995-10-30 12:00:00","1995-10-30 12:00:00",1995,10,30,10.111,18.722,13.667,NA,NA,NA,FALSE,FALSE
19951031,"1995-10-31 12:00:00","1995-10-31 12:00:00",1995,10,31,4,15.278,8.944,4.064,NA,NA,FALSE,FALSE
19951101,"1995-11-01 12:00:00","1995-11-01 12:00:00",1995,11,1,3.611,10,5.944,2.032,NA,NA,FALSE,FALSE
19951102,"1995-11-02 12:00:00","1995-11-02 12:00:00",1995,11,2,3.611,12,9.167,2.032,NA,NA,FALSE,FALSE
19951103,"1995-11-03 12:00:00","1995-11-03 12:00:00",1995,11,3,7.222,18.722,12.5,0,NA,NA,FALSE,FALSE
19951104,"1995-11-04 12:00:00","1995-11-04 12:00:00",1995,11,4,3.278,18.722,10.444,0,NA,NA,FALSE,FALSE
19951105,"1995-11-05 12:00:00","1995-11-05 12:00:00",1995,11,5,3.111,21.111,11.833,0,NA,NA,FALSE,FALSE
19951106,"1995-11-06 12:00:00","1995-11-06 12:00:00",1995,11,6,4.722,20.889,12.111,0,NA,NA,FALSE,FALSE
19951107,"1995-11-07 12:00:00","1995-11-07 12:00:00",1995,11,7,2.611,18,7.389,6.096,NA,NA,FALSE,FALSE
19951108,"1995-11-08 12:00:00","1995-11-08 12:00:00",1995,11,8,2.389,8.111,4.556,3.048,NA,NA,FALSE,FALSE
19951109,"1995-11-09 12:00:00","1995-11-09 12:00:00",1995,11,9,2.889,13.389,8,0,NA,NA,FALSE,FALSE
19951110,"1995-11-10 12:00:00","1995-11-10 12:00:00",1995,11,10,3.889,12.889,8.833,2.032,NA,NA,FALSE,FALSE
19951111,"1995-11-11 12:00:00","1995-11-11 12:00:00",1995,11,11,2.389,15,8.222,0,NA,NA,FALSE,FALSE
19951112,"1995-11-12 12:00:00","1995-11-12 12:00:00",1995,11,12,2.278,18.722,10.944,0,NA,NA,FALSE,FALSE
19951113,"1995-11-13 12:00:00","1995-11-13 12:00:00",1995,11,13,5.889,20.389,14.722,1.016,NA,NA,FALSE,FALSE
19951114,"1995-11-14 12:00:00","1995-11-14 12:00:00",1995,11,14,1.778,13.889,6.556,12.954,NA,NA,FALSE,FALSE
19951115,"1995-11-15 12:00:00","1995-11-15 12:00:00",1995,11,15,-0.611,14.278,5.778,0,NA,NA,FALSE,FALSE
19951116,"1995-11-16 12:00:00","1995-11-16 12:00:00",1995,11,16,-0.722,16.278,6.944,0,NA,NA,FALSE,FALSE
19951117,"1995-11-17 12:00:00","1995-11-17 12:00:00",1995,11,17,0.111,17.389,9.5,0,NA,NA,FALSE,FALSE
19951118,"1995-11-18 12:00:00","1995-11-18 12:00:00",1995,11,18,3.889,18.389,9.778,0,NA,NA,FALSE,FALSE
19951119,"1995-11-19 12:00:00","1995-11-19 12:00:00",1995,11,19,3.222,12.278,7.944,2.032,NA,NA,FALSE,FALSE
19951120,"1995-11-20 12:00:00","1995-11-20 12:00:00",1995,11,20,3.222,9.611,5.111,0,NA,NA,FALSE,FALSE
19951121,"1995-11-21 12:00:00","1995-11-21 12:00:00",1995,11,21,2,10.889,5.611,0,NA,NA,FALSE,FALSE
19951122,"1995-11-22 12:00:00","1995-11-22 12:00:00",1995,11,22,1.5,13.889,9,NA,NA,NA,FALSE,FALSE
19951123,"1995-11-23 12:00:00","1995-11-23 12:00:00",1995,11,23,0.278,9.222,3.056,1.016,NA,NA,FALSE,FALSE
19951124,"1995-11-24 12:00:00","1995-11-24 12:00:00",1995,11,24,0.278,9.278,5.667,3.048,NA,NA,FALSE,FALSE
19951125,"1995-11-25 12:00:00","1995-11-25 12:00:00",1995,11,25,1.722,12.5,6.667,1.016,NA,NA,FALSE,FALSE
19951126,"1995-11-26 12:00:00","1995-11-26 12:00:00",1995,11,26,0,15,5.889,0,NA,NA,FALSE,FALSE
19951127,"1995-11-27 12:00:00","1995-11-27 12:00:00",1995,11,27,-2.222,10.222,3.333,0,NA,NA,FALSE,FALSE
19951128,"1995-11-28 12:00:00","1995-11-28 12:00:00",1995,11,28,-2.611,12.111,5.5,0,NA,NA,FALSE,FALSE
19951129,"1995-11-29 12:00:00","1995-11-29 12:00:00",1995,11,29,-0.889,12.389,4.833,0,NA,NA,FALSE,FALSE
19951130,"1995-11-30 12:00:00","1995-11-30 12:00:00",1995,11,30,-1.611,11.389,6,0,NA,NA,FALSE,FALSE
19951201,"1995-12-01 12:00:00","1995-12-01 12:00:00",1995,12,1,2.611,8.722,4.556,0,NA,NA,FALSE,FALSE
19951202,"1995-12-02 12:00:00","1995-12-02 12:00:00",1995,12,2,2.889,7.889,5.667,0,NA,NA,FALSE,FALSE
19951203,"1995-12-03 12:00:00","1995-12-03 12:00:00",1995,12,3,0.222,7.5,3.667,0,NA,NA,FALSE,FALSE
19951204,"1995-12-04 12:00:00","1995-12-04 12:00:00",1995,12,4,-0.611,7.5,1.944,3.048,NA,NA,FALSE,FALSE
19951205,"1995-12-05 12:00:00","1995-12-05 12:00:00",1995,12,5,-2.778,1.389,-0.944,4.064,NA,NA,FALSE,FALSE
19951206,"1995-12-06 12:00:00","1995-12-06 12:00:00",1995,12,6,-3,3.611,0.111,2.032,NA,NA,FALSE,FALSE
19951207,"1995-12-07 12:00:00","1995-12-07 12:00:00",1995,12,7,-3,4.722,1.111,0,NA,NA,FALSE,FALSE
19951208,"1995-12-08 12:00:00","1995-12-08 12:00:00",1995,12,8,-4.111,3.278,-0.278,1.016,NA,NA,FALSE,FALSE
19951209,"1995-12-09 12:00:00","1995-12-09 12:00:00",1995,12,9,-4.722,7.5,0.5,0,NA,NA,FALSE,FALSE
19951210,"1995-12-10 12:00:00","1995-12-10 12:00:00",1995,12,10,-3.611,7.722,1.056,0,NA,NA,FALSE,FALSE
19951211,"1995-12-11 12:00:00","1995-12-11 12:00:00",1995,12,11,-3.778,9.889,4.667,NA,NA,NA,FALSE,FALSE
19951212,"1995-12-12 12:00:00","1995-12-12 12:00:00",1995,12,12,-2.222,9.278,3.333,1.016,NA,NA,FALSE,FALSE
19951213,"1995-12-13 12:00:00","1995-12-13 12:00:00",1995,12,13,-2.278,9,4,0,NA,NA,FALSE,FALSE
19951214,"1995-12-14 12:00:00","1995-12-14 12:00:00",1995,12,14,1.722,9.278,5.5,0.254,NA,NA,FALSE,FALSE
19951215,"1995-12-15 12:00:00","1995-12-15 12:00:00",1995,12,15,-1.222,7.111,1.889,0,NA,NA,FALSE,FALSE
19951216,"1995-12-16 12:00:00","1995-12-16 12:00:00",1995,12,16,-1.722,4.889,1.722,0,NA,NA,FALSE,FALSE
19951217,"1995-12-17 12:00:00","1995-12-17 12:00:00",1995,12,17,-4,5.278,0.556,0,NA,NA,FALSE,FALSE
19951218,"1995-12-18 12:00:00","1995-12-18 12:00:00",1995,12,18,-4.111,6.611,1.056,0,NA,NA,FALSE,FALSE
19951219,"1995-12-19 12:00:00","1995-12-19 12:00:00",1995,12,19,-2.5,8.389,1.944,0,NA,NA,FALSE,FALSE
19951220,"1995-12-20 12:00:00","1995-12-20 12:00:00",1995,12,20,-4,8.5,3.444,0,NA,NA,FALSE,FALSE
19951221,"1995-12-21 12:00:00","1995-12-21 12:00:00",1995,12,21,-4.611,7.778,0.833,0,NA,NA,FALSE,FALSE
19951222,"1995-12-22 12:00:00","1995-12-22 12:00:00",1995,12,22,-5.222,8.611,1.944,0,NA,NA,FALSE,FALSE
19951223,"1995-12-23 12:00:00","1995-12-23 12:00:00",1995,12,23,-2.111,8.222,3.5,NA,NA,NA,FALSE,FALSE
19951224,"1995-12-24 12:00:00","1995-12-24 12:00:00",1995,12,24,-5.889,4.222,-3.278,1.016,NA,NA,FALSE,FALSE
19951225,"1995-12-25 12:00:00","1995-12-25 12:00:00",1995,12,25,-6.278,-1.222,-3.889,1.016,NA,NA,FALSE,FALSE
19951226,"1995-12-26 12:00:00","1995-12-26 12:00:00",1995,12,26,-6.722,3,-2.333,0,NA,NA,FALSE,FALSE
19951227,"1995-12-27 12:00:00","1995-12-27 12:00:00",1995,12,27,-7.889,6.278,-0.389,0,NA,NA,FALSE,FALSE
19951228,"1995-12-28 12:00:00","1995-12-28 12:00:00",1995,12,28,-3.889,5.278,0.167,2.032,NA,NA,FALSE,FALSE
19951229,"1995-12-29 12:00:00","1995-12-29 12:00:00",1995,12,29,-4.5,2.611,-1.611,5.08,NA,NA,FALSE,FALSE
19951230,"1995-12-30 12:00:00","1995-12-30 12:00:00",1995,12,30,-7.722,0.778,-3.722,1.016,NA,NA,FALSE,FALSE
19951231,"1995-12-31 12:00:00","1995-12-31 12:00:00",1995,12,31,-8.222,4.889,-0.5,1.016,NA,NA,FALSE,FALSE
19960101,"1996-01-01 12:00:00","1996-01-01 12:00:00",1996,1,1,-5.222,5.278,-0.444,0,NA,NA,FALSE,FALSE
19960102,"1996-01-02 12:00:00","1996-01-02 12:00:00",1996,1,2,-5.722,10.111,4.333,NA,NA,NA,FALSE,FALSE
19960103,"1996-01-03 12:00:00","1996-01-03 12:00:00",1996,1,3,-5.778,6.389,-2.722,0.254,NA,NA,FALSE,FALSE
19960104,"1996-01-04 12:00:00","1996-01-04 12:00:00",1996,1,4,-6.389,3.889,-0.722,1.016,NA,NA,FALSE,FALSE
19960105,"1996-01-05 12:00:00","1996-01-05 12:00:00",1996,1,5,-2.611,9.889,6.722,0,NA,NA,FALSE,FALSE
19960106,"1996-01-06 12:00:00","1996-01-06 12:00:00",1996,1,6,1.222,12.722,6.5,0,NA,NA,FALSE,FALSE
19960107,"1996-01-07 12:00:00","1996-01-07 12:00:00",1996,1,7,0.778,12.278,5.611,NA,NA,NA,FALSE,FALSE
19960108,"1996-01-08 12:00:00","1996-01-08 12:00:00",1996,1,8,-6.278,5.222,-4.5,6.096,NA,NA,FALSE,FALSE
19960109,"1996-01-09 12:00:00","1996-01-09 12:00:00",1996,1,9,-7.222,1.111,-1.944,1.016,NA,NA,FALSE,FALSE
19960110,"1996-01-10 12:00:00","1996-01-10 12:00:00",1996,1,10,-4.278,3.722,-0.722,1.016,NA,NA,FALSE,FALSE
19960111,"1996-01-11 12:00:00","1996-01-11 12:00:00",1996,1,11,-6.111,7.278,-0.556,0,NA,NA,FALSE,FALSE
19960112,"1996-01-12 12:00:00","1996-01-12 12:00:00",1996,1,12,-5.278,9.778,3.556,0,NA,NA,FALSE,FALSE
19960113,"1996-01-13 12:00:00","1996-01-13 12:00:00",1996,1,13,1.222,11.5,7.889,0,NA,NA,FALSE,FALSE
19960114,"1996-01-14 12:00:00","1996-01-14 12:00:00",1996,1,14,5.778,14.222,8.944,17.018,NA,NA,FALSE,FALSE
19960115,"1996-01-15 12:00:00","1996-01-15 12:00:00",1996,1,15,1,6.611,3.333,9.906,NA,NA,FALSE,FALSE
19960116,"1996-01-16 12:00:00","1996-01-16 12:00:00",1996,1,16,-4.278,2.278,-1.667,1.016,NA,NA,FALSE,FALSE
19960117,"1996-01-17 12:00:00","1996-01-17 12:00:00",1996,1,17,-4.5,3.111,-0.944,0,NA,NA,FALSE,FALSE
19960118,"1996-01-18 12:00:00","1996-01-18 12:00:00",1996,1,18,-4,2.889,-1.389,0,NA,NA,FALSE,FALSE
19960119,"1996-01-19 12:00:00","1996-01-19 12:00:00",1996,1,19,-4.111,3.722,0.111,0,NA,NA,FALSE,FALSE
19960120,"1996-01-20 12:00:00","1996-01-20 12:00:00",1996,1,20,-3.278,5.778,0.556,0,NA,NA,FALSE,FALSE
19960121,"1996-01-21 12:00:00","1996-01-21 12:00:00",1996,1,21,-3.5,7.278,1.833,0,NA,NA,FALSE,FALSE
19960122,"1996-01-22 12:00:00","1996-01-22 12:00:00",1996,1,22,0,7.278,2.222,0,NA,NA,FALSE,FALSE
19960123,"1996-01-23 12:00:00","1996-01-23 12:00:00",1996,1,23,-2.278,4.722,0.278,NA,NA,NA,FALSE,FALSE
19960124,"1996-01-24 12:00:00","1996-01-24 12:00:00",1996,1,24,-3.111,3.222,-0.611,0,NA,NA,FALSE,FALSE
19960125,"1996-01-25 12:00:00","1996-01-25 12:00:00",1996,1,25,-6.111,2.111,-2.278,1.016,NA,NA,FALSE,FALSE
19960126,"1996-01-26 12:00:00","1996-01-26 12:00:00",1996,1,26,-7.389,2.111,-3.222,0,NA,NA,FALSE,FALSE
19960127,"1996-01-27 12:00:00","1996-01-27 12:00:00",1996,1,27,-8.611,6.611,0.111,0,NA,NA,FALSE,FALSE
19960128,"1996-01-28 12:00:00","1996-01-28 12:00:00",1996,1,28,-4.111,8.889,3,0,NA,NA,FALSE,FALSE
19960129,"1996-01-29 12:00:00","1996-01-29 12:00:00",1996,1,29,-2.5,7.111,2,0,NA,NA,FALSE,FALSE
19960130,"1996-01-30 12:00:00","1996-01-30 12:00:00",1996,1,30,-5.111,1.389,-2.444,0,NA,NA,FALSE,FALSE
19960131,"1996-01-31 12:00:00","1996-01-31 12:00:00",1996,1,31,-6,3,-1.944,0,NA,NA,FALSE,FALSE
19960201,"1996-02-01 12:00:00","1996-02-01 12:00:00",1996,2,1,-7.889,-1.222,-4.889,3.048,NA,NA,FALSE,FALSE
19960202,"1996-02-02 12:00:00","1996-02-02 12:00:00",1996,2,2,-9.778,-3.222,-5,1.016,NA,NA,FALSE,FALSE
19960203,"1996-02-03 12:00:00","1996-02-03 12:00:00",1996,2,3,-5.278,2.222,-1.833,0.254,NA,NA,FALSE,FALSE
19960204,"1996-02-04 12:00:00","1996-02-04 12:00:00",1996,2,4,-4.889,6.889,2.333,0.508,NA,NA,FALSE,FALSE
19960205,"1996-02-05 12:00:00","1996-02-05 12:00:00",1996,2,5,-6.111,3,-3.889,3.048,NA,NA,FALSE,FALSE
19960206,"1996-02-06 12:00:00","1996-02-06 12:00:00",1996,2,6,-7,1,-3.778,0.254,NA,NA,FALSE,FALSE
19960207,"1996-02-07 12:00:00","1996-02-07 12:00:00",1996,2,7,-8.5,5.278,-0.333,0,NA,NA,FALSE,FALSE
19960208,"1996-02-08 12:00:00","1996-02-08 12:00:00",1996,2,8,-3.389,4.222,-0.167,0.254,NA,NA,FALSE,FALSE
19960209,"1996-02-09 12:00:00","1996-02-09 12:00:00",1996,2,9,-5.278,-0.889,-3.333,2.032,NA,NA,FALSE,FALSE
19960210,"1996-02-10 12:00:00","1996-02-10 12:00:00",1996,2,10,-7.722,1.278,-3.444,1.524,NA,NA,FALSE,FALSE
19960211,"1996-02-11 12:00:00","1996-02-11 12:00:00",1996,2,11,-8.889,7.889,3.278,0,NA,NA,FALSE,FALSE
19960212,"1996-02-12 12:00:00","1996-02-12 12:00:00",1996,2,12,2.111,16.611,9.778,0,NA,NA,FALSE,FALSE
19960213,"1996-02-13 12:00:00","1996-02-13 12:00:00",1996,2,13,3.611,19,11,0,NA,NA,FALSE,FALSE
19960214,"1996-02-14 12:00:00","1996-02-14 12:00:00",1996,2,14,1.722,20,10.611,0,NA,NA,FALSE,FALSE
19960215,"1996-02-15 12:00:00","1996-02-15 12:00:00",1996,2,15,-1.889,9.389,2.944,0,NA,NA,FALSE,FALSE
19960216,"1996-02-16 12:00:00","1996-02-16 12:00:00",1996,2,16,-2.611,4.111,-0.111,NA,NA,NA,FALSE,FALSE
19960217,"1996-02-17 12:00:00","1996-02-17 12:00:00",1996,2,17,-3.5,5.111,-0.556,0,NA,NA,FALSE,FALSE
19960218,"1996-02-18 12:00:00","1996-02-18 12:00:00",1996,2,18,-4.278,4.722,-1.111,0,NA,NA,FALSE,FALSE
19960219,"1996-02-19 12:00:00","1996-02-19 12:00:00",1996,2,19,-5.278,3.278,-1.5,0,NA,NA,FALSE,FALSE
19960220,"1996-02-20 12:00:00","1996-02-20 12:00:00",1996,2,20,-4.778,2,-1.778,0,NA,NA,FALSE,FALSE
19960221,"1996-02-21 12:00:00","1996-02-21 12:00:00",1996,2,21,-6.111,3,-2.056,0,NA,NA,FALSE,FALSE
19960222,"1996-02-22 12:00:00","1996-02-22 12:00:00",1996,2,22,-6.278,4.5,-0.944,0,NA,NA,FALSE,FALSE
19960223,"1996-02-23 12:00:00","1996-02-23 12:00:00",1996,2,23,-5.889,6.889,0.556,0,NA,NA,FALSE,FALSE
19960224,"1996-02-24 12:00:00","1996-02-24 12:00:00",1996,2,24,-5.5,9.722,2.556,0,NA,NA,FALSE,FALSE
19960225,"1996-02-25 12:00:00","1996-02-25 12:00:00",1996,2,25,-2.222,5.722,1.111,1.27,NA,NA,FALSE,FALSE
19960226,"1996-02-26 12:00:00","1996-02-26 12:00:00",1996,2,26,-2.889,9.722,3.444,NA,NA,NA,FALSE,FALSE
19960227,"1996-02-27 12:00:00","1996-02-27 12:00:00",1996,2,27,-5.722,4.111,-0.778,1.016,NA,NA,FALSE,FALSE
19960228,"1996-02-28 12:00:00","1996-02-28 12:00:00",1996,2,28,-6.111,9.889,1.889,0,NA,NA,FALSE,FALSE
19960229,"1996-02-29 12:00:00","1996-02-29 12:00:00",1996,2,29,-2.889,8.5,3.611,1.016,NA,NA,FALSE,FALSE
19960301,"1996-03-01 12:00:00","1996-03-01 12:00:00",1996,3,1,-2.611,3.5,0.722,1.016,NA,NA,FALSE,FALSE
19960302,"1996-03-02 12:00:00","1996-03-02 12:00:00",1996,3,2,-3.5,9.5,3,0,NA,NA,FALSE,FALSE
19960303,"1996-03-03 12:00:00","1996-03-03 12:00:00",1996,3,3,-3.611,9.611,2.444,0,NA,NA,FALSE,FALSE
19960304,"1996-03-04 12:00:00","1996-03-04 12:00:00",1996,3,4,-3.778,11.222,3.389,0,NA,NA,FALSE,FALSE
19960305,"1996-03-05 12:00:00","1996-03-05 12:00:00",1996,3,5,-2.111,11.389,3.889,0,NA,NA,FALSE,FALSE
19960306,"1996-03-06 12:00:00","1996-03-06 12:00:00",1996,3,6,-1.778,14.889,9.556,0,NA,NA,FALSE,FALSE
19960307,"1996-03-07 12:00:00","1996-03-07 12:00:00",1996,3,7,2.222,12.389,7.278,24.892,NA,NA,FALSE,FALSE
19960308,"1996-03-08 12:00:00","1996-03-08 12:00:00",1996,3,8,-0.389,7.722,3.167,0,NA,NA,FALSE,FALSE
19960309,"1996-03-09 12:00:00","1996-03-09 12:00:00",1996,3,9,-0.389,6.111,1.944,0,NA,NA,FALSE,FALSE
19960310,"1996-03-10 12:00:00","1996-03-10 12:00:00",1996,3,10,-0.889,9.778,3.444,0,NA,NA,FALSE,FALSE
19960311,"1996-03-11 12:00:00","1996-03-11 12:00:00",1996,3,11,-2.111,6,1.778,0,NA,NA,FALSE,FALSE
19960312,"1996-03-12 12:00:00","1996-03-12 12:00:00",1996,3,12,-3.111,8.389,1.222,0,NA,NA,FALSE,FALSE
19960313,"1996-03-13 12:00:00","1996-03-13 12:00:00",1996,3,13,-3.278,13.889,7.222,0,NA,NA,FALSE,FALSE
19960314,"1996-03-14 12:00:00","1996-03-14 12:00:00",1996,3,14,3,13.611,8.333,1.016,NA,NA,FALSE,FALSE
19960315,"1996-03-15 12:00:00","1996-03-15 12:00:00",1996,3,15,2.778,12.889,6.889,23.622,NA,NA,FALSE,FALSE
19960316,"1996-03-16 12:00:00","1996-03-16 12:00:00",1996,3,16,2.389,10.111,8.278,16.002,NA,NA,FALSE,FALSE
19960317,"1996-03-17 12:00:00","1996-03-17 12:00:00",1996,3,17,0.222,10.889,3.556,11.938,NA,NA,FALSE,FALSE
19960318,"1996-03-18 12:00:00","1996-03-18 12:00:00",1996,3,18,-0.111,9.278,3.833,NA,NA,NA,FALSE,FALSE
19960319,"1996-03-19 12:00:00","1996-03-19 12:00:00",1996,3,19,-0.778,8.889,3.556,0,NA,NA,FALSE,FALSE
19960320,"1996-03-20 12:00:00","1996-03-20 12:00:00",1996,3,20,0.222,14.5,8.5,NA,NA,NA,FALSE,FALSE
19960321,"1996-03-21 12:00:00","1996-03-21 12:00:00",1996,3,21,5.889,8.278,6.889,30.988,NA,NA,FALSE,FALSE
19960322,"1996-03-22 12:00:00","1996-03-22 12:00:00",1996,3,22,4.611,11.778,6.778,0,NA,NA,FALSE,FALSE
19960323,"1996-03-23 12:00:00","1996-03-23 12:00:00",1996,3,23,2.778,11.278,7.111,0,NA,NA,FALSE,FALSE
19960324,"1996-03-24 12:00:00","1996-03-24 12:00:00",1996,3,24,2.722,7.5,5.222,1.016,NA,NA,FALSE,FALSE
19960325,"1996-03-25 12:00:00","1996-03-25 12:00:00",1996,3,25,1.778,11.889,5.278,2.032,NA,NA,FALSE,FALSE
19960326,"1996-03-26 12:00:00","1996-03-26 12:00:00",1996,3,26,1.278,16.111,10,0,NA,NA,FALSE,FALSE
19960327,"1996-03-27 12:00:00","1996-03-27 12:00:00",1996,3,27,4.778,18.111,10.167,0,NA,NA,FALSE,FALSE
19960328,"1996-03-28 12:00:00","1996-03-28 12:00:00",1996,3,28,4.611,12.889,10.444,0,NA,NA,FALSE,FALSE
19960329,"1996-03-29 12:00:00","1996-03-29 12:00:00",1996,3,29,10.222,13.722,12.111,7.112,NA,NA,FALSE,FALSE
19960330,"1996-03-30 12:00:00","1996-03-30 12:00:00",1996,3,30,5.389,14.389,6.778,9.906,NA,NA,FALSE,FALSE
19960331,"1996-03-31 12:00:00","1996-03-31 12:00:00",1996,3,31,2.5,10.5,5.611,0,NA,NA,FALSE,FALSE
19960401,"1996-04-01 12:00:00","1996-04-01 12:00:00",1996,4,1,1.611,8.778,4,0,NA,NA,FALSE,FALSE
19960402,"1996-04-02 12:00:00","1996-04-02 12:00:00",1996,4,2,1,7.111,3.111,0,NA,NA,FALSE,FALSE
19960403,"1996-04-03 12:00:00","1996-04-03 12:00:00",1996,4,3,0.278,8.611,4,0,NA,NA,FALSE,FALSE
19960404,"1996-04-04 12:00:00","1996-04-04 12:00:00",1996,4,4,-0.389,12.222,5.389,0,NA,NA,FALSE,FALSE
19960405,"1996-04-05 12:00:00","1996-04-05 12:00:00",1996,4,5,-0.889,16.722,9.778,0,NA,NA,FALSE,FALSE
19960406,"1996-04-06 12:00:00","1996-04-06 12:00:00",1996,4,6,5.389,11.722,9.333,1.016,NA,NA,FALSE,FALSE
19960407,"1996-04-07 12:00:00","1996-04-07 12:00:00",1996,4,7,4.222,17.611,9.5,0,NA,NA,FALSE,FALSE
19960408,"1996-04-08 12:00:00","1996-04-08 12:00:00",1996,4,8,3.889,16.611,9.222,0,NA,NA,FALSE,FALSE
19960409,"1996-04-09 12:00:00","1996-04-09 12:00:00",1996,4,9,3.111,16.111,9.056,0,NA,NA,FALSE,FALSE
19960410,"1996-04-10 12:00:00","1996-04-10 12:00:00",1996,4,10,3.389,16.111,8.389,0,NA,NA,FALSE,FALSE
19960411,"1996-04-11 12:00:00","1996-04-11 12:00:00",1996,4,11,1.5,12.5,6.444,0,NA,NA,FALSE,FALSE
19960412,"1996-04-12 12:00:00","1996-04-12 12:00:00",1996,4,12,1.111,13.778,6.278,0,NA,NA,FALSE,FALSE
19960413,"1996-04-13 12:00:00","1996-04-13 12:00:00",1996,4,13,0.5,16.389,8.278,0,NA,NA,FALSE,FALSE
19960414,"1996-04-14 12:00:00","1996-04-14 12:00:00",1996,4,14,2.722,13.722,8.056,0,NA,NA,FALSE,FALSE
19960415,"1996-04-15 12:00:00","1996-04-15 12:00:00",1996,4,15,1.389,18.222,10.556,NA,NA,NA,FALSE,FALSE
19960416,"1996-04-16 12:00:00","1996-04-16 12:00:00",1996,4,16,4.889,16.389,12.167,0,NA,NA,FALSE,FALSE
19960417,"1996-04-17 12:00:00","1996-04-17 12:00:00",1996,4,17,3.222,17.611,9.611,11.938,NA,NA,FALSE,FALSE
19960418,"1996-04-18 12:00:00","1996-04-18 12:00:00",1996,4,18,2.778,14.722,9.5,0,NA,NA,FALSE,FALSE
19960419,"1996-04-19 12:00:00","1996-04-19 12:00:00",1996,4,19,3.222,17.389,9.611,0,NA,NA,FALSE,FALSE
19960420,"1996-04-20 12:00:00","1996-04-20 12:00:00",1996,4,20,2.278,14.5,8.389,0,NA,NA,FALSE,FALSE
19960421,"1996-04-21 12:00:00","1996-04-21 12:00:00",1996,4,21,2.222,16.111,8.889,0,NA,NA,FALSE,FALSE
19960422,"1996-04-22 12:00:00","1996-04-22 12:00:00",1996,4,22,2.722,20.389,11.611,0,NA,NA,FALSE,FALSE
19960423,"1996-04-23 12:00:00","1996-04-23 12:00:00",1996,4,23,4.722,22.222,13.889,0,NA,NA,FALSE,FALSE
19960424,"1996-04-24 12:00:00","1996-04-24 12:00:00",1996,4,24,6.5,23.5,15.667,0,NA,NA,FALSE,FALSE
19960425,"1996-04-25 12:00:00","1996-04-25 12:00:00",1996,4,25,9.778,22.611,16.389,0,NA,NA,FALSE,FALSE
19960426,"1996-04-26 12:00:00","1996-04-26 12:00:00",1996,4,26,11,24.722,18.778,0,NA,NA,FALSE,FALSE
19960427,"1996-04-27 12:00:00","1996-04-27 12:00:00",1996,4,27,13.611,26.111,19.056,0,NA,NA,FALSE,FALSE
19960428,"1996-04-28 12:00:00","1996-04-28 12:00:00",1996,4,28,13.111,22.222,18.389,NA,NA,NA,FALSE,FALSE
19960429,"1996-04-29 12:00:00","1996-04-29 12:00:00",1996,4,29,14.5,18.778,16.222,22.098,NA,NA,FALSE,FALSE
19960430,"1996-04-30 12:00:00","1996-04-30 12:00:00",1996,4,30,11.5,22.111,15.944,2.032,NA,NA,FALSE,FALSE
19960501,"1996-05-01 12:00:00","1996-05-01 12:00:00",1996,5,1,11.278,16.722,12.944,0,NA,NA,FALSE,FALSE
19960502,"1996-05-02 12:00:00","1996-05-02 12:00:00",1996,5,2,9.278,21.778,15.667,0,NA,NA,FALSE,FALSE
19960503,"1996-05-03 12:00:00","1996-05-03 12:00:00",1996,5,3,10.389,25.222,18.333,NA,NA,NA,FALSE,FALSE
19960504,"1996-05-04 12:00:00","1996-05-04 12:00:00",1996,5,4,10.722,19.111,13.056,14.986,NA,NA,FALSE,FALSE
19960505,"1996-05-05 12:00:00","1996-05-05 12:00:00",1996,5,5,9.278,21.389,14.222,0,NA,NA,FALSE,FALSE
19960506,"1996-05-06 12:00:00","1996-05-06 12:00:00",1996,5,6,8,20.889,16.056,0,NA,NA,FALSE,FALSE
19960507,"1996-05-07 12:00:00","1996-05-07 12:00:00",1996,5,7,12.278,16.389,14.111,0,NA,NA,FALSE,FALSE
19960508,"1996-05-08 12:00:00","1996-05-08 12:00:00",1996,5,8,9.611,21.278,14.778,4.064,NA,NA,FALSE,FALSE
19960509,"1996-05-09 12:00:00","1996-05-09 12:00:00",1996,5,9,7.5,23.722,16,0,NA,NA,FALSE,FALSE
19960510,"1996-05-10 12:00:00","1996-05-10 12:00:00",1996,5,10,9.222,26.111,18.278,0,NA,NA,FALSE,FALSE
19960511,"1996-05-11 12:00:00","1996-05-11 12:00:00",1996,5,11,9.222,21.389,14.389,0,NA,NA,FALSE,FALSE
19960512,"1996-05-12 12:00:00","1996-05-12 12:00:00",1996,5,12,8.722,22.5,15.111,0,NA,NA,FALSE,FALSE
19960513,"1996-05-13 12:00:00","1996-05-13 12:00:00",1996,5,13,8.389,26,18.056,0,NA,NA,FALSE,FALSE
19960514,"1996-05-14 12:00:00","1996-05-14 12:00:00",1996,5,14,10.611,25.722,17.5,0,NA,NA,FALSE,FALSE
19960515,"1996-05-15 12:00:00","1996-05-15 12:00:00",1996,5,15,10.278,26.889,18.5,0,NA,NA,FALSE,FALSE
19960516,"1996-05-16 12:00:00","1996-05-16 12:00:00",1996,5,16,12.278,30.222,21.611,0,NA,NA,FALSE,FALSE
19960517,"1996-05-17 12:00:00","1996-05-17 12:00:00",1996,5,17,13.611,28.222,21.167,0,NA,NA,FALSE,FALSE
19960518,"1996-05-18 12:00:00","1996-05-18 12:00:00",1996,5,18,12.611,29.278,19.889,0,NA,NA,FALSE,FALSE
19960519,"1996-05-19 12:00:00","1996-05-19 12:00:00",1996,5,19,12.389,23,19.111,0,NA,NA,FALSE,FALSE
19960520,"1996-05-20 12:00:00","1996-05-20 12:00:00",1996,5,20,15.889,21.611,18.667,13.97,NA,NA,FALSE,FALSE
19960521,"1996-05-21 12:00:00","1996-05-21 12:00:00",1996,5,21,10.278,24.722,17.611,8.89,NA,NA,FALSE,FALSE
19960522,"1996-05-22 12:00:00","1996-05-22 12:00:00",1996,5,22,10.722,22.611,16.5,0,NA,NA,FALSE,FALSE
19960523,"1996-05-23 12:00:00","1996-05-23 12:00:00",1996,5,23,10.222,24.889,18.444,0,NA,NA,FALSE,FALSE
19960524,"1996-05-24 12:00:00","1996-05-24 12:00:00",1996,5,24,12.611,29,20.611,0,NA,NA,FALSE,FALSE
19960525,"1996-05-25 12:00:00","1996-05-25 12:00:00",1996,5,25,14.111,29.389,21.222,0,NA,NA,FALSE,FALSE
19960526,"1996-05-26 12:00:00","1996-05-26 12:00:00",1996,5,26,13.778,21.889,17.611,0,NA,NA,FALSE,FALSE
19960527,"1996-05-27 12:00:00","1996-05-27 12:00:00",1996,5,27,13.389,26.278,20.611,0,NA,NA,FALSE,FALSE
19960528,"1996-05-28 12:00:00","1996-05-28 12:00:00",1996,5,28,15.111,25.111,21.278,NA,NA,NA,FALSE,FALSE
19960529,"1996-05-29 12:00:00","1996-05-29 12:00:00",1996,5,29,17.5,26.722,20.944,1.016,NA,NA,FALSE,FALSE
19960530,"1996-05-30 12:00:00","1996-05-30 12:00:00",1996,5,30,17.222,27.5,20.778,2.032,NA,NA,FALSE,FALSE
19960531,"1996-05-31 12:00:00","1996-05-31 12:00:00",1996,5,31,16.778,29.611,23.167,0,NA,NA,FALSE,FALSE
19960601,"1996-06-01 12:00:00","1996-06-01 12:00:00",1996,6,1,18.111,32.111,24.667,0,NA,NA,FALSE,FALSE
19960602,"1996-06-02 12:00:00","1996-06-02 12:00:00",1996,6,2,19.111,31.111,24.278,0,NA,NA,FALSE,FALSE
19960603,"1996-06-03 12:00:00","1996-06-03 12:00:00",1996,6,3,17.278,24.389,19.444,0,NA,NA,FALSE,FALSE
19960604,"1996-06-04 12:00:00","1996-06-04 12:00:00",1996,6,4,16.778,29.222,22.444,0,NA,NA,FALSE,FALSE
19960605,"1996-06-05 12:00:00","1996-06-05 12:00:00",1996,6,5,16.278,29.5,22.444,0,NA,NA,FALSE,FALSE
19960606,"1996-06-06 12:00:00","1996-06-06 12:00:00",1996,6,6,15.889,29.611,24.278,NA,NA,NA,FALSE,FALSE
19960607,"1996-06-07 12:00:00","1996-06-07 12:00:00",1996,6,7,16.889,23.389,17.833,10.922,NA,NA,FALSE,FALSE
19960608,"1996-06-08 12:00:00","1996-06-08 12:00:00",1996,6,8,17.611,24.778,21.833,7.112,NA,NA,FALSE,FALSE
19960609,"1996-06-09 12:00:00","1996-06-09 12:00:00",1996,6,9,19.389,25.111,21.333,3.048,NA,NA,FALSE,FALSE
19960610,"1996-06-10 12:00:00","1996-06-10 12:00:00",1996,6,10,19.111,22.111,20.278,0,NA,NA,FALSE,FALSE
19960611,"1996-06-11 12:00:00","1996-06-11 12:00:00",1996,6,11,19,25.722,22.167,14.986,NA,NA,FALSE,FALSE
19960612,"1996-06-12 12:00:00","1996-06-12 12:00:00",1996,6,12,19.5,27.778,22.944,0,NA,NA,FALSE,FALSE
19960613,"1996-06-13 12:00:00","1996-06-13 12:00:00",1996,6,13,19.222,29.5,24.056,0,NA,NA,FALSE,FALSE
19960614,"1996-06-14 12:00:00","1996-06-14 12:00:00",1996,6,14,18.889,29.722,24.556,0,NA,NA,FALSE,FALSE
19960615,"1996-06-15 12:00:00","1996-06-15 12:00:00",1996,6,15,21.389,31.111,25.556,0,NA,NA,FALSE,FALSE
19960616,"1996-06-16 12:00:00","1996-06-16 12:00:00",1996,6,16,21.889,29.111,24.667,5.08,NA,NA,FALSE,FALSE
19960617,"1996-06-17 12:00:00","1996-06-17 12:00:00",1996,6,17,17.278,24.111,21.111,12.954,NA,NA,FALSE,FALSE
19960618,"1996-06-18 12:00:00","1996-06-18 12:00:00",1996,6,18,16.611,24.222,20,60.96,NA,NA,FALSE,FALSE
19960619,"1996-06-19 12:00:00","1996-06-19 12:00:00",1996,6,19,17.5,23.778,19.611,0,NA,NA,FALSE,FALSE
19960620,"1996-06-20 12:00:00","1996-06-20 12:00:00",1996,6,20,17.222,22,20.889,9.906,NA,NA,FALSE,FALSE
19960621,"1996-06-21 12:00:00","1996-06-21 12:00:00",1996,6,21,20.778,24.389,21.944,1.016,NA,NA,FALSE,FALSE
19960622,"1996-06-22 12:00:00","1996-06-22 12:00:00",1996,6,22,20.111,27.111,22.889,0,NA,NA,FALSE,FALSE
19960623,"1996-06-23 12:00:00","1996-06-23 12:00:00",1996,6,23,20.111,28.778,23.611,NA,NA,NA,FALSE,FALSE
19960624,"1996-06-24 12:00:00","1996-06-24 12:00:00",1996,6,24,18.889,22.722,19.833,106.934,NA,NA,FALSE,FALSE
19960625,"1996-06-25 12:00:00","1996-06-25 12:00:00",1996,6,25,18.5,20.611,19.611,43.942,NA,NA,FALSE,FALSE
19960626,"1996-06-26 12:00:00","1996-06-26 12:00:00",1996,6,26,18.278,23.611,20.833,1.016,NA,NA,FALSE,FALSE
19960627,"1996-06-27 12:00:00","1996-06-27 12:00:00",1996,6,27,18.111,21,19.944,24.892,NA,NA,FALSE,FALSE
19960628,"1996-06-28 12:00:00","1996-06-28 12:00:00",1996,6,28,20.611,24.222,22.833,0.508,NA,NA,FALSE,FALSE
19960629,"1996-06-29 12:00:00","1996-06-29 12:00:00",1996,6,29,20,28.222,22.722,4.064,NA,NA,FALSE,FALSE
19960630,"1996-06-30 12:00:00","1996-06-30 12:00:00",1996,6,30,19.722,25.389,22.944,1.016,NA,NA,FALSE,FALSE
19960701,"1996-07-01 12:00:00","1996-07-01 12:00:00",1996,7,1,21.722,28.722,24.389,0,NA,NA,FALSE,FALSE
19960702,"1996-07-02 12:00:00","1996-07-02 12:00:00",1996,7,2,21.778,28.5,25.167,0,NA,NA,FALSE,FALSE
19960703,"1996-07-03 12:00:00","1996-07-03 12:00:00",1996,7,3,21.111,30.722,25.389,NA,NA,NA,FALSE,FALSE
19960704,"1996-07-04 12:00:00","1996-07-04 12:00:00",1996,7,4,20.222,23.611,21.667,51.054,NA,NA,FALSE,FALSE
19960705,"1996-07-05 12:00:00","1996-07-05 12:00:00",1996,7,5,19,28.722,22.611,14.986,NA,NA,FALSE,FALSE
19960706,"1996-07-06 12:00:00","1996-07-06 12:00:00",1996,7,6,17.778,26.889,22.222,0,NA,NA,FALSE,FALSE
19960707,"1996-07-07 12:00:00","1996-07-07 12:00:00",1996,7,7,17.722,28.111,22.944,0,NA,NA,FALSE,FALSE
19960708,"1996-07-08 12:00:00","1996-07-08 12:00:00",1996,7,8,17.778,28.389,22.222,0,NA,NA,FALSE,FALSE
19960709,"1996-07-09 12:00:00","1996-07-09 12:00:00",1996,7,9,17.5,28.222,22.611,0,NA,NA,FALSE,FALSE
19960710,"1996-07-10 12:00:00","1996-07-10 12:00:00",1996,7,10,19,24.889,21.389,0,NA,NA,FALSE,FALSE
19960711,"1996-07-11 12:00:00","1996-07-11 12:00:00",1996,7,11,18.111,23.111,19.778,8.89,NA,NA,FALSE,FALSE
19960712,"1996-07-12 12:00:00","1996-07-12 12:00:00",1996,7,12,17.5,21.5,19.944,34.036,NA,NA,FALSE,FALSE
19960713,"1996-07-13 12:00:00","1996-07-13 12:00:00",1996,7,13,19.278,28,23.389,51.054,NA,NA,FALSE,FALSE
19960714,"1996-07-14 12:00:00","1996-07-14 12:00:00",1996,7,14,21.278,29.5,25.111,0,NA,NA,FALSE,FALSE
19960715,"1996-07-15 12:00:00","1996-07-15 12:00:00",1996,7,15,22,29.889,26.222,1.016,NA,NA,FALSE,FALSE
19960716,"1996-07-16 12:00:00","1996-07-16 12:00:00",1996,7,16,21.778,27.611,24.944,7.112,NA,NA,FALSE,FALSE
19960717,"1996-07-17 12:00:00","1996-07-17 12:00:00",1996,7,17,23.5,31.889,27.611,2.032,NA,NA,FALSE,FALSE
19960718,"1996-07-18 12:00:00","1996-07-18 12:00:00",1996,7,18,23.389,35.389,28.778,0,NA,NA,FALSE,FALSE
19960719,"1996-07-19 12:00:00","1996-07-19 12:00:00",1996,7,19,23.778,32.722,28.278,0,NA,NA,FALSE,FALSE
19960720,"1996-07-20 12:00:00","1996-07-20 12:00:00",1996,7,20,25.722,31.778,28.556,0,NA,NA,FALSE,FALSE
19960721,"1996-07-21 12:00:00","1996-07-21 12:00:00",1996,7,21,25.111,28.889,26.556,12.954,NA,NA,FALSE,FALSE
19960722,"1996-07-22 12:00:00","1996-07-22 12:00:00",1996,7,22,24.611,29.778,26.444,2.032,NA,NA,FALSE,FALSE
19960723,"1996-07-23 12:00:00","1996-07-23 12:00:00",1996,7,23,24.611,32.111,27.944,0,NA,NA,FALSE,FALSE
19960724,"1996-07-24 12:00:00","1996-07-24 12:00:00",1996,7,24,24.611,32.222,27.667,0,NA,NA,FALSE,FALSE
19960725,"1996-07-25 12:00:00","1996-07-25 12:00:00",1996,7,25,25.5,33.111,28.722,0,NA,NA,FALSE,FALSE
19960726,"1996-07-26 12:00:00","1996-07-26 12:00:00",1996,7,26,26.389,32.778,28.778,0,NA,NA,FALSE,FALSE
19960727,"1996-07-27 12:00:00","1996-07-27 12:00:00",1996,7,27,26.111,32.389,28.722,0,NA,NA,FALSE,FALSE
19960728,"1996-07-28 12:00:00","1996-07-28 12:00:00",1996,7,28,26.389,30.222,28.056,0,NA,NA,FALSE,FALSE
19960729,"1996-07-29 12:00:00","1996-07-29 12:00:00",1996,7,29,25.778,34.278,29.333,0,NA,NA,FALSE,FALSE
19960730,"1996-07-30 12:00:00","1996-07-30 12:00:00",1996,7,30,24.222,34.222,28.556,2.032,NA,NA,FALSE,FALSE
19960731,"1996-07-31 12:00:00","1996-07-31 12:00:00",1996,7,31,23.889,35.5,30.556,0,NA,NA,FALSE,FALSE
19960801,"1996-08-01 12:00:00","1996-08-01 12:00:00",1996,8,1,25.278,35.611,30.556,0,NA,NA,FALSE,FALSE
19960802,"1996-08-02 12:00:00","1996-08-02 12:00:00",1996,8,2,24.778,34.722,29.667,13.97,NA,NA,FALSE,FALSE
19960803,"1996-08-03 12:00:00","1996-08-03 12:00:00",1996,8,3,24.778,34.722,29.5,0,NA,NA,FALSE,FALSE
19960804,"1996-08-04 12:00:00","1996-08-04 12:00:00",1996,8,4,25.111,34.278,28.833,0,NA,NA,FALSE,FALSE
19960805,"1996-08-05 12:00:00","1996-08-05 12:00:00",1996,8,5,24.778,34,27.556,2.032,NA,NA,FALSE,FALSE
19960806,"1996-08-06 12:00:00","1996-08-06 12:00:00",1996,8,6,24,32.111,27.944,0,NA,NA,FALSE,FALSE
19960807,"1996-08-07 12:00:00","1996-08-07 12:00:00",1996,8,7,23.389,33.889,28.333,0,NA,NA,FALSE,FALSE
19960808,"1996-08-08 12:00:00","1996-08-08 12:00:00",1996,8,8,23.278,34.389,28.056,0,NA,NA,FALSE,FALSE
19960809,"1996-08-09 12:00:00","1996-08-09 12:00:00",1996,8,9,24.778,35.222,28.222,21.082,NA,NA,FALSE,FALSE
19960810,"1996-08-10 12:00:00","1996-08-10 12:00:00",1996,8,10,24.722,32.5,28.944,0,NA,NA,FALSE,FALSE
19960811,"1996-08-11 12:00:00","1996-08-11 12:00:00",1996,8,11,24.611,34.5,29.222,0,NA,NA,FALSE,FALSE
19960812,"1996-08-12 12:00:00","1996-08-12 12:00:00",1996,8,12,24.222,34.889,27.611,69.088,NA,NA,FALSE,FALSE
19960813,"1996-08-13 12:00:00","1996-08-13 12:00:00",1996,8,13,24.222,34.722,29.444,2.032,NA,NA,FALSE,FALSE
19960814,"1996-08-14 12:00:00","1996-08-14 12:00:00",1996,8,14,24,32.889,27.389,0.254,NA,NA,FALSE,FALSE
19960815,"1996-08-15 12:00:00","1996-08-15 12:00:00",1996,8,15,21.111,30.889,26,0,NA,NA,FALSE,FALSE
19960816,"1996-08-16 12:00:00","1996-08-16 12:00:00",1996,8,16,21.111,31.889,26.111,0,NA,NA,FALSE,FALSE
19960817,"1996-08-17 12:00:00","1996-08-17 12:00:00",1996,8,17,21.222,32.278,26.722,0,NA,NA,FALSE,FALSE
19960818,"1996-08-18 12:00:00","1996-08-18 12:00:00",1996,8,18,22.722,33.278,27.333,0,NA,NA,FALSE,FALSE
19960819,"1996-08-19 12:00:00","1996-08-19 12:00:00",1996,8,19,22.778,31.778,25.722,24.892,NA,NA,FALSE,FALSE
19960820,"1996-08-20 12:00:00","1996-08-20 12:00:00",1996,8,20,22.889,29.111,25.222,2.032,NA,NA,FALSE,FALSE
19960821,"1996-08-21 12:00:00","1996-08-21 12:00:00",1996,8,21,23.222,29.111,26.333,20.066,NA,NA,FALSE,FALSE
19960822,"1996-08-22 12:00:00","1996-08-22 12:00:00",1996,8,22,22.5,30.778,26.167,2.032,NA,NA,FALSE,FALSE
19960823,"1996-08-23 12:00:00","1996-08-23 12:00:00",1996,8,23,20,28.5,23.778,0,NA,NA,FALSE,FALSE
19960824,"1996-08-24 12:00:00","1996-08-24 12:00:00",1996,8,24,19.222,26.722,23.056,1.016,NA,NA,FALSE,FALSE
19960825,"1996-08-25 12:00:00","1996-08-25 12:00:00",1996,8,25,19.111,26.778,23.889,0,NA,NA,FALSE,FALSE
19960826,"1996-08-26 12:00:00","1996-08-26 12:00:00",1996,8,26,21.222,23.889,22.056,10.922,NA,NA,FALSE,FALSE
19960827,"1996-08-27 12:00:00","1996-08-27 12:00:00",1996,8,27,21.389,26.278,22.778,19.05,NA,NA,FALSE,FALSE
19960828,"1996-08-28 12:00:00","1996-08-28 12:00:00",1996,8,28,20.778,27.778,23.222,60.96,NA,NA,FALSE,FALSE
19960829,"1996-08-29 12:00:00","1996-08-29 12:00:00",1996,8,29,20.611,29.111,24.278,0,NA,NA,FALSE,FALSE
19960830,"1996-08-30 12:00:00","1996-08-30 12:00:00",1996,8,30,19.611,22.722,20.833,9.906,NA,NA,FALSE,FALSE
19960831,"1996-08-31 12:00:00","1996-08-31 12:00:00",1996,8,31,19.5,27.889,22.667,3.048,NA,NA,FALSE,FALSE
19960901,"1996-09-01 12:00:00","1996-09-01 12:00:00",1996,9,1,19.111,29.222,24.556,0.508,NA,NA,FALSE,FALSE
19960902,"1996-09-02 12:00:00","1996-09-02 12:00:00",1996,9,2,18.722,29.778,23.778,0,NA,NA,FALSE,FALSE
19960903,"1996-09-03 12:00:00","1996-09-03 12:00:00",1996,9,3,18.222,30,23.667,0,NA,NA,FALSE,FALSE
19960904,"1996-09-04 12:00:00","1996-09-04 12:00:00",1996,9,4,19.5,28.722,23.611,0,NA,NA,FALSE,FALSE
19960905,"1996-09-05 12:00:00","1996-09-05 12:00:00",1996,9,5,19.5,27.722,22.333,0,NA,NA,FALSE,FALSE
19960906,"1996-09-06 12:00:00","1996-09-06 12:00:00",1996,9,6,17.889,22.889,20.111,0.508,NA,NA,FALSE,FALSE
19960907,"1996-09-07 12:00:00","1996-09-07 12:00:00",1996,9,7,17.722,30.278,24,0,NA,NA,FALSE,FALSE
19960908,"1996-09-08 12:00:00","1996-09-08 12:00:00",1996,9,8,16.722,24.778,20.278,1.016,NA,NA,FALSE,FALSE
19960909,"1996-09-09 12:00:00","1996-09-09 12:00:00",1996,9,9,16.389,23.722,19.222,56.896,NA,NA,FALSE,FALSE
19960910,"1996-09-10 12:00:00","1996-09-10 12:00:00",1996,9,10,16.778,27.778,21.944,2.032,NA,NA,FALSE,FALSE
19960911,"1996-09-11 12:00:00","1996-09-11 12:00:00",1996,9,11,17.278,27.389,22.167,7.112,NA,NA,FALSE,FALSE
19960912,"1996-09-12 12:00:00","1996-09-12 12:00:00",1996,9,12,18.278,28.389,22.667,0,NA,NA,FALSE,FALSE
19960913,"1996-09-13 12:00:00","1996-09-13 12:00:00",1996,9,13,17.278,28.611,22.722,0.254,NA,NA,FALSE,FALSE
19960914,"1996-09-14 12:00:00","1996-09-14 12:00:00",1996,9,14,18.778,28.889,23.444,0,NA,NA,FALSE,FALSE
19960915,"1996-09-15 12:00:00","1996-09-15 12:00:00",1996,9,15,18.278,30.5,23.556,0,NA,NA,FALSE,FALSE
19960916,"1996-09-16 12:00:00","1996-09-16 12:00:00",1996,9,16,19,28.889,23.389,0,NA,NA,FALSE,FALSE
19960917,"1996-09-17 12:00:00","1996-09-17 12:00:00",1996,9,17,18.722,28.222,22.722,0,NA,NA,FALSE,FALSE
19960918,"1996-09-18 12:00:00","1996-09-18 12:00:00",1996,9,18,18.889,26.722,23.278,0,NA,NA,FALSE,FALSE
19960919,"1996-09-19 12:00:00","1996-09-19 12:00:00",1996,9,19,19,24.5,21.556,0,NA,NA,FALSE,FALSE
19960920,"1996-09-20 12:00:00","1996-09-20 12:00:00",1996,9,20,13.5,25.611,19.444,0,NA,NA,FALSE,FALSE
19960921,"1996-09-21 12:00:00","1996-09-21 12:00:00",1996,9,21,12.889,25.5,18.778,0,NA,NA,FALSE,FALSE
19960922,"1996-09-22 12:00:00","1996-09-22 12:00:00",1996,9,22,12.278,26.722,19.611,0,NA,NA,FALSE,FALSE
19960923,"1996-09-23 12:00:00","1996-09-23 12:00:00",1996,9,23,13.5,28.278,20.556,0,NA,NA,FALSE,FALSE
19960924,"1996-09-24 12:00:00","1996-09-24 12:00:00",1996,9,24,13.111,29.722,20.333,0,NA,NA,FALSE,FALSE
19960925,"1996-09-25 12:00:00","1996-09-25 12:00:00",1996,9,25,12.222,29.389,21.389,0,NA,NA,FALSE,FALSE
19960926,"1996-09-26 12:00:00","1996-09-26 12:00:00",1996,9,26,14.611,29.111,21.833,0,NA,NA,FALSE,FALSE
19960927,"1996-09-27 12:00:00","1996-09-27 12:00:00",1996,9,27,15.889,27.722,21.389,0,NA,NA,FALSE,FALSE
19960928,"1996-09-28 12:00:00","1996-09-28 12:00:00",1996,9,28,16.778,22.722,19.056,0,NA,NA,FALSE,FALSE
19960929,"1996-09-29 12:00:00","1996-09-29 12:00:00",1996,9,29,16.722,25.778,20.722,0,NA,NA,FALSE,FALSE
19960930,"1996-09-30 12:00:00","1996-09-30 12:00:00",1996,9,30,17.5,29.222,22.056,0,NA,NA,FALSE,FALSE
19961001,"1996-10-01 12:00:00","1996-10-01 12:00:00",1996,10,1,16.778,26.889,21.556,0,NA,NA,FALSE,FALSE
19961002,"1996-10-02 12:00:00","1996-10-02 12:00:00",1996,10,2,14.889,21.111,18.333,0,NA,NA,FALSE,FALSE
19961003,"1996-10-03 12:00:00","1996-10-03 12:00:00",1996,10,3,14.389,22.611,17.444,10.922,NA,NA,FALSE,FALSE
19961004,"1996-10-04 12:00:00","1996-10-04 12:00:00",1996,10,4,12.278,23.111,17.667,0,NA,NA,FALSE,FALSE
19961005,"1996-10-05 12:00:00","1996-10-05 12:00:00",1996,10,5,12.111,25.111,19.889,0,NA,NA,FALSE,FALSE
19961006,"1996-10-06 12:00:00","1996-10-06 12:00:00",1996,10,6,13.222,23.611,17.111,19.05,NA,NA,FALSE,FALSE
19961007,"1996-10-07 12:00:00","1996-10-07 12:00:00",1996,10,7,9.778,15.778,12.944,4.064,NA,NA,FALSE,FALSE
19961008,"1996-10-08 12:00:00","1996-10-08 12:00:00",1996,10,8,9.111,18.278,13.222,0,NA,NA,FALSE,FALSE
19961009,"1996-10-09 12:00:00","1996-10-09 12:00:00",1996,10,9,7.111,21.5,13.833,0,NA,NA,FALSE,FALSE
19961010,"1996-10-10 12:00:00","1996-10-10 12:00:00",1996,10,10,6.111,20.778,14.167,0,NA,NA,FALSE,FALSE
19961011,"1996-10-11 12:00:00","1996-10-11 12:00:00",1996,10,11,7.889,23.5,17.611,0,NA,NA,FALSE,FALSE
19961012,"1996-10-12 12:00:00","1996-10-12 12:00:00",1996,10,12,11.111,23.722,17.111,0,NA,NA,FALSE,FALSE
19961013,"1996-10-13 12:00:00","1996-10-13 12:00:00",1996,10,13,10.5,25.111,18.222,0,NA,NA,FALSE,FALSE
19961014,"1996-10-14 12:00:00","1996-10-14 12:00:00",1996,10,14,12.5,24.111,17.167,0,NA,NA,FALSE,FALSE
19961015,"1996-10-15 12:00:00","1996-10-15 12:00:00",1996,10,15,9.278,18.778,14,0,NA,NA,FALSE,FALSE
19961016,"1996-10-16 12:00:00","1996-10-16 12:00:00",1996,10,16,6,18.722,12.167,0,NA,NA,FALSE,FALSE
19961017,"1996-10-17 12:00:00","1996-10-17 12:00:00",1996,10,17,5.722,19.278,14.167,0,NA,NA,FALSE,FALSE
19961018,"1996-10-18 12:00:00","1996-10-18 12:00:00",1996,10,18,11.278,20.778,15.222,6.096,NA,NA,FALSE,FALSE
19961019,"1996-10-19 12:00:00","1996-10-19 12:00:00",1996,10,19,8.111,20,13.722,0,NA,NA,FALSE,FALSE
19961020,"1996-10-20 12:00:00","1996-10-20 12:00:00",1996,10,20,6.889,21.611,15.278,0,NA,NA,FALSE,FALSE
19961021,"1996-10-21 12:00:00","1996-10-21 12:00:00",1996,10,21,9.778,21.611,15.333,0,NA,NA,FALSE,FALSE
19961022,"1996-10-22 12:00:00","1996-10-22 12:00:00",1996,10,22,8.778,23.722,16,0,NA,NA,FALSE,FALSE
19961023,"1996-10-23 12:00:00","1996-10-23 12:00:00",1996,10,23,10.278,23.5,19,0,NA,NA,FALSE,FALSE
19961024,"1996-10-24 12:00:00","1996-10-24 12:00:00",1996,10,24,16.611,27.111,21.278,NA,NA,NA,FALSE,FALSE
19961025,"1996-10-25 12:00:00","1996-10-25 12:00:00",1996,10,25,8.722,19.778,13.889,0.508,NA,NA,FALSE,FALSE
19961026,"1996-10-26 12:00:00","1996-10-26 12:00:00",1996,10,26,1.722,13,7.167,0,NA,NA,FALSE,FALSE
19961027,"1996-10-27 12:00:00","1996-10-27 12:00:00",1996,10,27,1.222,17.778,10.278,0,NA,NA,FALSE,FALSE
19961028,"1996-10-28 12:00:00","1996-10-28 12:00:00",1996,10,28,6.278,20.611,13.333,0,NA,NA,FALSE,FALSE
19961029,"1996-10-29 12:00:00","1996-10-29 12:00:00",1996,10,29,8.111,24.5,16.444,0,NA,NA,FALSE,FALSE
19961030,"1996-10-30 12:00:00","1996-10-30 12:00:00",1996,10,30,10.778,23.889,18.667,0,NA,NA,FALSE,FALSE
19961031,"1996-10-31 12:00:00","1996-10-31 12:00:00",1996,10,31,14.278,18.389,15.611,18.034,NA,NA,FALSE,FALSE
19961101,"1996-11-01 12:00:00","1996-11-01 12:00:00",1996,11,1,12.889,14.611,13.889,37.084,NA,NA,FALSE,FALSE
19961102,"1996-11-02 12:00:00","1996-11-02 12:00:00",1996,11,2,5.389,16,10.556,20.066,NA,NA,FALSE,FALSE
19961103,"1996-11-03 12:00:00","1996-11-03 12:00:00",1996,11,3,4,19,11.389,0,NA,NA,FALSE,FALSE
19961104,"1996-11-04 12:00:00","1996-11-04 12:00:00",1996,11,4,6.5,19.278,15.778,2.032,NA,NA,FALSE,FALSE
19961105,"1996-11-05 12:00:00","1996-11-05 12:00:00",1996,11,5,10.278,18,15.333,10.922,NA,NA,FALSE,FALSE
19961106,"1996-11-06 12:00:00","1996-11-06 12:00:00",1996,11,6,8,15.5,10.833,0.508,NA,NA,FALSE,FALSE
19961107,"1996-11-07 12:00:00","1996-11-07 12:00:00",1996,11,7,7.111,12.389,10.5,0,NA,NA,FALSE,FALSE
19961108,"1996-11-08 12:00:00","1996-11-08 12:00:00",1996,11,8,9,14.278,12.389,7.112,NA,NA,FALSE,FALSE
19961109,"1996-11-09 12:00:00","1996-11-09 12:00:00",1996,11,9,7.722,14.5,10.5,23.876,NA,NA,FALSE,FALSE
19961110,"1996-11-10 12:00:00","1996-11-10 12:00:00",1996,11,10,7.111,18.111,12.667,0,NA,NA,FALSE,FALSE
19961111,"1996-11-11 12:00:00","1996-11-11 12:00:00",1996,11,11,9,20.5,13.889,0.508,NA,NA,FALSE,FALSE
19961112,"1996-11-12 12:00:00","1996-11-12 12:00:00",1996,11,12,4.5,15.389,9.111,0.254,NA,NA,FALSE,FALSE
19961113,"1996-11-13 12:00:00","1996-11-13 12:00:00",1996,11,13,2.722,13.222,6.944,0,NA,NA,FALSE,FALSE
19961114,"1996-11-14 12:00:00","1996-11-14 12:00:00",1996,11,14,2.111,10.278,6.389,0,NA,NA,FALSE,FALSE
19961115,"1996-11-15 12:00:00","1996-11-15 12:00:00",1996,11,15,1.611,8.778,5,0,NA,NA,FALSE,FALSE
19961116,"1996-11-16 12:00:00","1996-11-16 12:00:00",1996,11,16,1,8.722,6.111,0,NA,NA,FALSE,FALSE
19961117,"1996-11-17 12:00:00","1996-11-17 12:00:00",1996,11,17,4,9.111,6.278,2.032,NA,NA,FALSE,FALSE
19961118,"1996-11-18 12:00:00","1996-11-18 12:00:00",1996,11,18,3.722,10.5,7.333,4.064,NA,NA,FALSE,FALSE
19961119,"1996-11-19 12:00:00","1996-11-19 12:00:00",1996,11,19,3.889,14.389,8.222,0,NA,NA,FALSE,FALSE
19961120,"1996-11-20 12:00:00","1996-11-20 12:00:00",1996,11,20,3.222,14.889,10.333,0,NA,NA,FALSE,FALSE
19961121,"1996-11-21 12:00:00","1996-11-21 12:00:00",1996,11,21,3.111,12.111,7.611,0,NA,NA,FALSE,FALSE
19961122,"1996-11-22 12:00:00","1996-11-22 12:00:00",1996,11,22,0.889,11.222,5.167,0,NA,NA,FALSE,FALSE
19961123,"1996-11-23 12:00:00","1996-11-23 12:00:00",1996,11,23,0.5,14.111,8.167,0,NA,NA,FALSE,FALSE
19961124,"1996-11-24 12:00:00","1996-11-24 12:00:00",1996,11,24,0.611,13.611,6.389,0.508,NA,NA,FALSE,FALSE
19961125,"1996-11-25 12:00:00","1996-11-25 12:00:00",1996,11,25,0.111,16.389,9.278,0,NA,NA,FALSE,FALSE
19961126,"1996-11-26 12:00:00","1996-11-26 12:00:00",1996,11,26,4.611,15.222,11.944,5.08,NA,NA,FALSE,FALSE
19961127,"1996-11-27 12:00:00","1996-11-27 12:00:00",1996,11,27,0.611,12.222,4,6.096,NA,NA,FALSE,FALSE
19961128,"1996-11-28 12:00:00","1996-11-28 12:00:00",1996,11,28,0,8.111,3.833,0,NA,NA,FALSE,FALSE
19961129,"1996-11-29 12:00:00","1996-11-29 12:00:00",1996,11,29,-0.278,6.389,1.611,2.032,NA,NA,FALSE,FALSE
19961130,"1996-11-30 12:00:00","1996-11-30 12:00:00",1996,11,30,-3.722,4.778,-1.056,14.986,NA,NA,FALSE,FALSE
19961201,"1996-12-01 12:00:00","1996-12-01 12:00:00",1996,12,1,-6.222,-0.111,-3.889,11.938,NA,NA,FALSE,FALSE
19961202,"1996-12-02 12:00:00","1996-12-02 12:00:00",1996,12,2,-6.722,4.5,-1.111,4.064,NA,NA,FALSE,FALSE
19961203,"1996-12-03 12:00:00","1996-12-03 12:00:00",1996,12,3,-5,7.5,1.611,0,NA,NA,FALSE,FALSE
19961204,"1996-12-04 12:00:00","1996-12-04 12:00:00",1996,12,4,-0.5,7.389,5.278,9.906,NA,NA,FALSE,FALSE
19961205,"1996-12-05 12:00:00","1996-12-05 12:00:00",1996,12,5,-4.5,6.111,-0.778,2.032,NA,NA,FALSE,FALSE
19961206,"1996-12-06 12:00:00","1996-12-06 12:00:00",1996,12,6,-5.278,-0.222,-1.389,2.032,NA,NA,FALSE,FALSE
19961207,"1996-12-07 12:00:00","1996-12-07 12:00:00",1996,12,7,-3.778,2.111,-1.556,7.112,NA,NA,FALSE,FALSE
19961208,"1996-12-08 12:00:00","1996-12-08 12:00:00",1996,12,8,-4.222,6.5,2.389,0,NA,NA,FALSE,FALSE
19961209,"1996-12-09 12:00:00","1996-12-09 12:00:00",1996,12,9,0.278,11.278,4.833,0,NA,NA,FALSE,FALSE
19961210,"1996-12-10 12:00:00","1996-12-10 12:00:00",1996,12,10,-0.389,9.722,3.556,0,NA,NA,FALSE,FALSE
19961211,"1996-12-11 12:00:00","1996-12-11 12:00:00",1996,12,11,-1.222,10.222,3.611,0,NA,NA,FALSE,FALSE
19961212,"1996-12-12 12:00:00","1996-12-12 12:00:00",1996,12,12,-2.222,10.5,3.389,0,NA,NA,FALSE,FALSE
19961213,"1996-12-13 12:00:00","1996-12-13 12:00:00",1996,12,13,-2.389,12.389,4.722,0,NA,NA,FALSE,FALSE
19961214,"1996-12-14 12:00:00","1996-12-14 12:00:00",1996,12,14,-0.889,13.722,5,0,NA,NA,FALSE,FALSE
19961215,"1996-12-15 12:00:00","1996-12-15 12:00:00",1996,12,15,-0.5,14.722,6.333,0,NA,NA,FALSE,FALSE
19961216,"1996-12-16 12:00:00","1996-12-16 12:00:00",1996,12,16,1.5,16.778,10.611,0,NA,NA,FALSE,FALSE
19961217,"1996-12-17 12:00:00","1996-12-17 12:00:00",1996,12,17,-0.278,11.722,4.944,0.508,NA,NA,FALSE,FALSE
19961218,"1996-12-18 12:00:00","1996-12-18 12:00:00",1996,12,18,-3.222,2.222,-1.667,0,NA,NA,FALSE,FALSE
19961219,"1996-12-19 12:00:00","1996-12-19 12:00:00",1996,12,19,-3.222,2.889,0.889,2.032,NA,NA,FALSE,FALSE
19961220,"1996-12-20 12:00:00","1996-12-20 12:00:00",1996,12,20,-1.111,7.889,2.556,0,NA,NA,FALSE,FALSE
19961221,"1996-12-21 12:00:00","1996-12-21 12:00:00",1996,12,21,-0.722,10.5,4.056,0,NA,NA,FALSE,FALSE
19961222,"1996-12-22 12:00:00","1996-12-22 12:00:00",1996,12,22,-0.111,9.889,3.667,0.508,NA,NA,FALSE,FALSE
19961223,"1996-12-23 12:00:00","1996-12-23 12:00:00",1996,12,23,-3.722,6.722,1,0,NA,NA,FALSE,FALSE
19961224,"1996-12-24 12:00:00","1996-12-24 12:00:00",1996,12,24,-4.111,12.278,5.389,0,NA,NA,FALSE,FALSE
19961225,"1996-12-25 12:00:00","1996-12-25 12:00:00",1996,12,25,-1.5,11.722,4.222,0,NA,NA,FALSE,FALSE
19961226,"1996-12-26 12:00:00","1996-12-26 12:00:00",1996,12,26,-2.611,13.722,4.778,0,NA,NA,FALSE,FALSE
19961227,"1996-12-27 12:00:00","1996-12-27 12:00:00",1996,12,27,-2,13.5,5.944,0,NA,NA,FALSE,FALSE
19961228,"1996-12-28 12:00:00","1996-12-28 12:00:00",1996,12,28,-2.111,12.722,4.333,0,NA,NA,FALSE,FALSE
19961229,"1996-12-29 12:00:00","1996-12-29 12:00:00",1996,12,29,-4.278,11.111,3,0,NA,NA,FALSE,FALSE
19961230,"1996-12-30 12:00:00","1996-12-30 12:00:00",1996,12,30,-1.611,7.5,2.556,0,NA,NA,FALSE,FALSE
19961231,"1996-12-31 12:00:00","1996-12-31 12:00:00",1996,12,31,-1.222,10.611,6.722,NA,NA,NA,FALSE,FALSE
19970101,"1997-01-01 12:00:00","1997-01-01 12:00:00",1997,1,1,-3.278,12.278,0.944,5.08,NA,NA,FALSE,FALSE
19970102,"1997-01-02 12:00:00","1997-01-02 12:00:00",1997,1,2,-3.722,0.722,-1.556,3.048,NA,NA,FALSE,FALSE
19970103,"1997-01-03 12:00:00","1997-01-03 12:00:00",1997,1,3,-3.722,2.722,-1.556,0,NA,NA,FALSE,FALSE
19970104,"1997-01-04 12:00:00","1997-01-04 12:00:00",1997,1,4,-3.5,6.389,-0.167,0,NA,NA,FALSE,FALSE
19970105,"1997-01-05 12:00:00","1997-01-05 12:00:00",1997,1,5,-4,1.778,-1.667,7.874,NA,NA,FALSE,FALSE
19970106,"1997-01-06 12:00:00","1997-01-06 12:00:00",1997,1,6,-6.889,-0.5,-4.111,3.048,NA,NA,FALSE,FALSE
19970107,"1997-01-07 12:00:00","1997-01-07 12:00:00",1997,1,7,-7.5,1.222,-3.778,0,NA,NA,FALSE,FALSE
19970108,"1997-01-08 12:00:00","1997-01-08 12:00:00",1997,1,8,-7.222,4.222,-1.833,0,NA,NA,FALSE,FALSE
19970109,"1997-01-09 12:00:00","1997-01-09 12:00:00",1997,1,9,-7.722,4.5,0.056,0,NA,NA,FALSE,FALSE
19970110,"1997-01-10 12:00:00","1997-01-10 12:00:00",1997,1,10,-3.611,4.889,0.778,0,NA,NA,FALSE,FALSE
19970111,"1997-01-11 12:00:00","1997-01-11 12:00:00",1997,1,11,-3.722,5.889,0.667,0,NA,NA,FALSE,FALSE
19970112,"1997-01-12 12:00:00","1997-01-12 12:00:00",1997,1,12,-4,6.889,1.111,0,NA,NA,FALSE,FALSE
19970113,"1997-01-13 12:00:00","1997-01-13 12:00:00",1997,1,13,-4.111,9.722,3.444,0,NA,NA,FALSE,FALSE
19970114,"1997-01-14 12:00:00","1997-01-14 12:00:00",1997,1,14,-5.222,4.389,-1.056,0,NA,NA,FALSE,FALSE
19970115,"1997-01-15 12:00:00","1997-01-15 12:00:00",1997,1,15,-5.722,4.889,-0.222,0,NA,NA,FALSE,FALSE
19970116,"1997-01-16 12:00:00","1997-01-16 12:00:00",1997,1,16,-2.611,5.5,0.389,0,NA,NA,FALSE,FALSE
19970117,"1997-01-17 12:00:00","1997-01-17 12:00:00",1997,1,17,-3,7.722,2.056,0,NA,NA,FALSE,FALSE
19970118,"1997-01-18 12:00:00","1997-01-18 12:00:00",1997,1,18,-3.778,3.278,-1,0,NA,NA,FALSE,FALSE
19970119,"1997-01-19 12:00:00","1997-01-19 12:00:00",1997,1,19,-5.722,6.5,-0.056,0,NA,NA,FALSE,FALSE
19970120,"1997-01-20 12:00:00","1997-01-20 12:00:00",1997,1,20,-3.611,9,2.778,0,NA,NA,FALSE,FALSE
19970121,"1997-01-21 12:00:00","1997-01-21 12:00:00",1997,1,21,-10.611,1.889,-7.389,0,NA,NA,FALSE,FALSE
19970122,"1997-01-22 12:00:00","1997-01-22 12:00:00",1997,1,22,-11.389,2.722,-3.778,0,NA,NA,FALSE,FALSE
19970123,"1997-01-23 12:00:00","1997-01-23 12:00:00",1997,1,23,-6.222,0.722,-1.611,0.254,NA,NA,FALSE,FALSE
19970124,"1997-01-24 12:00:00","1997-01-24 12:00:00",1997,1,24,-3.778,0.778,-1.833,0,NA,NA,FALSE,FALSE
19970125,"1997-01-25 12:00:00","1997-01-25 12:00:00",1997,1,25,-4.389,5.722,0.278,0,NA,NA,FALSE,FALSE
19970126,"1997-01-26 12:00:00","1997-01-26 12:00:00",1997,1,26,-3.778,8.778,2.278,0,NA,NA,FALSE,FALSE
19970127,"1997-01-27 12:00:00","1997-01-27 12:00:00",1997,1,27,-0.889,8.889,3.389,0,NA,NA,FALSE,FALSE
19970128,"1997-01-28 12:00:00","1997-01-28 12:00:00",1997,1,28,-2.111,2.778,-0.444,0.254,NA,NA,FALSE,FALSE
19970129,"1997-01-29 12:00:00","1997-01-29 12:00:00",1997,1,29,-2.5,3.278,0.278,1.016,NA,NA,FALSE,FALSE
19970130,"1997-01-30 12:00:00","1997-01-30 12:00:00",1997,1,30,-3.722,4.778,1.444,0,NA,NA,FALSE,FALSE
19970131,"1997-01-31 12:00:00","1997-01-31 12:00:00",1997,1,31,-2.778,8.278,0.944,0,NA,NA,FALSE,FALSE
19970201,"1997-02-01 12:00:00","1997-02-01 12:00:00",1997,2,1,-4.389,5.389,-0.278,0,NA,NA,FALSE,FALSE
19970202,"1997-02-02 12:00:00","1997-02-02 12:00:00",1997,2,2,-4.722,5,-0.556,0,NA,NA,FALSE,FALSE
19970203,"1997-02-03 12:00:00","1997-02-03 12:00:00",1997,2,3,-5.389,3.611,-1.722,0,NA,NA,FALSE,FALSE
19970204,"1997-02-04 12:00:00","1997-02-04 12:00:00",1997,2,4,-5.778,5.722,-0.278,0,NA,NA,FALSE,FALSE
19970205,"1997-02-05 12:00:00","1997-02-05 12:00:00",1997,2,5,-5.5,7.222,1.444,0,NA,NA,FALSE,FALSE
19970206,"1997-02-06 12:00:00","1997-02-06 12:00:00",1997,2,6,-2.722,4.389,0,0,NA,NA,FALSE,FALSE
19970207,"1997-02-07 12:00:00","1997-02-07 12:00:00",1997,2,7,-4.111,9.222,3.611,0,NA,NA,FALSE,FALSE
19970208,"1997-02-08 12:00:00","1997-02-08 12:00:00",1997,2,8,-2.278,12,3.5,0,NA,NA,FALSE,FALSE
19970209,"1997-02-09 12:00:00","1997-02-09 12:00:00",1997,2,9,-3.722,13.278,4,0,NA,NA,FALSE,FALSE
19970210,"1997-02-10 12:00:00","1997-02-10 12:00:00",1997,2,10,-2.278,7.222,1.333,NA,NA,NA,FALSE,FALSE
19970211,"1997-02-11 12:00:00","1997-02-11 12:00:00",1997,2,11,-2.722,2.722,0.278,6.096,NA,NA,FALSE,FALSE
19970212,"1997-02-12 12:00:00","1997-02-12 12:00:00",1997,2,12,-5.278,4.722,-0.944,0,NA,NA,FALSE,FALSE
19970213,"1997-02-13 12:00:00","1997-02-13 12:00:00",1997,2,13,-6,5,-0.167,0,NA,NA,FALSE,FALSE
19970214,"1997-02-14 12:00:00","1997-02-14 12:00:00",1997,2,14,-5.5,9.111,2.556,0,NA,NA,FALSE,FALSE
19970215,"1997-02-15 12:00:00","1997-02-15 12:00:00",1997,2,15,-1.5,10.111,4.167,0,NA,NA,FALSE,FALSE
19970216,"1997-02-16 12:00:00","1997-02-16 12:00:00",1997,2,16,-5.222,5.722,-2.278,0,NA,NA,FALSE,FALSE
19970217,"1997-02-17 12:00:00","1997-02-17 12:00:00",1997,2,17,-6.111,3.722,-1.222,0,NA,NA,FALSE,FALSE
19970218,"1997-02-18 12:00:00","1997-02-18 12:00:00",1997,2,18,-5.722,5.278,0.333,0,NA,NA,FALSE,FALSE
19970219,"1997-02-19 12:00:00","1997-02-19 12:00:00",1997,2,19,-4.222,7.889,0.944,0,NA,NA,FALSE,FALSE
19970220,"1997-02-20 12:00:00","1997-02-20 12:00:00",1997,2,20,-5.111,12.889,5.056,0,NA,NA,FALSE,FALSE
19970221,"1997-02-21 12:00:00","1997-02-21 12:00:00",1997,2,21,-4.778,6.778,0.389,0,NA,NA,FALSE,FALSE
19970222,"1997-02-22 12:00:00","1997-02-22 12:00:00",1997,2,22,-5.389,10.111,1.889,0,NA,NA,FALSE,FALSE
19970223,"1997-02-23 12:00:00","1997-02-23 12:00:00",1997,2,23,-3.611,13.778,5.5,0,NA,NA,FALSE,FALSE
19970224,"1997-02-24 12:00:00","1997-02-24 12:00:00",1997,2,24,-0.111,14.778,10.278,0,NA,NA,FALSE,FALSE
19970225,"1997-02-25 12:00:00","1997-02-25 12:00:00",1997,2,25,6.5,12.778,9.444,28.956,NA,NA,FALSE,FALSE
19970226,"1997-02-26 12:00:00","1997-02-26 12:00:00",1997,2,26,5.722,14.389,9.833,17.018,NA,NA,FALSE,FALSE
19970227,"1997-02-27 12:00:00","1997-02-27 12:00:00",1997,2,27,6.611,17.778,11,0,NA,NA,FALSE,FALSE
19970228,"1997-02-28 12:00:00","1997-02-28 12:00:00",1997,2,28,1.278,15.111,8.222,8.89,NA,NA,FALSE,FALSE
19970301,"1997-03-01 12:00:00","1997-03-01 12:00:00",1997,3,1,0.889,11.278,5.278,0,NA,NA,FALSE,FALSE
19970302,"1997-03-02 12:00:00","1997-03-02 12:00:00",1997,3,2,-1.389,8.222,2.667,0,NA,NA,FALSE,FALSE
19970303,"1997-03-03 12:00:00","1997-03-03 12:00:00",1997,3,3,-2.111,6.722,1.611,0,NA,NA,FALSE,FALSE
19970304,"1997-03-04 12:00:00","1997-03-04 12:00:00",1997,3,4,-2.778,12.722,5.389,0,NA,NA,FALSE,FALSE
19970305,"1997-03-05 12:00:00","1997-03-05 12:00:00",1997,3,5,-0.389,17,9.944,0,NA,NA,FALSE,FALSE
19970306,"1997-03-06 12:00:00","1997-03-06 12:00:00",1997,3,6,4.722,12,9.5,16.002,NA,NA,FALSE,FALSE
19970307,"1997-03-07 12:00:00","1997-03-07 12:00:00",1997,3,7,1.722,13.222,7.889,13.97,NA,NA,FALSE,FALSE
19970308,"1997-03-08 12:00:00","1997-03-08 12:00:00",1997,3,8,0.222,17.278,8.444,0,NA,NA,FALSE,FALSE
19970309,"1997-03-09 12:00:00","1997-03-09 12:00:00",1997,3,9,2,17.778,11,NA,NA,NA,FALSE,FALSE
19970310,"1997-03-10 12:00:00","1997-03-10 12:00:00",1997,3,10,6.722,12.889,9.833,17.018,NA,NA,FALSE,FALSE
19970311,"1997-03-11 12:00:00","1997-03-11 12:00:00",1997,3,11,5.778,19,11.167,6.096,NA,NA,FALSE,FALSE
19970312,"1997-03-12 12:00:00","1997-03-12 12:00:00",1997,3,12,6,15,11.389,0,NA,NA,FALSE,FALSE
19970313,"1997-03-13 12:00:00","1997-03-13 12:00:00",1997,3,13,7.778,19.5,12.889,6.096,NA,NA,FALSE,FALSE
19970314,"1997-03-14 12:00:00","1997-03-14 12:00:00",1997,3,14,6,12.778,8.889,20.066,NA,NA,FALSE,FALSE
19970315,"1997-03-15 12:00:00","1997-03-15 12:00:00",1997,3,15,4.778,8.111,6.278,7.112,NA,NA,FALSE,FALSE
19970316,"1997-03-16 12:00:00","1997-03-16 12:00:00",1997,3,16,4.111,7.722,5.889,5.08,NA,NA,FALSE,FALSE
19970317,"1997-03-17 12:00:00","1997-03-17 12:00:00",1997,3,17,3.111,11.111,6.722,0.254,NA,NA,FALSE,FALSE
19970318,"1997-03-18 12:00:00","1997-03-18 12:00:00",1997,3,18,2.278,14.111,7,0,NA,NA,FALSE,FALSE
19970319,"1997-03-19 12:00:00","1997-03-19 12:00:00",1997,3,19,2.722,15.778,8.889,0,NA,NA,FALSE,FALSE
19970320,"1997-03-20 12:00:00","1997-03-20 12:00:00",1997,3,20,5,16.278,10.444,0,NA,NA,FALSE,FALSE
19970321,"1997-03-21 12:00:00","1997-03-21 12:00:00",1997,3,21,3.778,14.889,8.111,0,NA,NA,FALSE,FALSE
19970322,"1997-03-22 12:00:00","1997-03-22 12:00:00",1997,3,22,2.222,16.278,7.833,0,NA,NA,FALSE,FALSE
19970323,"1997-03-23 12:00:00","1997-03-23 12:00:00",1997,3,23,-0.222,8.722,3.611,0,NA,NA,FALSE,FALSE
19970324,"1997-03-24 12:00:00","1997-03-24 12:00:00",1997,3,24,-1,13.5,5.167,0,NA,NA,FALSE,FALSE
19970325,"1997-03-25 12:00:00","1997-03-25 12:00:00",1997,3,25,-1,16.111,9.889,0,NA,NA,FALSE,FALSE
19970326,"1997-03-26 12:00:00","1997-03-26 12:00:00",1997,3,26,1.611,15.111,7.333,0,NA,NA,FALSE,FALSE
19970327,"1997-03-27 12:00:00","1997-03-27 12:00:00",1997,3,27,0.278,18.5,9.778,0,NA,NA,FALSE,FALSE
19970328,"1997-03-28 12:00:00","1997-03-28 12:00:00",1997,3,28,3.222,18.611,12.833,0,NA,NA,FALSE,FALSE
19970329,"1997-03-29 12:00:00","1997-03-29 12:00:00",1997,3,29,2.611,19.222,9.667,0,NA,NA,FALSE,FALSE
19970330,"1997-03-30 12:00:00","1997-03-30 12:00:00",1997,3,30,-0.278,8.778,3.833,0,NA,NA,FALSE,FALSE
19970331,"1997-03-31 12:00:00","1997-03-31 12:00:00",1997,3,31,-1.278,15,7,0,NA,NA,FALSE,FALSE
19970401,"1997-04-01 12:00:00","1997-04-01 12:00:00",1997,4,1,1,21.778,10.944,0.254,NA,NA,FALSE,FALSE
19970402,"1997-04-02 12:00:00","1997-04-02 12:00:00",1997,4,2,8.722,15.611,13.944,45.974,NA,NA,FALSE,FALSE
19970403,"1997-04-03 12:00:00","1997-04-03 12:00:00",1997,4,3,11.111,14.5,12.333,6.096,NA,NA,FALSE,FALSE
19970404,"1997-04-04 12:00:00","1997-04-04 12:00:00",1997,4,4,10,12.111,11,8.89,NA,NA,FALSE,FALSE
19970405,"1997-04-05 12:00:00","1997-04-05 12:00:00",1997,4,5,8.5,15.111,11.167,1.016,NA,NA,FALSE,FALSE
19970406,"1997-04-06 12:00:00","1997-04-06 12:00:00",1997,4,6,7.778,15.778,10.444,4.064,NA,NA,FALSE,FALSE
19970407,"1997-04-07 12:00:00","1997-04-07 12:00:00",1997,4,7,7.278,20.778,12.722,0,NA,NA,FALSE,FALSE
19970408,"1997-04-08 12:00:00","1997-04-08 12:00:00",1997,4,8,7.722,16.611,10.778,0,NA,NA,FALSE,FALSE
19970409,"1997-04-09 12:00:00","1997-04-09 12:00:00",1997,4,9,3.611,14.889,9.222,0,NA,NA,FALSE,FALSE
19970410,"1997-04-10 12:00:00","1997-04-10 12:00:00",1997,4,10,2.889,16,9.611,0,NA,NA,FALSE,FALSE
19970411,"1997-04-11 12:00:00","1997-04-11 12:00:00",1997,4,11,3.111,18.389,10.833,0,NA,NA,FALSE,FALSE
19970412,"1997-04-12 12:00:00","1997-04-12 12:00:00",1997,4,12,3.389,21.222,12.889,0,NA,NA,FALSE,FALSE
19970413,"1997-04-13 12:00:00","1997-04-13 12:00:00",1997,4,13,4.5,22.5,14.722,0,NA,NA,FALSE,FALSE
19970414,"1997-04-14 12:00:00","1997-04-14 12:00:00",1997,4,14,8.611,23.778,16.389,0,NA,NA,FALSE,FALSE
19970415,"1997-04-15 12:00:00","1997-04-15 12:00:00",1997,4,15,7.222,21.278,14.056,0,NA,NA,FALSE,FALSE
19970416,"1997-04-16 12:00:00","1997-04-16 12:00:00",1997,4,16,6.5,19.889,14,0,NA,NA,FALSE,FALSE
19970417,"1997-04-17 12:00:00","1997-04-17 12:00:00",1997,4,17,8,19.5,12.556,NA,NA,NA,FALSE,FALSE
19970418,"1997-04-18 12:00:00","1997-04-18 12:00:00",1997,4,18,7,20.722,13.278,4.064,NA,NA,FALSE,FALSE
19970419,"1997-04-19 12:00:00","1997-04-19 12:00:00",1997,4,19,6.389,23.222,14.889,0,NA,NA,FALSE,FALSE
19970420,"1997-04-20 12:00:00","1997-04-20 12:00:00",1997,4,20,7.5,24.778,17.111,NA,NA,NA,FALSE,FALSE
19970421,"1997-04-21 12:00:00","1997-04-21 12:00:00",1997,4,21,9.389,15.278,13.056,3.048,NA,NA,FALSE,FALSE
19970422,"1997-04-22 12:00:00","1997-04-22 12:00:00",1997,4,22,6.278,20.222,13.167,7.874,NA,NA,FALSE,FALSE
19970423,"1997-04-23 12:00:00","1997-04-23 12:00:00",1997,4,23,5.778,21.5,13.5,0,NA,NA,FALSE,FALSE
19970424,"1997-04-24 12:00:00","1997-04-24 12:00:00",1997,4,24,5.111,19,11.944,0,NA,NA,FALSE,FALSE
19970425,"1997-04-25 12:00:00","1997-04-25 12:00:00",1997,4,25,4.5,21,13,0,NA,NA,FALSE,FALSE
19970426,"1997-04-26 12:00:00","1997-04-26 12:00:00",1997,4,26,5.778,24.222,13.944,0,NA,NA,FALSE,FALSE
19970427,"1997-04-27 12:00:00","1997-04-27 12:00:00",1997,4,27,5.611,22.611,15.833,0,NA,NA,FALSE,FALSE
19970428,"1997-04-28 12:00:00","1997-04-28 12:00:00",1997,4,28,9.278,23.889,16.667,0,NA,NA,FALSE,FALSE
19970429,"1997-04-29 12:00:00","1997-04-29 12:00:00",1997,4,29,15,25.389,18.611,NA,NA,NA,FALSE,FALSE
19970430,"1997-04-30 12:00:00","1997-04-30 12:00:00",1997,4,30,6.611,24.611,15.5,1.016,NA,NA,FALSE,FALSE
19970501,"1997-05-01 12:00:00","1997-05-01 12:00:00",1997,5,1,5.722,26.222,17.389,0,NA,NA,FALSE,FALSE
19970502,"1997-05-02 12:00:00","1997-05-02 12:00:00",1997,5,2,10.389,24.778,18.611,0,NA,NA,FALSE,FALSE
19970503,"1997-05-03 12:00:00","1997-05-03 12:00:00",1997,5,3,13.5,28.778,21,0,NA,NA,FALSE,FALSE
19970504,"1997-05-04 12:00:00","1997-05-04 12:00:00",1997,5,4,14.778,27.389,20.167,5.08,NA,NA,FALSE,FALSE
19970505,"1997-05-05 12:00:00","1997-05-05 12:00:00",1997,5,5,16.611,27.278,22,NA,NA,NA,FALSE,FALSE
19970506,"1997-05-06 12:00:00","1997-05-06 12:00:00",1997,5,6,18.278,28.778,24.333,0,NA,NA,FALSE,FALSE
19970507,"1997-05-07 12:00:00","1997-05-07 12:00:00",1997,5,7,12.778,23.222,19.389,43.942,NA,NA,FALSE,FALSE
19970508,"1997-05-08 12:00:00","1997-05-08 12:00:00",1997,5,8,9.5,19.778,11.5,13.97,NA,NA,FALSE,FALSE
19970509,"1997-05-09 12:00:00","1997-05-09 12:00:00",1997,5,9,9,22.889,15.556,0,NA,NA,FALSE,FALSE
19970510,"1997-05-10 12:00:00","1997-05-10 12:00:00",1997,5,10,8.278,23.889,17.5,0,NA,NA,FALSE,FALSE
19970511,"1997-05-11 12:00:00","1997-05-11 12:00:00",1997,5,11,14.278,20,18.333,2.032,NA,NA,FALSE,FALSE
19970512,"1997-05-12 12:00:00","1997-05-12 12:00:00",1997,5,12,17.778,20.722,19.167,4.064,NA,NA,FALSE,FALSE
19970513,"1997-05-13 12:00:00","1997-05-13 12:00:00",1997,5,13,17.278,21.889,18.944,7.112,NA,NA,FALSE,FALSE
19970514,"1997-05-14 12:00:00","1997-05-14 12:00:00",1997,5,14,17,22.389,19.611,1.016,NA,NA,FALSE,FALSE
19970515,"1997-05-15 12:00:00","1997-05-15 12:00:00",1997,5,15,18.111,27.111,22.667,0.254,NA,NA,FALSE,FALSE
19970516,"1997-05-16 12:00:00","1997-05-16 12:00:00",1997,5,16,10.111,25.222,17.667,0,NA,NA,FALSE,FALSE
19970517,"1997-05-17 12:00:00","1997-05-17 12:00:00",1997,5,17,9.611,25,18.722,0,NA,NA,FALSE,FALSE
19970518,"1997-05-18 12:00:00","1997-05-18 12:00:00",1997,5,18,13.611,25.389,19.333,0,NA,NA,FALSE,FALSE
19970519,"1997-05-19 12:00:00","1997-05-19 12:00:00",1997,5,19,13.278,23.389,17.278,0,NA,NA,FALSE,FALSE
19970520,"1997-05-20 12:00:00","1997-05-20 12:00:00",1997,5,20,10.389,20.111,14.944,0,NA,NA,FALSE,FALSE
19970521,"1997-05-21 12:00:00","1997-05-21 12:00:00",1997,5,21,9.778,21.222,15.056,0,NA,NA,FALSE,FALSE
19970522,"1997-05-22 12:00:00","1997-05-22 12:00:00",1997,5,22,9.5,24,16.667,0,NA,NA,FALSE,FALSE
19970523,"1997-05-23 12:00:00","1997-05-23 12:00:00",1997,5,23,10.111,23.222,16.667,0.254,NA,NA,FALSE,FALSE
19970524,"1997-05-24 12:00:00","1997-05-24 12:00:00",1997,5,24,10.5,18.222,13.5,2.032,NA,NA,FALSE,FALSE
19970525,"1997-05-25 12:00:00","1997-05-25 12:00:00",1997,5,25,9.778,23.611,17.778,0,NA,NA,FALSE,FALSE
19970526,"1997-05-26 12:00:00","1997-05-26 12:00:00",1997,5,26,12.778,26.611,19.333,6.096,NA,NA,FALSE,FALSE
19970527,"1997-05-27 12:00:00","1997-05-27 12:00:00",1997,5,27,14.611,23.778,18.444,0.508,NA,NA,FALSE,FALSE
19970528,"1997-05-28 12:00:00","1997-05-28 12:00:00",1997,5,28,14.5,24.222,19.444,0,NA,NA,FALSE,FALSE
19970529,"1997-05-29 12:00:00","1997-05-29 12:00:00",1997,5,29,15.5,23.778,19.111,0,NA,NA,FALSE,FALSE
19970530,"1997-05-30 12:00:00","1997-05-30 12:00:00",1997,5,30,15,23.222,18.333,14.986,NA,NA,FALSE,FALSE
19970531,"1997-05-31 12:00:00","1997-05-31 12:00:00",1997,5,31,14.611,27.389,21.389,0,NA,NA,FALSE,FALSE
19970601,"1997-06-01 12:00:00","1997-06-01 12:00:00",1997,6,1,13,27.222,19.222,24.892,NA,NA,FALSE,FALSE
19970602,"1997-06-02 12:00:00","1997-06-02 12:00:00",1997,6,2,12.611,24.778,18.5,0,NA,NA,FALSE,FALSE
19970603,"1997-06-03 12:00:00","1997-06-03 12:00:00",1997,6,3,12.5,26.778,21.056,0,NA,NA,FALSE,FALSE
19970604,"1997-06-04 12:00:00","1997-06-04 12:00:00",1997,6,4,15.611,28.389,22.056,0,NA,NA,FALSE,FALSE
19970605,"1997-06-05 12:00:00","1997-06-05 12:00:00",1997,6,5,17.222,23.111,20.556,2.032,NA,NA,FALSE,FALSE
19970606,"1997-06-06 12:00:00","1997-06-06 12:00:00",1997,6,6,16.889,28,21.556,2.032,NA,NA,FALSE,FALSE
19970607,"1997-06-07 12:00:00","1997-06-07 12:00:00",1997,6,7,16.278,28.611,23.889,0,NA,NA,FALSE,FALSE
19970608,"1997-06-08 12:00:00","1997-06-08 12:00:00",1997,6,8,18.778,25.778,22.444,2.032,NA,NA,FALSE,FALSE
19970609,"1997-06-09 12:00:00","1997-06-09 12:00:00",1997,6,9,17.611,26.111,20.944,0,NA,NA,FALSE,FALSE
19970610,"1997-06-10 12:00:00","1997-06-10 12:00:00",1997,6,10,17.111,27,21.611,0,NA,NA,FALSE,FALSE
19970611,"1997-06-11 12:00:00","1997-06-11 12:00:00",1997,6,11,16.611,29.222,21.889,0,NA,NA,FALSE,FALSE
19970612,"1997-06-12 12:00:00","1997-06-12 12:00:00",1997,6,12,16.389,29,22.444,0,NA,NA,FALSE,FALSE
19970613,"1997-06-13 12:00:00","1997-06-13 12:00:00",1997,6,13,16,31.111,24.444,0,NA,NA,FALSE,FALSE
19970614,"1997-06-14 12:00:00","1997-06-14 12:00:00",1997,6,14,18.611,31.722,23.278,2.032,NA,NA,FALSE,FALSE
19970615,"1997-06-15 12:00:00","1997-06-15 12:00:00",1997,6,15,18.722,29.222,23.167,0,NA,NA,FALSE,FALSE
19970616,"1997-06-16 12:00:00","1997-06-16 12:00:00",1997,6,16,18.389,31.389,24.389,0,NA,NA,FALSE,FALSE
19970617,"1997-06-17 12:00:00","1997-06-17 12:00:00",1997,6,17,18.611,33.778,26.5,0,NA,NA,FALSE,FALSE
19970618,"1997-06-18 12:00:00","1997-06-18 12:00:00",1997,6,18,21.111,32.5,26.333,0,NA,NA,FALSE,FALSE
19970619,"1997-06-19 12:00:00","1997-06-19 12:00:00",1997,6,19,20,31.278,25.5,0,NA,NA,FALSE,FALSE
19970620,"1997-06-20 12:00:00","1997-06-20 12:00:00",1997,6,20,19.278,29.278,23.444,7.112,NA,NA,FALSE,FALSE
19970621,"1997-06-21 12:00:00","1997-06-21 12:00:00",1997,6,21,19.611,31,24.5,0,NA,NA,FALSE,FALSE
19970622,"1997-06-22 12:00:00","1997-06-22 12:00:00",1997,6,22,19.889,30.778,24.944,0,NA,NA,FALSE,FALSE
19970623,"1997-06-23 12:00:00","1997-06-23 12:00:00",1997,6,23,20.778,33.222,26.222,0,NA,NA,FALSE,FALSE
19970624,"1997-06-24 12:00:00","1997-06-24 12:00:00",1997,6,24,21.222,31,24.944,NA,NA,NA,FALSE,FALSE
19970625,"1997-06-25 12:00:00","1997-06-25 12:00:00",1997,6,25,20.111,26.778,23.833,37.084,NA,NA,FALSE,FALSE
19970626,"1997-06-26 12:00:00","1997-06-26 12:00:00",1997,6,26,22,24.778,23.056,46.99,NA,NA,FALSE,FALSE
19970627,"1997-06-27 12:00:00","1997-06-27 12:00:00",1997,6,27,21.278,27.111,24.278,41.91,NA,NA,FALSE,FALSE
19970628,"1997-06-28 12:00:00","1997-06-28 12:00:00",1997,6,28,23,31.222,26.611,1.016,NA,NA,FALSE,FALSE
19970629,"1997-06-29 12:00:00","1997-06-29 12:00:00",1997,6,29,20,32.111,25.667,0,NA,NA,FALSE,FALSE
19970630,"1997-06-30 12:00:00","1997-06-30 12:00:00",1997,6,30,19.5,28.278,23.944,7.874,NA,NA,FALSE,FALSE
19970701,"1997-07-01 12:00:00","1997-07-01 12:00:00",1997,7,1,21.778,25.389,23.944,42.926,NA,NA,FALSE,FALSE
19970702,"1997-07-02 12:00:00","1997-07-02 12:00:00",1997,7,2,23.389,27.611,24.889,4.064,NA,NA,FALSE,FALSE
19970703,"1997-07-03 12:00:00","1997-07-03 12:00:00",1997,7,3,23.611,30.611,27.5,3.048,NA,NA,FALSE,FALSE
19970704,"1997-07-04 12:00:00","1997-07-04 12:00:00",1997,7,4,24.111,28.389,25.778,0,NA,NA,FALSE,FALSE
19970705,"1997-07-05 12:00:00","1997-07-05 12:00:00",1997,7,5,23.222,25.611,24.167,33.02,NA,NA,FALSE,FALSE
19970706,"1997-07-06 12:00:00","1997-07-06 12:00:00",1997,7,6,17.278,24.611,20.667,43.942,NA,NA,FALSE,FALSE
19970707,"1997-07-07 12:00:00","1997-07-07 12:00:00",1997,7,7,16.778,30,24.333,41.91,NA,NA,FALSE,FALSE
19970708,"1997-07-08 12:00:00","1997-07-08 12:00:00",1997,7,8,20.278,24.889,22.222,0,NA,NA,FALSE,FALSE
19970709,"1997-07-09 12:00:00","1997-07-09 12:00:00",1997,7,9,20.111,28,24,0,NA,NA,FALSE,FALSE
19970710,"1997-07-10 12:00:00","1997-07-10 12:00:00",1997,7,10,20.278,30.778,25.444,NA,NA,NA,FALSE,FALSE
19970711,"1997-07-11 12:00:00","1997-07-11 12:00:00",1997,7,11,20.111,23.778,21,50.038,NA,NA,FALSE,FALSE
19970712,"1997-07-12 12:00:00","1997-07-12 12:00:00",1997,7,12,20.222,24.222,21.889,3.048,NA,NA,FALSE,FALSE
19970713,"1997-07-13 12:00:00","1997-07-13 12:00:00",1997,7,13,20.5,27,23.333,2.032,NA,NA,FALSE,FALSE
19970714,"1997-07-14 12:00:00","1997-07-14 12:00:00",1997,7,14,21.722,29.889,26,0,NA,NA,FALSE,FALSE
19970715,"1997-07-15 12:00:00","1997-07-15 12:00:00",1997,7,15,23.111,27.778,25,22.098,NA,NA,FALSE,FALSE
19970716,"1997-07-16 12:00:00","1997-07-16 12:00:00",1997,7,16,22.778,26.222,24.444,61.976,NA,NA,FALSE,FALSE
19970717,"1997-07-17 12:00:00","1997-07-17 12:00:00",1997,7,17,22.111,30.889,25.278,37.084,NA,NA,FALSE,FALSE
19970718,"1997-07-18 12:00:00","1997-07-18 12:00:00",1997,7,18,20.889,30.611,25.333,0,NA,NA,FALSE,FALSE
19970719,"1997-07-19 12:00:00","1997-07-19 12:00:00",1997,7,19,20.611,32.389,27.222,0,NA,NA,FALSE,FALSE
19970720,"1997-07-20 12:00:00","1997-07-20 12:00:00",1997,7,20,23.278,32.5,28,0,NA,NA,FALSE,FALSE
19970721,"1997-07-21 12:00:00","1997-07-21 12:00:00",1997,7,21,25.111,33.5,28.722,0,NA,NA,FALSE,FALSE
19970722,"1997-07-22 12:00:00","1997-07-22 12:00:00",1997,7,22,24.611,34.722,28.667,0,NA,NA,FALSE,FALSE
19970723,"1997-07-23 12:00:00","1997-07-23 12:00:00",1997,7,23,24.611,35.722,29.444,NA,NA,NA,FALSE,FALSE
19970724,"1997-07-24 12:00:00","1997-07-24 12:00:00",1997,7,24,24,32.5,27.056,35.052,NA,NA,FALSE,FALSE
19970725,"1997-07-25 12:00:00","1997-07-25 12:00:00",1997,7,25,23.889,34.278,28.556,10.922,NA,NA,FALSE,FALSE
19970726,"1997-07-26 12:00:00","1997-07-26 12:00:00",1997,7,26,24.611,34.722,28.889,0,NA,NA,FALSE,FALSE
19970727,"1997-07-27 12:00:00","1997-07-27 12:00:00",1997,7,27,23.889,32.222,27.556,0,NA,NA,FALSE,FALSE
19970728,"1997-07-28 12:00:00","1997-07-28 12:00:00",1997,7,28,23.722,34,28.611,0,NA,NA,FALSE,FALSE
19970729,"1997-07-29 12:00:00","1997-07-29 12:00:00",1997,7,29,25.722,33.611,29.111,0,NA,NA,FALSE,FALSE
19970730,"1997-07-30 12:00:00","1997-07-30 12:00:00",1997,7,30,25.111,32.278,26.667,13.97,NA,NA,FALSE,FALSE
19970731,"1997-07-31 12:00:00","1997-07-31 12:00:00",1997,7,31,25.111,32,27.333,8.89,NA,NA,FALSE,FALSE
19970801,"1997-08-01 12:00:00","1997-08-01 12:00:00",1997,8,1,23.778,32.778,27.667,0,NA,NA,FALSE,FALSE
19970802,"1997-08-02 12:00:00","1997-08-02 12:00:00",1997,8,2,23.778,32.111,27.444,7.874,NA,NA,FALSE,FALSE
19970803,"1997-08-03 12:00:00","1997-08-03 12:00:00",1997,8,3,23.611,31.389,26.778,26.924,NA,NA,FALSE,FALSE
19970804,"1997-08-04 12:00:00","1997-08-04 12:00:00",1997,8,4,22.111,26.722,23.111,150.114,NA,NA,FALSE,FALSE
19970805,"1997-08-05 12:00:00","1997-08-05 12:00:00",1997,8,5,23.222,32.389,27.111,103.886,NA,NA,FALSE,FALSE
19970806,"1997-08-06 12:00:00","1997-08-06 12:00:00",1997,8,6,24.111,33.889,28.111,0,NA,NA,FALSE,FALSE
19970807,"1997-08-07 12:00:00","1997-08-07 12:00:00",1997,8,7,23.889,32.778,28.389,36.068,NA,NA,FALSE,FALSE
19970808,"1997-08-08 12:00:00","1997-08-08 12:00:00",1997,8,8,25.778,32.222,28.222,0.508,NA,NA,FALSE,FALSE
19970809,"1997-08-09 12:00:00","1997-08-09 12:00:00",1997,8,9,24.5,30,27.167,0.508,NA,NA,FALSE,FALSE
19970810,"1997-08-10 12:00:00","1997-08-10 12:00:00",1997,8,10,23.389,28.5,25.056,72.898,NA,NA,FALSE,FALSE
19970811,"1997-08-11 12:00:00","1997-08-11 12:00:00",1997,8,11,22.778,28,24.556,2.032,NA,NA,FALSE,FALSE
19970812,"1997-08-12 12:00:00","1997-08-12 12:00:00",1997,8,12,22,30.389,25.5,1.016,NA,NA,FALSE,FALSE
19970813,"1997-08-13 12:00:00","1997-08-13 12:00:00",1997,8,13,21.722,28.5,24.889,0.508,NA,NA,FALSE,FALSE
19970814,"1997-08-14 12:00:00","1997-08-14 12:00:00",1997,8,14,22,28.611,24.222,0,NA,NA,FALSE,FALSE
19970815,"1997-08-15 12:00:00","1997-08-15 12:00:00",1997,8,15,20.889,31.722,25.111,0,NA,NA,FALSE,FALSE
19970816,"1997-08-16 12:00:00","1997-08-16 12:00:00",1997,8,16,20.278,30.389,25.389,0,NA,NA,FALSE,FALSE
19970817,"1997-08-17 12:00:00","1997-08-17 12:00:00",1997,8,17,20.278,32.778,28.389,0,NA,NA,FALSE,FALSE
19970818,"1997-08-18 12:00:00","1997-08-18 12:00:00",1997,8,18,25.722,32.111,29,0,NA,NA,FALSE,FALSE
19970819,"1997-08-19 12:00:00","1997-08-19 12:00:00",1997,8,19,26.722,31.389,28.611,0,NA,NA,FALSE,FALSE
19970820,"1997-08-20 12:00:00","1997-08-20 12:00:00",1997,8,20,26.722,31.5,28.167,0,NA,NA,FALSE,FALSE
19970821,"1997-08-21 12:00:00","1997-08-21 12:00:00",1997,8,21,21.778,31.222,25.444,6.096,NA,NA,FALSE,FALSE
19970822,"1997-08-22 12:00:00","1997-08-22 12:00:00",1997,8,22,19.722,29.889,24.333,3.048,NA,NA,FALSE,FALSE
19970823,"1997-08-23 12:00:00","1997-08-23 12:00:00",1997,8,23,19.722,31.5,25.5,0,NA,NA,FALSE,FALSE
19970824,"1997-08-24 12:00:00","1997-08-24 12:00:00",1997,8,24,20.389,33.222,27.167,0,NA,NA,FALSE,FALSE
19970825,"1997-08-25 12:00:00","1997-08-25 12:00:00",1997,8,25,21.889,32.222,26.611,0,NA,NA,FALSE,FALSE
19970826,"1997-08-26 12:00:00","1997-08-26 12:00:00",1997,8,26,21.5,32.389,25.778,0,NA,NA,FALSE,FALSE
19970827,"1997-08-27 12:00:00","1997-08-27 12:00:00",1997,8,27,21.222,32.111,26.5,0,NA,NA,FALSE,FALSE
19970828,"1997-08-28 12:00:00","1997-08-28 12:00:00",1997,8,28,22.111,31.778,26.389,0,NA,NA,FALSE,FALSE
19970829,"1997-08-29 12:00:00","1997-08-29 12:00:00",1997,8,29,21.722,26,23.722,6.096,NA,NA,FALSE,FALSE
19970830,"1997-08-30 12:00:00","1997-08-30 12:00:00",1997,8,30,21.611,32.611,27.444,0,NA,NA,FALSE,FALSE
19970831,"1997-08-31 12:00:00","1997-08-31 12:00:00",1997,8,31,24,33.278,28,0,NA,NA,FALSE,FALSE
19970901,"1997-09-01 12:00:00","1997-09-01 12:00:00",1997,9,1,24.111,33.5,28.611,NA,NA,NA,FALSE,FALSE
19970902,"1997-09-02 12:00:00","1997-09-02 12:00:00",1997,9,2,20.778,31.111,24.667,1.016,NA,NA,FALSE,FALSE
19970903,"1997-09-03 12:00:00","1997-09-03 12:00:00",1997,9,3,20.611,28.389,23.889,0.508,NA,NA,FALSE,FALSE
19970904,"1997-09-04 12:00:00","1997-09-04 12:00:00",1997,9,4,20.111,28.222,23.833,0,NA,NA,FALSE,FALSE
19970905,"1997-09-05 12:00:00","1997-09-05 12:00:00",1997,9,5,18.889,28.5,23.389,0,NA,NA,FALSE,FALSE
19970906,"1997-09-06 12:00:00","1997-09-06 12:00:00",1997,9,6,18.5,31,25.222,0,NA,NA,FALSE,FALSE
19970907,"1997-09-07 12:00:00","1997-09-07 12:00:00",1997,9,7,19.611,32.389,25.333,0,NA,NA,FALSE,FALSE
19970908,"1997-09-08 12:00:00","1997-09-08 12:00:00",1997,9,8,18.611,32.389,24.833,0,NA,NA,FALSE,FALSE
19970909,"1997-09-09 12:00:00","1997-09-09 12:00:00",1997,9,9,18.111,31.222,23.167,0,NA,NA,FALSE,FALSE
19970910,"1997-09-10 12:00:00","1997-09-10 12:00:00",1997,9,10,20.278,30.611,24.944,0,NA,NA,FALSE,FALSE
19970911,"1997-09-11 12:00:00","1997-09-11 12:00:00",1997,9,11,19.889,30.722,23.944,0,NA,NA,FALSE,FALSE
19970912,"1997-09-12 12:00:00","1997-09-12 12:00:00",1997,9,12,19.611,29.222,24.111,3.048,NA,NA,FALSE,FALSE
19970913,"1997-09-13 12:00:00","1997-09-13 12:00:00",1997,9,13,19.889,30.222,24.389,0,NA,NA,FALSE,FALSE
19970914,"1997-09-14 12:00:00","1997-09-14 12:00:00",1997,9,14,19.222,27.111,21.944,0,NA,NA,FALSE,FALSE
19970915,"1997-09-15 12:00:00","1997-09-15 12:00:00",1997,9,15,15.722,26.611,20.444,NA,NA,NA,FALSE,FALSE
19970916,"1997-09-16 12:00:00","1997-09-16 12:00:00",1997,9,16,15.389,25.611,19.778,5.08,NA,NA,FALSE,FALSE
19970917,"1997-09-17 12:00:00","1997-09-17 12:00:00",1997,9,17,16.778,25.889,20,0,NA,NA,FALSE,FALSE
19970918,"1997-09-18 12:00:00","1997-09-18 12:00:00",1997,9,18,13.778,25.722,18.833,0,NA,NA,FALSE,FALSE
19970919,"1997-09-19 12:00:00","1997-09-19 12:00:00",1997,9,19,13.722,24.778,18.556,0,NA,NA,FALSE,FALSE
19970920,"1997-09-20 12:00:00","1997-09-20 12:00:00",1997,9,20,13.611,23.889,18.667,0,NA,NA,FALSE,FALSE
19970921,"1997-09-21 12:00:00","1997-09-21 12:00:00",1997,9,21,10.278,21.722,16.333,0,NA,NA,FALSE,FALSE
19970922,"1997-09-22 12:00:00","1997-09-22 12:00:00",1997,9,22,10.278,25.778,17.778,0,NA,NA,FALSE,FALSE
19970923,"1997-09-23 12:00:00","1997-09-23 12:00:00",1997,9,23,13.611,26.389,20.056,0,NA,NA,FALSE,FALSE
19970924,"1997-09-24 12:00:00","1997-09-24 12:00:00",1997,9,24,14.5,24.5,19.5,0,NA,NA,FALSE,FALSE
19970925,"1997-09-25 12:00:00","1997-09-25 12:00:00",1997,9,25,16.5,20.111,17.5,3.048,NA,NA,FALSE,FALSE
19970926,"1997-09-26 12:00:00","1997-09-26 12:00:00",1997,9,26,14.722,22.222,16.611,7.112,NA,NA,FALSE,FALSE
19970927,"1997-09-27 12:00:00","1997-09-27 12:00:00",1997,9,27,12.611,23.111,17.222,2.032,NA,NA,FALSE,FALSE
19970928,"1997-09-28 12:00:00","1997-09-28 12:00:00",1997,9,28,11.278,23.389,16.778,0,NA,NA,FALSE,FALSE
19970929,"1997-09-29 12:00:00","1997-09-29 12:00:00",1997,9,29,10.278,24,17.5,0,NA,NA,FALSE,FALSE
19970930,"1997-09-30 12:00:00","1997-09-30 12:00:00",1997,9,30,12,26,19.111,0,NA,NA,FALSE,FALSE
19971001,"1997-10-01 12:00:00","1997-10-01 12:00:00",1997,10,1,13.111,24.778,19.278,0,NA,NA,FALSE,FALSE
19971002,"1997-10-02 12:00:00","1997-10-02 12:00:00",1997,10,2,14.889,27.889,20.667,0,NA,NA,FALSE,FALSE
19971003,"1997-10-03 12:00:00","1997-10-03 12:00:00",1997,10,3,13.778,27.111,20.056,0,NA,NA,FALSE,FALSE
19971004,"1997-10-04 12:00:00","1997-10-04 12:00:00",1997,10,4,13.278,25.278,18,0,NA,NA,FALSE,FALSE
19971005,"1997-10-05 12:00:00","1997-10-05 12:00:00",1997,10,5,8.722,21.5,14.889,0,NA,NA,FALSE,FALSE
19971006,"1997-10-06 12:00:00","1997-10-06 12:00:00",1997,10,6,8.5,24.278,15.944,0,NA,NA,FALSE,FALSE
19971007,"1997-10-07 12:00:00","1997-10-07 12:00:00",1997,10,7,9.778,23.889,16.222,0,NA,NA,FALSE,FALSE
19971008,"1997-10-08 12:00:00","1997-10-08 12:00:00",1997,10,8,6.111,20.111,13.111,0,NA,NA,FALSE,FALSE
19971009,"1997-10-09 12:00:00","1997-10-09 12:00:00",1997,10,9,5.722,20.778,14.5,0,NA,NA,FALSE,FALSE
19971010,"1997-10-10 12:00:00","1997-10-10 12:00:00",1997,10,10,9.5,24.389,15.333,0,NA,NA,FALSE,FALSE
19971011,"1997-10-11 12:00:00","1997-10-11 12:00:00",1997,10,11,8.222,19.278,14.5,NA,NA,NA,FALSE,FALSE
19971012,"1997-10-12 12:00:00","1997-10-12 12:00:00",1997,10,12,5,18.278,11.389,0,NA,NA,FALSE,FALSE
19971013,"1997-10-13 12:00:00","1997-10-13 12:00:00",1997,10,13,4.611,22.611,17.111,NA,NA,NA,FALSE,FALSE
19971014,"1997-10-14 12:00:00","1997-10-14 12:00:00",1997,10,14,6.5,22.778,15.611,9.906,NA,NA,FALSE,FALSE
19971015,"1997-10-15 12:00:00","1997-10-15 12:00:00",1997,10,15,7.611,22.722,13.667,0,NA,NA,FALSE,FALSE
19971016,"1997-10-16 12:00:00","1997-10-16 12:00:00",1997,10,16,6.722,24,15.111,0,NA,NA,FALSE,FALSE
19971017,"1997-10-17 12:00:00","1997-10-17 12:00:00",1997,10,17,8.111,24.111,16.556,0,NA,NA,FALSE,FALSE
19971018,"1997-10-18 12:00:00","1997-10-18 12:00:00",1997,10,18,8.389,23.722,15.222,0,NA,NA,FALSE,FALSE
19971019,"1997-10-19 12:00:00","1997-10-19 12:00:00",1997,10,19,7.778,24.611,18.333,0,NA,NA,FALSE,FALSE
19971020,"1997-10-20 12:00:00","1997-10-20 12:00:00",1997,10,20,14.5,28,20.944,0,NA,NA,FALSE,FALSE
19971021,"1997-10-21 12:00:00","1997-10-21 12:00:00",1997,10,21,15.5,26.222,19.778,0,NA,NA,FALSE,FALSE
19971022,"1997-10-22 12:00:00","1997-10-22 12:00:00",1997,10,22,13.278,19.5,16.333,0,NA,NA,FALSE,FALSE
19971023,"1997-10-23 12:00:00","1997-10-23 12:00:00",1997,10,23,11.5,26.778,18.556,0,NA,NA,FALSE,FALSE
19971024,"1997-10-24 12:00:00","1997-10-24 12:00:00",1997,10,24,7.111,19.611,13,0,NA,NA,FALSE,FALSE
19971025,"1997-10-25 12:00:00","1997-10-25 12:00:00",1997,10,25,6.611,15.222,11.278,0,NA,NA,FALSE,FALSE
19971026,"1997-10-26 12:00:00","1997-10-26 12:00:00",1997,10,26,7.889,15.389,11.111,0,NA,NA,FALSE,FALSE
19971027,"1997-10-27 12:00:00","1997-10-27 12:00:00",1997,10,27,7.222,14,10.778,0.254,NA,NA,FALSE,FALSE
19971028,"1997-10-28 12:00:00","1997-10-28 12:00:00",1997,10,28,7.111,13.889,10.167,0.254,NA,NA,FALSE,FALSE
19971029,"1997-10-29 12:00:00","1997-10-29 12:00:00",1997,10,29,6.111,16.222,10.778,0.254,NA,NA,FALSE,FALSE
19971030,"1997-10-30 12:00:00","1997-10-30 12:00:00",1997,10,30,1.222,12.222,6.611,2.032,NA,NA,FALSE,FALSE
19971031,"1997-10-31 12:00:00","1997-10-31 12:00:00",1997,10,31,1.111,10.389,6.667,2.032,NA,NA,FALSE,FALSE
19971101,"1997-11-01 12:00:00","1997-11-01 12:00:00",1997,11,1,2.389,15.722,8.389,0,NA,NA,FALSE,FALSE
19971102,"1997-11-02 12:00:00","1997-11-02 12:00:00",1997,11,2,1.389,18.389,9.167,0,NA,NA,FALSE,FALSE
19971103,"1997-11-03 12:00:00","1997-11-03 12:00:00",1997,11,3,2.5,17.722,10.444,0,NA,NA,FALSE,FALSE
19971104,"1997-11-04 12:00:00","1997-11-04 12:00:00",1997,11,4,5.222,15.778,11.278,0,NA,NA,FALSE,FALSE
19971105,"1997-11-05 12:00:00","1997-11-05 12:00:00",1997,11,5,5.278,17.611,10.111,0,NA,NA,FALSE,FALSE
19971106,"1997-11-06 12:00:00","1997-11-06 12:00:00",1997,11,6,4.222,18.111,10.389,0,NA,NA,FALSE,FALSE
19971107,"1997-11-07 12:00:00","1997-11-07 12:00:00",1997,11,7,4.889,17.778,10.333,0,NA,NA,FALSE,FALSE
19971108,"1997-11-08 12:00:00","1997-11-08 12:00:00",1997,11,8,3.778,19.611,11.222,0,NA,NA,FALSE,FALSE
19971109,"1997-11-09 12:00:00","1997-11-09 12:00:00",1997,11,9,5,22.111,13.889,0,NA,NA,FALSE,FALSE
19971110,"1997-11-10 12:00:00","1997-11-10 12:00:00",1997,11,10,8.778,22.5,15,0,NA,NA,FALSE,FALSE
19971111,"1997-11-11 12:00:00","1997-11-11 12:00:00",1997,11,11,8,24.222,18.389,NA,NA,NA,FALSE,FALSE
19971112,"1997-11-12 12:00:00","1997-11-12 12:00:00",1997,11,12,14.111,20.778,16.5,48.006,NA,NA,FALSE,FALSE
19971113,"1997-11-13 12:00:00","1997-11-13 12:00:00",1997,11,13,11.222,16.111,13.833,0.508,NA,NA,FALSE,FALSE
19971114,"1997-11-14 12:00:00","1997-11-14 12:00:00",1997,11,14,9.111,15.111,12.333,9.906,NA,NA,FALSE,FALSE
19971115,"1997-11-15 12:00:00","1997-11-15 12:00:00",1997,11,15,5.278,16.889,10.556,0,NA,NA,FALSE,FALSE
19971116,"1997-11-16 12:00:00","1997-11-16 12:00:00",1997,11,16,4,15.278,10.611,NA,NA,NA,FALSE,FALSE
19971117,"1997-11-17 12:00:00","1997-11-17 12:00:00",1997,11,17,3.278,10.278,4.444,1.016,NA,NA,FALSE,FALSE
19971118,"1997-11-18 12:00:00","1997-11-18 12:00:00",1997,11,18,-1,5.778,2.611,3.048,NA,NA,FALSE,FALSE
19971119,"1997-11-19 12:00:00","1997-11-19 12:00:00",1997,11,19,-0.889,10.278,6,0,NA,NA,FALSE,FALSE
19971120,"1997-11-20 12:00:00","1997-11-20 12:00:00",1997,11,20,4,16.278,11.111,NA,NA,NA,FALSE,FALSE
19971121,"1997-11-21 12:00:00","1997-11-21 12:00:00",1997,11,21,9,13.778,11.444,14.986,NA,NA,FALSE,FALSE
19971122,"1997-11-22 12:00:00","1997-11-22 12:00:00",1997,11,22,6.722,15.722,10.722,1.016,NA,NA,FALSE,FALSE
19971123,"1997-11-23 12:00:00","1997-11-23 12:00:00",1997,11,23,3.611,14.778,7.889,0,NA,NA,FALSE,FALSE
19971124,"1997-11-24 12:00:00","1997-11-24 12:00:00",1997,11,24,2.611,18.389,13.333,NA,NA,NA,FALSE,FALSE
19971125,"1997-11-25 12:00:00","1997-11-25 12:00:00",1997,11,25,12.278,17.722,15.222,26.924,NA,NA,FALSE,FALSE
19971126,"1997-11-26 12:00:00","1997-11-26 12:00:00",1997,11,26,7,15.722,10.056,1.016,NA,NA,FALSE,FALSE
19971127,"1997-11-27 12:00:00","1997-11-27 12:00:00",1997,11,27,5.611,12.111,9.056,0,NA,NA,FALSE,FALSE
19971128,"1997-11-28 12:00:00","1997-11-28 12:00:00",1997,11,28,7.5,16.389,12.333,7.112,NA,NA,FALSE,FALSE
19971129,"1997-11-29 12:00:00","1997-11-29 12:00:00",1997,11,29,8.278,11.611,10,27.94,NA,NA,FALSE,FALSE
19971130,"1997-11-30 12:00:00","1997-11-30 12:00:00",1997,11,30,4,13.611,7.778,0,NA,NA,FALSE,FALSE
19971201,"1997-12-01 12:00:00","1997-12-01 12:00:00",1997,12,1,-2.222,7.222,2.722,0,NA,NA,FALSE,FALSE
19971202,"1997-12-02 12:00:00","1997-12-02 12:00:00",1997,12,2,-5.389,1.5,-2.611,1.016,NA,NA,FALSE,FALSE
19971203,"1997-12-03 12:00:00","1997-12-03 12:00:00",1997,12,3,-5.889,1.722,-3,0,NA,NA,FALSE,FALSE
19971204,"1997-12-04 12:00:00","1997-12-04 12:00:00",1997,12,4,-6.611,7.389,0.333,0,NA,NA,FALSE,FALSE
19971205,"1997-12-05 12:00:00","1997-12-05 12:00:00",1997,12,5,-2.889,10.278,5.889,NA,NA,NA,FALSE,FALSE
19971206,"1997-12-06 12:00:00","1997-12-06 12:00:00",1997,12,6,3.778,11.722,10.111,45.974,NA,NA,FALSE,FALSE
19971207,"1997-12-07 12:00:00","1997-12-07 12:00:00",1997,12,7,7.222,12.111,8.833,3.048,NA,NA,FALSE,FALSE
19971208,"1997-12-08 12:00:00","1997-12-08 12:00:00",1997,12,8,1.778,7.889,3.333,1.016,NA,NA,FALSE,FALSE
19971209,"1997-12-09 12:00:00","1997-12-09 12:00:00",1997,12,9,-2.778,3,-0.556,5.08,NA,NA,FALSE,FALSE
19971210,"1997-12-10 12:00:00","1997-12-10 12:00:00",1997,12,10,-5.278,0.111,-2.222,4.064,NA,NA,FALSE,FALSE
19971211,"1997-12-11 12:00:00","1997-12-11 12:00:00",1997,12,11,-2.722,3,-0.667,9.906,NA,NA,FALSE,FALSE
19971212,"1997-12-12 12:00:00","1997-12-12 12:00:00",1997,12,12,-2.722,3,0.611,0,NA,NA,FALSE,FALSE
19971213,"1997-12-13 12:00:00","1997-12-13 12:00:00",1997,12,13,-2.389,4.5,0.778,0,NA,NA,FALSE,FALSE
19971214,"1997-12-14 12:00:00","1997-12-14 12:00:00",1997,12,14,-2.611,9.611,3.444,0,NA,NA,FALSE,FALSE
19971215,"1997-12-15 12:00:00","1997-12-15 12:00:00",1997,12,15,0.778,10.222,4.444,0,NA,NA,FALSE,FALSE
19971216,"1997-12-16 12:00:00","1997-12-16 12:00:00",1997,12,16,-0.222,9.222,5.5,NA,NA,NA,FALSE,FALSE
19971217,"1997-12-17 12:00:00","1997-12-17 12:00:00",1997,12,17,1.722,5.778,3.722,4.064,NA,NA,FALSE,FALSE
19971218,"1997-12-18 12:00:00","1997-12-18 12:00:00",1997,12,18,1.722,12.5,6.611,0,NA,NA,FALSE,FALSE
19971219,"1997-12-19 12:00:00","1997-12-19 12:00:00",1997,12,19,3.889,16.222,10.278,0,NA,NA,FALSE,FALSE
19971220,"1997-12-20 12:00:00","1997-12-20 12:00:00",1997,12,20,2.222,15.778,8.556,0,NA,NA,FALSE,FALSE
19971221,"1997-12-21 12:00:00","1997-12-21 12:00:00",1997,12,21,1.889,13.111,7.778,0,NA,NA,FALSE,FALSE
19971222,"1997-12-22 12:00:00","1997-12-22 12:00:00",1997,12,22,5.278,14.5,8.722,0,NA,NA,FALSE,FALSE
19971223,"1997-12-23 12:00:00","1997-12-23 12:00:00",1997,12,23,4.111,12.778,7.278,0,NA,NA,FALSE,FALSE
19971224,"1997-12-24 12:00:00","1997-12-24 12:00:00",1997,12,24,0.278,12.111,5.722,0,NA,NA,FALSE,FALSE
19971225,"1997-12-25 12:00:00","1997-12-25 12:00:00",1997,12,25,-0.389,12.722,4.556,0,NA,NA,FALSE,FALSE
19971226,"1997-12-26 12:00:00","1997-12-26 12:00:00",1997,12,26,-0.611,12.722,5.333,0,NA,NA,FALSE,FALSE
19971227,"1997-12-27 12:00:00","1997-12-27 12:00:00",1997,12,27,0.611,12.111,5.556,0,NA,NA,FALSE,FALSE
19971228,"1997-12-28 12:00:00","1997-12-28 12:00:00",1997,12,28,-0.5,10.111,3.222,0,NA,NA,FALSE,FALSE
19971229,"1997-12-29 12:00:00","1997-12-29 12:00:00",1997,12,29,-1.222,5.5,2.611,0,NA,NA,FALSE,FALSE
19971230,"1997-12-30 12:00:00","1997-12-30 12:00:00",1997,12,30,-0.278,9.611,4.5,0,NA,NA,FALSE,FALSE
19971231,"1997-12-31 12:00:00","1997-12-31 12:00:00",1997,12,31,-0.778,9.722,4.444,0,NA,NA,FALSE,FALSE
19980101,"1998-01-01 12:00:00","1998-01-01 12:00:00",1998,1,1,-1.111,8,3.278,1.016,NA,NA,FALSE,FALSE
19980102,"1998-01-02 12:00:00","1998-01-02 12:00:00",1998,1,2,-1.611,9.722,2.556,74.93,NA,NA,FALSE,FALSE
19980103,"1998-01-03 12:00:00","1998-01-03 12:00:00",1998,1,3,-0.611,10.722,6.056,0,NA,NA,FALSE,FALSE
19980104,"1998-01-04 12:00:00","1998-01-04 12:00:00",1998,1,4,-2.611,8.111,-1.889,NA,NA,NA,FALSE,FALSE
19980105,"1998-01-05 12:00:00","1998-01-05 12:00:00",1998,1,5,-4,5.722,2.611,0,NA,NA,FALSE,FALSE
19980106,"1998-01-06 12:00:00","1998-01-06 12:00:00",1998,1,6,-0.389,7,2.389,0,NA,NA,FALSE,FALSE
19980107,"1998-01-07 12:00:00","1998-01-07 12:00:00",1998,1,7,-0.722,5.389,2.278,3.048,NA,NA,FALSE,FALSE
19980108,"1998-01-08 12:00:00","1998-01-08 12:00:00",1998,1,8,0.5,3.278,2.111,17.018,NA,NA,FALSE,FALSE
19980109,"1998-01-09 12:00:00","1998-01-09 12:00:00",1998,1,9,-0.722,9.111,4.056,0,NA,NA,FALSE,FALSE
19980110,"1998-01-10 12:00:00","1998-01-10 12:00:00",1998,1,10,1.722,11.222,7.111,0,NA,NA,FALSE,FALSE
19980111,"1998-01-11 12:00:00","1998-01-11 12:00:00",1998,1,11,2.889,8.611,5.278,0.254,NA,NA,FALSE,FALSE
19980112,"1998-01-12 12:00:00","1998-01-12 12:00:00",1998,1,12,1,7.5,3.667,2.032,NA,NA,FALSE,FALSE
19980113,"1998-01-13 12:00:00","1998-01-13 12:00:00",1998,1,13,0.722,6.278,4,0,NA,NA,FALSE,FALSE
19980114,"1998-01-14 12:00:00","1998-01-14 12:00:00",1998,1,14,2.889,9.5,7,0,NA,NA,FALSE,FALSE
19980115,"1998-01-15 12:00:00","1998-01-15 12:00:00",1998,1,15,0.778,8.722,4.833,0,NA,NA,FALSE,FALSE
19980116,"1998-01-16 12:00:00","1998-01-16 12:00:00",1998,1,16,0.278,11.389,6.167,0,NA,NA,FALSE,FALSE
19980117,"1998-01-17 12:00:00","1998-01-17 12:00:00",1998,1,17,1,12,5.944,3.048,NA,NA,FALSE,FALSE
19980118,"1998-01-18 12:00:00","1998-01-18 12:00:00",1998,1,18,-6.5,3.778,-3.278,3.048,NA,NA,FALSE,FALSE
19980119,"1998-01-19 12:00:00","1998-01-19 12:00:00",1998,1,19,-8.889,-1.889,-5,2.032,NA,NA,FALSE,FALSE
19980120,"1998-01-20 12:00:00","1998-01-20 12:00:00",1998,1,20,-6.611,3.278,0,0.508,NA,NA,FALSE,FALSE
19980121,"1998-01-21 12:00:00","1998-01-21 12:00:00",1998,1,21,-3.722,2.778,-0.833,0.508,NA,NA,FALSE,FALSE
19980122,"1998-01-22 12:00:00","1998-01-22 12:00:00",1998,1,22,-4.722,4.278,0.889,0,NA,NA,FALSE,FALSE
19980123,"1998-01-23 12:00:00","1998-01-23 12:00:00",1998,1,23,-6.611,0.889,-3.056,0,NA,NA,FALSE,FALSE
19980124,"1998-01-24 12:00:00","1998-01-24 12:00:00",1998,1,24,-8.889,-4.778,-7.111,5.08,NA,NA,FALSE,FALSE
19980125,"1998-01-25 12:00:00","1998-01-25 12:00:00",1998,1,25,-9.278,0.778,-1.778,0,NA,NA,FALSE,FALSE
19980126,"1998-01-26 12:00:00","1998-01-26 12:00:00",1998,1,26,-4.778,4.389,-0.056,0,NA,NA,FALSE,FALSE
19980127,"1998-01-27 12:00:00","1998-01-27 12:00:00",1998,1,27,-5.222,5.611,-0.056,0,NA,NA,FALSE,FALSE
19980128,"1998-01-28 12:00:00","1998-01-28 12:00:00",1998,1,28,-5.278,1.889,-1.611,0,NA,NA,FALSE,FALSE
19980129,"1998-01-29 12:00:00","1998-01-29 12:00:00",1998,1,29,-6.111,6.111,-1.056,0,NA,NA,FALSE,FALSE
19980130,"1998-01-30 12:00:00","1998-01-30 12:00:00",1998,1,30,-5.222,4.611,1.944,0,NA,NA,FALSE,FALSE
19980131,"1998-01-31 12:00:00","1998-01-31 12:00:00",1998,1,31,-1.778,8.222,1.444,0,NA,NA,FALSE,FALSE
19980201,"1998-02-01 12:00:00","1998-02-01 12:00:00",1998,2,1,-2.778,10.722,1.611,0,NA,NA,FALSE,FALSE
19980202,"1998-02-02 12:00:00","1998-02-02 12:00:00",1998,2,2,-3.5,9.222,2.278,0,NA,NA,FALSE,FALSE
19980203,"1998-02-03 12:00:00","1998-02-03 12:00:00",1998,2,3,-0.389,6,2.556,0,NA,NA,FALSE,FALSE
19980204,"1998-02-04 12:00:00","1998-02-04 12:00:00",1998,2,4,-1.5,5.611,0.722,0,NA,NA,FALSE,FALSE
19980205,"1998-02-05 12:00:00","1998-02-05 12:00:00",1998,2,5,-3.278,5.889,1.056,0,NA,NA,FALSE,FALSE
19980206,"1998-02-06 12:00:00","1998-02-06 12:00:00",1998,2,6,-4.389,10.111,3.167,0,NA,NA,FALSE,FALSE
19980207,"1998-02-07 12:00:00","1998-02-07 12:00:00",1998,2,7,-1.889,9,3.222,0.508,NA,NA,FALSE,FALSE
19980208,"1998-02-08 12:00:00","1998-02-08 12:00:00",1998,2,8,-2.778,2.778,-1.389,3.048,NA,NA,FALSE,FALSE
19980209,"1998-02-09 12:00:00","1998-02-09 12:00:00",1998,2,9,-4.778,7.222,2.111,0,NA,NA,FALSE,FALSE
19980210,"1998-02-10 12:00:00","1998-02-10 12:00:00",1998,2,10,-3.889,6.778,0.556,0,NA,NA,FALSE,FALSE
19980211,"1998-02-11 12:00:00","1998-02-11 12:00:00",1998,2,11,-4.778,14.222,10.056,0,NA,NA,FALSE,FALSE
19980212,"1998-02-12 12:00:00","1998-02-12 12:00:00",1998,2,12,2.778,19.389,10.944,0,NA,NA,FALSE,FALSE
19980213,"1998-02-13 12:00:00","1998-02-13 12:00:00",1998,2,13,1.889,20.889,8.778,NA,NA,NA,FALSE,FALSE
19980214,"1998-02-14 12:00:00","1998-02-14 12:00:00",1998,2,14,-0.222,8.222,4.167,3.048,NA,NA,FALSE,FALSE
19980215,"1998-02-15 12:00:00","1998-02-15 12:00:00",1998,2,15,-0.611,11.278,3.611,0,NA,NA,FALSE,FALSE
19980216,"1998-02-16 12:00:00","1998-02-16 12:00:00",1998,2,16,-0.889,13.611,5.889,0,NA,NA,FALSE,FALSE
19980217,"1998-02-17 12:00:00","1998-02-17 12:00:00",1998,2,17,0.389,14.111,7.444,0,NA,NA,FALSE,FALSE
19980218,"1998-02-18 12:00:00","1998-02-18 12:00:00",1998,2,18,1.611,15.278,8.444,NA,NA,NA,FALSE,FALSE
19980219,"1998-02-19 12:00:00","1998-02-19 12:00:00",1998,2,19,5.222,13.611,12.222,8.89,NA,NA,FALSE,FALSE
19980220,"1998-02-20 12:00:00","1998-02-20 12:00:00",1998,2,20,7.889,15.389,12.167,20.066,NA,NA,FALSE,FALSE
19980221,"1998-02-21 12:00:00","1998-02-21 12:00:00",1998,2,21,3.5,11.889,6,4.064,NA,NA,FALSE,FALSE
19980222,"1998-02-22 12:00:00","1998-02-22 12:00:00",1998,2,22,1.611,13.5,6.556,0,NA,NA,FALSE,FALSE
19980223,"1998-02-23 12:00:00","1998-02-23 12:00:00",1998,2,23,1,10.889,8.222,NA,NA,NA,FALSE,FALSE
19980224,"1998-02-24 12:00:00","1998-02-24 12:00:00",1998,2,24,6.389,10.5,8.111,4.064,NA,NA,FALSE,FALSE
19980225,"1998-02-25 12:00:00","1998-02-25 12:00:00",1998,2,25,4.111,12.111,7.611,0,NA,NA,FALSE,FALSE
19980226,"1998-02-26 12:00:00","1998-02-26 12:00:00",1998,2,26,1.5,14.278,7.333,0,NA,NA,FALSE,FALSE
19980227,"1998-02-27 12:00:00","1998-02-27 12:00:00",1998,2,27,1.389,8.278,5.167,0,NA,NA,FALSE,FALSE
19980228,"1998-02-28 12:00:00","1998-02-28 12:00:00",1998,2,28,0.778,6.778,3.944,0.508,NA,NA,FALSE,FALSE
19980301,"1998-03-01 12:00:00","1998-03-01 12:00:00",1998,3,1,-0.778,12.5,4.889,0,NA,NA,FALSE,FALSE
19980302,"1998-03-02 12:00:00","1998-03-02 12:00:00",1998,3,2,-2.778,13.389,4.722,0,NA,NA,FALSE,FALSE
19980303,"1998-03-03 12:00:00","1998-03-03 12:00:00",1998,3,3,-0.389,15.5,7.556,0,NA,NA,FALSE,FALSE
19980304,"1998-03-04 12:00:00","1998-03-04 12:00:00",1998,3,4,2.389,15.722,10.444,0,NA,NA,FALSE,FALSE
19980305,"1998-03-05 12:00:00","1998-03-05 12:00:00",1998,3,5,3.111,17.389,8.778,0,NA,NA,FALSE,FALSE
19980306,"1998-03-06 12:00:00","1998-03-06 12:00:00",1998,3,6,1.722,15.111,8.333,0,NA,NA,FALSE,FALSE
19980307,"1998-03-07 12:00:00","1998-03-07 12:00:00",1998,3,7,3,15.722,8.111,0,NA,NA,FALSE,FALSE
19980308,"1998-03-08 12:00:00","1998-03-08 12:00:00",1998,3,8,3.222,15.722,10.556,0,NA,NA,FALSE,FALSE
19980309,"1998-03-09 12:00:00","1998-03-09 12:00:00",1998,3,9,6.5,16.5,11.5,0,NA,NA,FALSE,FALSE
19980310,"1998-03-10 12:00:00","1998-03-10 12:00:00",1998,3,10,5.111,12.889,7.944,NA,NA,NA,FALSE,FALSE
19980311,"1998-03-11 12:00:00","1998-03-11 12:00:00",1998,3,11,4,9.889,6.389,7.112,NA,NA,FALSE,FALSE
19980312,"1998-03-12 12:00:00","1998-03-12 12:00:00",1998,3,12,3,12.389,6.667,0,NA,NA,FALSE,FALSE
19980313,"1998-03-13 12:00:00","1998-03-13 12:00:00",1998,3,13,2.5,16.278,9.778,0,NA,NA,FALSE,FALSE
19980314,"1998-03-14 12:00:00","1998-03-14 12:00:00",1998,3,14,1,13.611,5,0,NA,NA,FALSE,FALSE
19980315,"1998-03-15 12:00:00","1998-03-15 12:00:00",1998,3,15,0.778,9.222,4.389,1.016,NA,NA,FALSE,FALSE
19980316,"1998-03-16 12:00:00","1998-03-16 12:00:00",1998,3,16,0.389,13.889,6.778,0,NA,NA,FALSE,FALSE
19980317,"1998-03-17 12:00:00","1998-03-17 12:00:00",1998,3,17,0.889,17.778,9.611,0,NA,NA,FALSE,FALSE
19980318,"1998-03-18 12:00:00","1998-03-18 12:00:00",1998,3,18,4,16.111,13.556,NA,NA,NA,FALSE,FALSE
19980319,"1998-03-19 12:00:00","1998-03-19 12:00:00",1998,3,19,1.222,17.111,7.889,52.07,NA,NA,FALSE,FALSE
19980320,"1998-03-20 12:00:00","1998-03-20 12:00:00",1998,3,20,-0.389,2.778,1.167,5.08,NA,NA,FALSE,FALSE
19980321,"1998-03-21 12:00:00","1998-03-21 12:00:00",1998,3,21,-0.722,7,2.833,0,NA,NA,FALSE,FALSE
19980322,"1998-03-22 12:00:00","1998-03-22 12:00:00",1998,3,22,0.389,6.889,3.444,0,NA,NA,FALSE,FALSE
19980323,"1998-03-23 12:00:00","1998-03-23 12:00:00",1998,3,23,1.5,10.778,5.833,0,NA,NA,FALSE,FALSE
19980324,"1998-03-24 12:00:00","1998-03-24 12:00:00",1998,3,24,3,13.111,8.5,0,NA,NA,FALSE,FALSE
19980325,"1998-03-25 12:00:00","1998-03-25 12:00:00",1998,3,25,5.5,16.278,9.944,0,NA,NA,FALSE,FALSE
19980326,"1998-03-26 12:00:00","1998-03-26 12:00:00",1998,3,26,6,12.889,9.389,5.08,NA,NA,FALSE,FALSE
19980327,"1998-03-27 12:00:00","1998-03-27 12:00:00",1998,3,27,4.278,13.111,8.278,7.874,NA,NA,FALSE,FALSE
19980328,"1998-03-28 12:00:00","1998-03-28 12:00:00",1998,3,28,3.722,20.5,11.111,0,NA,NA,FALSE,FALSE
19980329,"1998-03-29 12:00:00","1998-03-29 12:00:00",1998,3,29,4.722,22.722,13.389,0,NA,NA,FALSE,FALSE
19980330,"1998-03-30 12:00:00","1998-03-30 12:00:00",1998,3,30,5.222,21.111,12.556,0,NA,NA,FALSE,FALSE
19980331,"1998-03-31 12:00:00","1998-03-31 12:00:00",1998,3,31,7,21.278,13.556,NA,NA,NA,FALSE,FALSE
19980401,"1998-04-01 12:00:00","1998-04-01 12:00:00",1998,4,1,4.389,12.611,6.722,41.91,NA,NA,FALSE,FALSE
19980402,"1998-04-02 12:00:00","1998-04-02 12:00:00",1998,4,2,3.278,12.611,7.111,5.08,NA,NA,FALSE,FALSE
19980403,"1998-04-03 12:00:00","1998-04-03 12:00:00",1998,4,3,2.278,17.111,9.278,0,NA,NA,FALSE,FALSE
19980404,"1998-04-04 12:00:00","1998-04-04 12:00:00",1998,4,4,3.389,20.889,15.611,0,NA,NA,FALSE,FALSE
19980405,"1998-04-05 12:00:00","1998-04-05 12:00:00",1998,4,5,13.278,17.278,15.944,13.97,NA,NA,FALSE,FALSE
19980406,"1998-04-06 12:00:00","1998-04-06 12:00:00",1998,4,6,13.222,16.5,15,1.016,NA,NA,FALSE,FALSE
19980407,"1998-04-07 12:00:00","1998-04-07 12:00:00",1998,4,7,12.222,22.611,16.722,0,NA,NA,FALSE,FALSE
19980408,"1998-04-08 12:00:00","1998-04-08 12:00:00",1998,4,8,10.278,16.611,13.778,7.874,NA,NA,FALSE,FALSE
19980409,"1998-04-09 12:00:00","1998-04-09 12:00:00",1998,4,9,12.722,16.222,14.333,0,NA,NA,FALSE,FALSE
19980410,"1998-04-10 12:00:00","1998-04-10 12:00:00",1998,4,10,10.222,20.389,15.056,0,NA,NA,FALSE,FALSE
19980411,"1998-04-11 12:00:00","1998-04-11 12:00:00",1998,4,11,9.722,27.222,19.667,0,NA,NA,FALSE,FALSE
19980412,"1998-04-12 12:00:00","1998-04-12 12:00:00",1998,4,12,13.611,23.778,18.667,16.002,NA,NA,FALSE,FALSE
19980413,"1998-04-13 12:00:00","1998-04-13 12:00:00",1998,4,13,10.611,18.222,12.611,11.938,NA,NA,FALSE,FALSE
19980414,"1998-04-14 12:00:00","1998-04-14 12:00:00",1998,4,14,10.111,22.389,14.556,0,NA,NA,FALSE,FALSE
19980415,"1998-04-15 12:00:00","1998-04-15 12:00:00",1998,4,15,10.778,21.389,14.556,0,NA,NA,FALSE,FALSE
19980416,"1998-04-16 12:00:00","1998-04-16 12:00:00",1998,4,16,10.389,21.722,16.056,0,NA,NA,FALSE,FALSE
19980417,"1998-04-17 12:00:00","1998-04-17 12:00:00",1998,4,17,9.778,20.778,14.611,0,NA,NA,FALSE,FALSE
19980418,"1998-04-18 12:00:00","1998-04-18 12:00:00",1998,4,18,9.278,22.111,14.389,6.096,NA,NA,FALSE,FALSE
19980419,"1998-04-19 12:00:00","1998-04-19 12:00:00",1998,4,19,9.389,25.222,18.222,0,NA,NA,FALSE,FALSE
19980420,"1998-04-20 12:00:00","1998-04-20 12:00:00",1998,4,20,14.111,27.111,21.333,0,NA,NA,FALSE,FALSE
19980421,"1998-04-21 12:00:00","1998-04-21 12:00:00",1998,4,21,16.889,23.389,19.889,0,NA,NA,FALSE,FALSE
19980422,"1998-04-22 12:00:00","1998-04-22 12:00:00",1998,4,22,17.889,25.722,21.167,4.064,NA,NA,FALSE,FALSE
19980423,"1998-04-23 12:00:00","1998-04-23 12:00:00",1998,4,23,19.111,27.778,22.5,12.954,NA,NA,FALSE,FALSE
19980424,"1998-04-24 12:00:00","1998-04-24 12:00:00",1998,4,24,10.278,26.222,17.056,0.254,NA,NA,FALSE,FALSE
19980425,"1998-04-25 12:00:00","1998-04-25 12:00:00",1998,4,25,10,21.111,13.611,0.254,NA,NA,FALSE,FALSE
19980426,"1998-04-26 12:00:00","1998-04-26 12:00:00",1998,4,26,8.889,22.889,16.889,0,NA,NA,FALSE,FALSE
19980427,"1998-04-27 12:00:00","1998-04-27 12:00:00",1998,4,27,12.889,25.778,18.556,0,NA,NA,FALSE,FALSE
19980428,"1998-04-28 12:00:00","1998-04-28 12:00:00",1998,4,28,12.722,28.778,22.167,0,NA,NA,FALSE,FALSE
19980429,"1998-04-29 12:00:00","1998-04-29 12:00:00",1998,4,29,18.222,29.111,23.333,0,NA,NA,FALSE,FALSE
19980430,"1998-04-30 12:00:00","1998-04-30 12:00:00",1998,4,30,17.778,27.778,20.5,3.048,NA,NA,FALSE,FALSE
19980501,"1998-05-01 12:00:00","1998-05-01 12:00:00",1998,5,1,15.889,23.389,21.222,3.048,NA,NA,FALSE,FALSE
19980502,"1998-05-02 12:00:00","1998-05-02 12:00:00",1998,5,2,13.222,23.389,16.167,20.066,NA,NA,FALSE,FALSE
19980503,"1998-05-03 12:00:00","1998-05-03 12:00:00",1998,5,3,13.222,18.722,16.111,0,NA,NA,FALSE,FALSE
19980504,"1998-05-04 12:00:00","1998-05-04 12:00:00",1998,5,4,13.778,25.222,18.722,0,NA,NA,FALSE,FALSE
19980505,"1998-05-05 12:00:00","1998-05-05 12:00:00",1998,5,5,14.222,26.389,19.889,0,NA,NA,FALSE,FALSE
19980506,"1998-05-06 12:00:00","1998-05-06 12:00:00",1998,5,6,14.278,28.389,23.056,NA,NA,NA,FALSE,FALSE
19980507,"1998-05-07 12:00:00","1998-05-07 12:00:00",1998,5,7,16.611,26.5,20.944,1.016,NA,NA,FALSE,FALSE
19980508,"1998-05-08 12:00:00","1998-05-08 12:00:00",1998,5,8,12.889,24.611,17.611,0.508,NA,NA,FALSE,FALSE
19980509,"1998-05-09 12:00:00","1998-05-09 12:00:00",1998,5,9,11.778,22.5,17.111,0,NA,NA,FALSE,FALSE
19980510,"1998-05-10 12:00:00","1998-05-10 12:00:00",1998,5,10,11.778,15.278,13.667,17.018,NA,NA,FALSE,FALSE
19980511,"1998-05-11 12:00:00","1998-05-11 12:00:00",1998,5,11,11.111,14.889,13.889,59.944,NA,NA,FALSE,FALSE
19980512,"1998-05-12 12:00:00","1998-05-12 12:00:00",1998,5,12,11.611,15.5,13.056,4.064,NA,NA,FALSE,FALSE
19980513,"1998-05-13 12:00:00","1998-05-13 12:00:00",1998,5,13,10.889,22.889,16.889,0,NA,NA,FALSE,FALSE
19980514,"1998-05-14 12:00:00","1998-05-14 12:00:00",1998,5,14,13.278,24.611,19.444,0,NA,NA,FALSE,FALSE
19980515,"1998-05-15 12:00:00","1998-05-15 12:00:00",1998,5,15,13.722,27.111,19.556,NA,NA,NA,FALSE,FALSE
19980516,"1998-05-16 12:00:00","1998-05-16 12:00:00",1998,5,16,13.222,18.389,15.167,32.004,NA,NA,FALSE,FALSE
19980517,"1998-05-17 12:00:00","1998-05-17 12:00:00",1998,5,17,13.222,20.222,17.278,1.016,NA,NA,FALSE,FALSE
19980518,"1998-05-18 12:00:00","1998-05-18 12:00:00",1998,5,18,15.722,25.389,19.5,0,NA,NA,FALSE,FALSE
19980519,"1998-05-19 12:00:00","1998-05-19 12:00:00",1998,5,19,15.389,27.889,21.333,0,NA,NA,FALSE,FALSE
19980520,"1998-05-20 12:00:00","1998-05-20 12:00:00",1998,5,20,16.778,29,22,0,NA,NA,FALSE,FALSE
19980521,"1998-05-21 12:00:00","1998-05-21 12:00:00",1998,5,21,15.778,31.222,23.5,0,NA,NA,FALSE,FALSE
19980522,"1998-05-22 12:00:00","1998-05-22 12:00:00",1998,5,22,15.778,30.778,24.167,0,NA,NA,FALSE,FALSE
19980523,"1998-05-23 12:00:00","1998-05-23 12:00:00",1998,5,23,19,29.111,23.944,0,NA,NA,FALSE,FALSE
19980524,"1998-05-24 12:00:00","1998-05-24 12:00:00",1998,5,24,14,23.222,18.389,0,NA,NA,FALSE,FALSE
19980525,"1998-05-25 12:00:00","1998-05-25 12:00:00",1998,5,25,11.222,23.611,17.389,0,NA,NA,FALSE,FALSE
19980526,"1998-05-26 12:00:00","1998-05-26 12:00:00",1998,5,26,10.889,27.222,19.167,0,NA,NA,FALSE,FALSE
19980527,"1998-05-27 12:00:00","1998-05-27 12:00:00",1998,5,27,11.611,28.889,21.778,0,NA,NA,FALSE,FALSE
19980528,"1998-05-28 12:00:00","1998-05-28 12:00:00",1998,5,28,15.722,24.389,20.278,0,NA,NA,FALSE,FALSE
19980529,"1998-05-29 12:00:00","1998-05-29 12:00:00",1998,5,29,14.5,26.778,19.444,0,NA,NA,FALSE,FALSE
19980530,"1998-05-30 12:00:00","1998-05-30 12:00:00",1998,5,30,10.278,26.889,18.889,0,NA,NA,FALSE,FALSE
19980531,"1998-05-31 12:00:00","1998-05-31 12:00:00",1998,5,31,10.111,26,19.833,0,NA,NA,FALSE,FALSE
19980601,"1998-06-01 12:00:00","1998-06-01 12:00:00",1998,6,1,14.278,19.778,16.111,8.89,NA,NA,FALSE,FALSE
19980602,"1998-06-02 12:00:00","1998-06-02 12:00:00",1998,6,2,13.889,20.389,17.722,27.94,NA,NA,FALSE,FALSE
19980603,"1998-06-03 12:00:00","1998-06-03 12:00:00",1998,6,3,14.889,21.389,17.333,0.508,NA,NA,FALSE,FALSE
19980604,"1998-06-04 12:00:00","1998-06-04 12:00:00",1998,6,4,15.111,22.278,19.167,0,NA,NA,FALSE,FALSE
19980605,"1998-06-05 12:00:00","1998-06-05 12:00:00",1998,6,5,15.778,22.889,18.667,6.096,NA,NA,FALSE,FALSE
19980606,"1998-06-06 12:00:00","1998-06-06 12:00:00",1998,6,6,15.5,19.611,17.111,4.064,NA,NA,FALSE,FALSE
19980607,"1998-06-07 12:00:00","1998-06-07 12:00:00",1998,6,7,15.111,26,19.444,0.508,NA,NA,FALSE,FALSE
19980608,"1998-06-08 12:00:00","1998-06-08 12:00:00",1998,6,8,14.722,24.389,20.389,0,NA,NA,FALSE,FALSE
19980609,"1998-06-09 12:00:00","1998-06-09 12:00:00",1998,6,9,17.389,24.111,20.833,5.08,NA,NA,FALSE,FALSE
19980610,"1998-06-10 12:00:00","1998-06-10 12:00:00",1998,6,10,19,28.778,23.167,0,NA,NA,FALSE,FALSE
19980611,"1998-06-11 12:00:00","1998-06-11 12:00:00",1998,6,11,18.778,29.278,22.056,0,NA,NA,FALSE,FALSE
19980612,"1998-06-12 12:00:00","1998-06-12 12:00:00",1998,6,12,18.111,28.111,22,0,NA,NA,FALSE,FALSE
19980613,"1998-06-13 12:00:00","1998-06-13 12:00:00",1998,6,13,17.778,22.5,19.889,18.034,NA,NA,FALSE,FALSE
19980614,"1998-06-14 12:00:00","1998-06-14 12:00:00",1998,6,14,17.722,22.222,19.389,10.922,NA,NA,FALSE,FALSE
19980615,"1998-06-15 12:00:00","1998-06-15 12:00:00",1998,6,15,17.778,27.611,21.5,0,NA,NA,FALSE,FALSE
19980616,"1998-06-16 12:00:00","1998-06-16 12:00:00",1998,6,16,17.222,29.389,23.167,0,NA,NA,FALSE,FALSE
19980617,"1998-06-17 12:00:00","1998-06-17 12:00:00",1998,6,17,18.222,30,24.111,0,NA,NA,FALSE,FALSE
19980618,"1998-06-18 12:00:00","1998-06-18 12:00:00",1998,6,18,18.722,26.778,22.667,NA,NA,NA,FALSE,FALSE
19980619,"1998-06-19 12:00:00","1998-06-19 12:00:00",1998,6,19,19.722,26.611,22.222,20.066,NA,NA,FALSE,FALSE
19980620,"1998-06-20 12:00:00","1998-06-20 12:00:00",1998,6,20,19.778,27.889,23.5,2.032,NA,NA,FALSE,FALSE
19980621,"1998-06-21 12:00:00","1998-06-21 12:00:00",1998,6,21,19.111,28.278,23.222,0,NA,NA,FALSE,FALSE
19980622,"1998-06-22 12:00:00","1998-06-22 12:00:00",1998,6,22,17.722,29,23.278,0,NA,NA,FALSE,FALSE
19980623,"1998-06-23 12:00:00","1998-06-23 12:00:00",1998,6,23,17.222,26.389,22.556,0,NA,NA,FALSE,FALSE
19980624,"1998-06-24 12:00:00","1998-06-24 12:00:00",1998,6,24,21,26.222,22.833,13.97,NA,NA,FALSE,FALSE
19980625,"1998-06-25 12:00:00","1998-06-25 12:00:00",1998,6,25,21.722,26.389,23.889,69.088,NA,NA,FALSE,FALSE
19980626,"1998-06-26 12:00:00","1998-06-26 12:00:00",1998,6,26,21.722,23.389,22.444,90.932,NA,NA,FALSE,FALSE
19980627,"1998-06-27 12:00:00","1998-06-27 12:00:00",1998,6,27,22,25.222,23.278,48.006,NA,NA,FALSE,FALSE
19980628,"1998-06-28 12:00:00","1998-06-28 12:00:00",1998,6,28,21.222,28.5,23.5,21.082,NA,NA,FALSE,FALSE
19980629,"1998-06-29 12:00:00","1998-06-29 12:00:00",1998,6,29,21,30.889,25.889,5.08,NA,NA,FALSE,FALSE
19980630,"1998-06-30 12:00:00","1998-06-30 12:00:00",1998,6,30,22.389,25.389,24.111,23.876,NA,NA,FALSE,FALSE
19980701,"1998-07-01 12:00:00","1998-07-01 12:00:00",1998,7,1,21.278,25.389,22.444,10.922,NA,NA,FALSE,FALSE
19980702,"1998-07-02 12:00:00","1998-07-02 12:00:00",1998,7,2,21.389,28.5,25.833,0,NA,NA,FALSE,FALSE
19980703,"1998-07-03 12:00:00","1998-07-03 12:00:00",1998,7,3,22.222,27.222,24.056,20.066,NA,NA,FALSE,FALSE
19980704,"1998-07-04 12:00:00","1998-07-04 12:00:00",1998,7,4,22.222,29.611,25.333,0.508,NA,NA,FALSE,FALSE
19980705,"1998-07-05 12:00:00","1998-07-05 12:00:00",1998,7,5,22,31.278,26.611,0,NA,NA,FALSE,FALSE
19980706,"1998-07-06 12:00:00","1998-07-06 12:00:00",1998,7,6,24,31.889,28.167,0,NA,NA,FALSE,FALSE
19980707,"1998-07-07 12:00:00","1998-07-07 12:00:00",1998,7,7,21.778,31.778,27.889,NA,NA,NA,FALSE,FALSE
19980708,"1998-07-08 12:00:00","1998-07-08 12:00:00",1998,7,8,25.611,30.722,27.444,0,NA,NA,FALSE,FALSE
19980709,"1998-07-09 12:00:00","1998-07-09 12:00:00",1998,7,9,25.5,32.222,27.944,0,NA,NA,FALSE,FALSE
19980710,"1998-07-10 12:00:00","1998-07-10 12:00:00",1998,7,10,26,32,28.222,0,NA,NA,FALSE,FALSE
19980711,"1998-07-11 12:00:00","1998-07-11 12:00:00",1998,7,11,25.222,30.222,26.778,0,NA,NA,FALSE,FALSE
19980712,"1998-07-12 12:00:00","1998-07-12 12:00:00",1998,7,12,21.5,27.111,23.722,5.08,NA,NA,FALSE,FALSE
19980713,"1998-07-13 12:00:00","1998-07-13 12:00:00",1998,7,13,21.111,25.278,22.889,69.088,NA,NA,FALSE,FALSE
19980714,"1998-07-14 12:00:00","1998-07-14 12:00:00",1998,7,14,20.722,29.389,24.778,0.254,NA,NA,FALSE,FALSE
19980715,"1998-07-15 12:00:00","1998-07-15 12:00:00",1998,7,15,20.889,29.5,25.778,13.97,NA,NA,FALSE,FALSE
19980716,"1998-07-16 12:00:00","1998-07-16 12:00:00",1998,7,16,21.722,29.611,25,21.082,NA,NA,FALSE,FALSE
19980717,"1998-07-17 12:00:00","1998-07-17 12:00:00",1998,7,17,21.222,30.611,24.667,0,NA,NA,FALSE,FALSE
19980718,"1998-07-18 12:00:00","1998-07-18 12:00:00",1998,7,18,21.778,27.278,24.556,1.016,NA,NA,FALSE,FALSE
19980719,"1998-07-19 12:00:00","1998-07-19 12:00:00",1998,7,19,20.889,29.222,24.222,2.032,NA,NA,FALSE,FALSE
19980720,"1998-07-20 12:00:00","1998-07-20 12:00:00",1998,7,20,20.722,30.611,25.667,0,NA,NA,FALSE,FALSE
19980721,"1998-07-21 12:00:00","1998-07-21 12:00:00",1998,7,21,20.722,27.722,23.833,2.032,NA,NA,FALSE,FALSE
19980722,"1998-07-22 12:00:00","1998-07-22 12:00:00",1998,7,22,20.389,30.389,26,28.956,NA,NA,FALSE,FALSE
19980723,"1998-07-23 12:00:00","1998-07-23 12:00:00",1998,7,23,22.389,30.722,26.444,0,NA,NA,FALSE,FALSE
19980724,"1998-07-24 12:00:00","1998-07-24 12:00:00",1998,7,24,22.389,30.722,26.167,NA,NA,NA,FALSE,FALSE
19980725,"1998-07-25 12:00:00","1998-07-25 12:00:00",1998,7,25,22.722,26.278,24.5,4.064,NA,NA,FALSE,FALSE
19980726,"1998-07-26 12:00:00","1998-07-26 12:00:00",1998,7,26,23.222,31.611,26.667,0,NA,NA,FALSE,FALSE
19980727,"1998-07-27 12:00:00","1998-07-27 12:00:00",1998,7,27,22.889,31.722,26.611,0,NA,NA,FALSE,FALSE
19980728,"1998-07-28 12:00:00","1998-07-28 12:00:00",1998,7,28,23,32.222,27.333,0,NA,NA,FALSE,FALSE
19980729,"1998-07-29 12:00:00","1998-07-29 12:00:00",1998,7,29,24,31.5,27.222,0,NA,NA,FALSE,FALSE
19980730,"1998-07-30 12:00:00","1998-07-30 12:00:00",1998,7,30,24.778,29.778,26.889,0,NA,NA,FALSE,FALSE
19980731,"1998-07-31 12:00:00","1998-07-31 12:00:00",1998,7,31,23.889,28.278,26.389,26.924,NA,NA,FALSE,FALSE
19980801,"1998-08-01 12:00:00","1998-08-01 12:00:00",1998,8,1,25.222,30.722,27.556,17.018,NA,NA,FALSE,FALSE
19980802,"1998-08-02 12:00:00","1998-08-02 12:00:00",1998,8,2,24.778,28.389,26.444,105.918,NA,NA,FALSE,FALSE
19980803,"1998-08-03 12:00:00","1998-08-03 12:00:00",1998,8,3,24.889,30.222,26.778,60.96,NA,NA,FALSE,FALSE
19980804,"1998-08-04 12:00:00","1998-08-04 12:00:00",1998,8,4,24.778,33.278,30.167,25.908,NA,NA,FALSE,FALSE
19980805,"1998-08-05 12:00:00","1998-08-05 12:00:00",1998,8,5,25.889,31.889,28.944,1.016,NA,NA,FALSE,FALSE
19980806,"1998-08-06 12:00:00","1998-08-06 12:00:00",1998,8,6,26.889,32.222,28.778,0,NA,NA,FALSE,FALSE
19980807,"1998-08-07 12:00:00","1998-08-07 12:00:00",1998,8,7,27,33.889,29.5,0.508,NA,NA,FALSE,FALSE
19980808,"1998-08-08 12:00:00","1998-08-08 12:00:00",1998,8,8,26.889,33.278,29.333,2.032,NA,NA,FALSE,FALSE
19980809,"1998-08-09 12:00:00","1998-08-09 12:00:00",1998,8,9,24.611,29.611,26.222,9.906,NA,NA,FALSE,FALSE
19980810,"1998-08-10 12:00:00","1998-08-10 12:00:00",1998,8,10,25.222,32.222,28.778,2.032,NA,NA,FALSE,FALSE
19980811,"1998-08-11 12:00:00","1998-08-11 12:00:00",1998,8,11,25.611,31.722,28,0,NA,NA,FALSE,FALSE
19980812,"1998-08-12 12:00:00","1998-08-12 12:00:00",1998,8,12,23.889,32.389,28.222,6.096,NA,NA,FALSE,FALSE
19980813,"1998-08-13 12:00:00","1998-08-13 12:00:00",1998,8,13,23.222,27.611,25.111,123.952,NA,NA,FALSE,FALSE
19980814,"1998-08-14 12:00:00","1998-08-14 12:00:00",1998,8,14,23.778,27.222,26.222,32.004,NA,NA,FALSE,FALSE
19980815,"1998-08-15 12:00:00","1998-08-15 12:00:00",1998,8,15,26.611,30.889,28.222,39.878,NA,NA,FALSE,FALSE
19980816,"1998-08-16 12:00:00","1998-08-16 12:00:00",1998,8,16,24.8055,29.75,NA,NA,NA,NA,TRUE,TRUE
19980817,"1998-08-17 12:00:00","1998-08-17 12:00:00",1998,8,17,23,28.611,25,0.508,NA,NA,FALSE,FALSE
19980818,"1998-08-18 12:00:00","1998-08-18 12:00:00",1998,8,18,21.889,29.222,25.056,83.058,NA,NA,FALSE,FALSE
19980819,"1998-08-19 12:00:00","1998-08-19 12:00:00",1998,8,19,21.889,30.111,25.222,3.048,NA,NA,FALSE,FALSE
19980820,"1998-08-20 12:00:00","1998-08-20 12:00:00",1998,8,20,21.722,30.889,25.833,0,NA,NA,FALSE,FALSE
19980821,"1998-08-21 12:00:00","1998-08-21 12:00:00",1998,8,21,22.111,30.5,25.5,0,NA,NA,FALSE,FALSE
19980822,"1998-08-22 12:00:00","1998-08-22 12:00:00",1998,8,22,22.111,31.5,27.5,0,NA,NA,FALSE,FALSE
19980823,"1998-08-23 12:00:00","1998-08-23 12:00:00",1998,8,23,22.611,28,24.333,32.004,NA,NA,FALSE,FALSE
19980824,"1998-08-24 12:00:00","1998-08-24 12:00:00",1998,8,24,21.611,29,24.778,0,NA,NA,FALSE,FALSE
19980825,"1998-08-25 12:00:00","1998-08-25 12:00:00",1998,8,25,19.611,28.389,23.5,0,NA,NA,FALSE,FALSE
19980826,"1998-08-26 12:00:00","1998-08-26 12:00:00",1998,8,26,19.389,29.111,24.222,0,NA,NA,FALSE,FALSE
19980827,"1998-08-27 12:00:00","1998-08-27 12:00:00",1998,8,27,19.278,28.778,23.833,0,NA,NA,FALSE,FALSE
19980828,"1998-08-28 12:00:00","1998-08-28 12:00:00",1998,8,28,19.111,29.722,23.889,3.048,NA,NA,FALSE,FALSE
19980829,"1998-08-29 12:00:00","1998-08-29 12:00:00",1998,8,29,20.278,30.389,23.556,2.032,NA,NA,FALSE,FALSE
19980830,"1998-08-30 12:00:00","1998-08-30 12:00:00",1998,8,30,20.278,28.5,23.389,0,NA,NA,FALSE,FALSE
19980831,"1998-08-31 12:00:00","1998-08-31 12:00:00",1998,8,31,20.111,29.611,23.722,0,NA,NA,FALSE,FALSE
19980901,"1998-09-01 12:00:00","1998-09-01 12:00:00",1998,9,1,19.278,29,23.556,0,NA,NA,FALSE,FALSE
19980902,"1998-09-02 12:00:00","1998-09-02 12:00:00",1998,9,2,18.5,28.222,23,0,NA,NA,FALSE,FALSE
19980903,"1998-09-03 12:00:00","1998-09-03 12:00:00",1998,9,3,17.889,29.611,23.722,0,NA,NA,FALSE,FALSE
19980904,"1998-09-04 12:00:00","1998-09-04 12:00:00",1998,9,4,18.222,30.611,24.389,0,NA,NA,FALSE,FALSE
19980905,"1998-09-05 12:00:00","1998-09-05 12:00:00",1998,9,5,20,27.611,23.333,0,NA,NA,FALSE,FALSE
19980906,"1998-09-06 12:00:00","1998-09-06 12:00:00",1998,9,6,19.722,31.611,24.833,0,NA,NA,FALSE,FALSE
19980907,"1998-09-07 12:00:00","1998-09-07 12:00:00",1998,9,7,19.611,29,25.222,0,NA,NA,FALSE,FALSE
19980908,"1998-09-08 12:00:00","1998-09-08 12:00:00",1998,9,8,23.278,31,26.278,0,NA,NA,FALSE,FALSE
19980909,"1998-09-09 12:00:00","1998-09-09 12:00:00",1998,9,9,23,33.111,27.111,0,NA,NA,FALSE,FALSE
19980910,"1998-09-10 12:00:00","1998-09-10 12:00:00",1998,9,10,22.611,32.778,27,0,NA,NA,FALSE,FALSE
19980911,"1998-09-11 12:00:00","1998-09-11 12:00:00",1998,9,11,20.222,32.278,26.056,0,NA,NA,FALSE,FALSE
19980912,"1998-09-12 12:00:00","1998-09-12 12:00:00",1998,9,12,20.111,33,26.556,0,NA,NA,FALSE,FALSE
19980913,"1998-09-13 12:00:00","1998-09-13 12:00:00",1998,9,13,21.778,31.778,25.833,0,NA,NA,FALSE,FALSE
19980914,"1998-09-14 12:00:00","1998-09-14 12:00:00",1998,9,14,20.278,31.722,25.222,0,NA,NA,FALSE,FALSE
19980915,"1998-09-15 12:00:00","1998-09-15 12:00:00",1998,9,15,16.5,27.889,21.278,0,NA,NA,FALSE,FALSE
19980916,"1998-09-16 12:00:00","1998-09-16 12:00:00",1998,9,16,15.5,26.778,20.556,0,NA,NA,FALSE,FALSE
19980917,"1998-09-17 12:00:00","1998-09-17 12:00:00",1998,9,17,15,29,21.833,0,NA,NA,FALSE,FALSE
19980918,"1998-09-18 12:00:00","1998-09-18 12:00:00",1998,9,18,15.778,30.278,24.389,0,NA,NA,FALSE,FALSE
19980919,"1998-09-19 12:00:00","1998-09-19 12:00:00",1998,9,19,21.5,33.722,27.722,0,NA,NA,FALSE,FALSE
19980920,"1998-09-20 12:00:00","1998-09-20 12:00:00",1998,9,20,22.778,29.389,25.778,5.08,NA,NA,FALSE,FALSE
19980921,"1998-09-21 12:00:00","1998-09-21 12:00:00",1998,9,21,16.222,24.389,20,51.054,NA,NA,FALSE,FALSE
19980922,"1998-09-22 12:00:00","1998-09-22 12:00:00",1998,9,22,15.889,27.389,22.167,6.096,NA,NA,FALSE,FALSE
19980923,"1998-09-23 12:00:00","1998-09-23 12:00:00",1998,9,23,18.278,25.722,22.056,0,NA,NA,FALSE,FALSE
19980924,"1998-09-24 12:00:00","1998-09-24 12:00:00",1998,9,24,18.278,25.389,21.556,1.016,NA,NA,FALSE,FALSE
19980925,"1998-09-25 12:00:00","1998-09-25 12:00:00",1998,9,25,19,29,23.667,0,NA,NA,FALSE,FALSE
19980926,"1998-09-26 12:00:00","1998-09-26 12:00:00",1998,9,26,19.5,33.722,22.833,0,NA,NA,FALSE,FALSE
19980927,"1998-09-27 12:00:00","1998-09-27 12:00:00",1998,9,27,19.222,24.889,21.833,0,NA,NA,FALSE,FALSE
19980928,"1998-09-28 12:00:00","1998-09-28 12:00:00",1998,9,28,18,21.5,18.944,4.064,NA,NA,FALSE,FALSE
19980929,"1998-09-29 12:00:00","1998-09-29 12:00:00",1998,9,29,17.278,20.111,18.5,55.118,NA,NA,FALSE,FALSE
19980930,"1998-09-30 12:00:00","1998-09-30 12:00:00",1998,9,30,17.889,19.722,18.5,198.12,NA,NA,FALSE,FALSE
19981001,"1998-10-01 12:00:00","1998-10-01 12:00:00",1998,10,1,17.111,25.722,21.167,4.064,NA,NA,FALSE,FALSE
19981002,"1998-10-02 12:00:00","1998-10-02 12:00:00",1998,10,2,16,28.222,21.722,0,NA,NA,FALSE,FALSE
19981003,"1998-10-03 12:00:00","1998-10-03 12:00:00",1998,10,3,15.722,26.111,19.611,0,NA,NA,FALSE,FALSE
19981004,"1998-10-04 12:00:00","1998-10-04 12:00:00",1998,10,4,15.278,26.778,20.722,4.064,NA,NA,FALSE,FALSE
19981005,"1998-10-05 12:00:00","1998-10-05 12:00:00",1998,10,5,15.278,26,20.167,0,NA,NA,FALSE,FALSE
19981006,"1998-10-06 12:00:00","1998-10-06 12:00:00",1998,10,6,14.778,27,20.889,0,NA,NA,FALSE,FALSE
19981007,"1998-10-07 12:00:00","1998-10-07 12:00:00",1998,10,7,15.389,27.5,20.389,0,NA,NA,FALSE,FALSE
19981008,"1998-10-08 12:00:00","1998-10-08 12:00:00",1998,10,8,13.889,26.389,19.278,0,NA,NA,FALSE,FALSE
19981009,"1998-10-09 12:00:00","1998-10-09 12:00:00",1998,10,9,13,27.5,20.278,0,NA,NA,FALSE,FALSE
19981010,"1998-10-10 12:00:00","1998-10-10 12:00:00",1998,10,10,15.778,27.278,21.056,0,NA,NA,FALSE,FALSE
19981011,"1998-10-11 12:00:00","1998-10-11 12:00:00",1998,10,11,17.5,24.389,20.556,0,NA,NA,FALSE,FALSE
19981012,"1998-10-12 12:00:00","1998-10-12 12:00:00",1998,10,12,16.889,20.278,18.667,18.034,NA,NA,FALSE,FALSE
19981013,"1998-10-13 12:00:00","1998-10-13 12:00:00",1998,10,13,19.611,24.389,21.167,10.922,NA,NA,FALSE,FALSE
19981014,"1998-10-14 12:00:00","1998-10-14 12:00:00",1998,10,14,15,23.389,19,35.052,NA,NA,FALSE,FALSE
19981015,"1998-10-15 12:00:00","1998-10-15 12:00:00",1998,10,15,13,23.222,17.056,0,NA,NA,FALSE,FALSE
19981016,"1998-10-16 12:00:00","1998-10-16 12:00:00",1998,10,16,12.278,19.611,15.722,0,NA,NA,FALSE,FALSE
19981017,"1998-10-17 12:00:00","1998-10-17 12:00:00",1998,10,17,13.222,23.722,18.5,0,NA,NA,FALSE,FALSE
19981018,"1998-10-18 12:00:00","1998-10-18 12:00:00",1998,10,18,11.611,21.278,15.611,0,NA,NA,FALSE,FALSE
19981019,"1998-10-19 12:00:00","1998-10-19 12:00:00",1998,10,19,9.222,17.778,13.222,0,NA,NA,FALSE,FALSE
19981020,"1998-10-20 12:00:00","1998-10-20 12:00:00",1998,10,20,8.389,20,14.5,0,NA,NA,FALSE,FALSE
19981021,"1998-10-21 12:00:00","1998-10-21 12:00:00",1998,10,21,8.389,22,15.778,0,NA,NA,FALSE,FALSE
19981022,"1998-10-22 12:00:00","1998-10-22 12:00:00",1998,10,22,12,21.778,16.944,0,NA,NA,FALSE,FALSE
19981023,"1998-10-23 12:00:00","1998-10-23 12:00:00",1998,10,23,10.389,24.111,16.944,0,NA,NA,FALSE,FALSE
19981024,"1998-10-24 12:00:00","1998-10-24 12:00:00",1998,10,24,10.389,22.778,16.056,0,NA,NA,FALSE,FALSE
19981025,"1998-10-25 12:00:00","1998-10-25 12:00:00",1998,10,25,9.889,22.278,15.167,0,NA,NA,FALSE,FALSE
19981026,"1998-10-26 12:00:00","1998-10-26 12:00:00",1998,10,26,9.111,24,17.167,0,NA,NA,FALSE,FALSE
19981027,"1998-10-27 12:00:00","1998-10-27 12:00:00",1998,10,27,10.5,20.222,14.389,0,NA,NA,FALSE,FALSE
19981028,"1998-10-28 12:00:00","1998-10-28 12:00:00",1998,10,28,10,19.278,14.722,0,NA,NA,FALSE,FALSE
19981029,"1998-10-29 12:00:00","1998-10-29 12:00:00",1998,10,29,11,22.778,16.556,NA,NA,NA,FALSE,FALSE
19981030,"1998-10-30 12:00:00","1998-10-30 12:00:00",1998,10,30,9.278,19.5,13.667,0.254,NA,NA,FALSE,FALSE
19981031,"1998-10-31 12:00:00","1998-10-31 12:00:00",1998,10,31,8.722,20.611,15.167,0,NA,NA,FALSE,FALSE
19981101,"1998-11-01 12:00:00","1998-11-01 12:00:00",1998,11,1,8.222,18.222,12.5,0,NA,NA,FALSE,FALSE
19981102,"1998-11-02 12:00:00","1998-11-02 12:00:00",1998,11,2,4.222,20.111,12.389,0.254,NA,NA,FALSE,FALSE
19981103,"1998-11-03 12:00:00","1998-11-03 12:00:00",1998,11,3,5.278,20.889,13.056,0,NA,NA,FALSE,FALSE
19981104,"1998-11-04 12:00:00","1998-11-04 12:00:00",1998,11,4,8,20.722,13.111,0,NA,NA,FALSE,FALSE
19981105,"1998-11-05 12:00:00","1998-11-05 12:00:00",1998,11,5,6.889,20.111,13.5,0,NA,NA,FALSE,FALSE
19981106,"1998-11-06 12:00:00","1998-11-06 12:00:00",1998,11,6,7.778,19.778,13.611,0,NA,NA,FALSE,FALSE
19981107,"1998-11-07 12:00:00","1998-11-07 12:00:00",1998,11,7,6.889,18.5,12.111,0,NA,NA,FALSE,FALSE
19981108,"1998-11-08 12:00:00","1998-11-08 12:00:00",1998,11,8,5.222,18.5,13.889,0,NA,NA,FALSE,FALSE
19981109,"1998-11-09 12:00:00","1998-11-09 12:00:00",1998,11,9,4.389,15.111,9.833,1.016,NA,NA,FALSE,FALSE
19981110,"1998-11-10 12:00:00","1998-11-10 12:00:00",1998,11,10,2.611,12.5,7,0,NA,NA,FALSE,FALSE
19981111,"1998-11-11 12:00:00","1998-11-11 12:00:00",1998,11,11,1.611,18.278,11.111,0,NA,NA,FALSE,FALSE
19981112,"1998-11-12 12:00:00","1998-11-12 12:00:00",1998,11,12,4.389,18.889,11.389,0,NA,NA,FALSE,FALSE
19981113,"1998-11-13 12:00:00","1998-11-13 12:00:00",1998,11,13,5.278,20.278,15.556,0,NA,NA,FALSE,FALSE
19981114,"1998-11-14 12:00:00","1998-11-14 12:00:00",1998,11,14,12.611,23.722,17.111,0,NA,NA,FALSE,FALSE
19981115,"1998-11-15 12:00:00","1998-11-15 12:00:00",1998,11,15,12,23.278,17.167,0,NA,NA,FALSE,FALSE
19981116,"1998-11-16 12:00:00","1998-11-16 12:00:00",1998,11,16,9.111,21.778,14.667,8.89,NA,NA,FALSE,FALSE
19981117,"1998-11-17 12:00:00","1998-11-17 12:00:00",1998,11,17,0,13.778,4.333,1.016,NA,NA,FALSE,FALSE
19981118,"1998-11-18 12:00:00","1998-11-18 12:00:00",1998,11,18,-0.778,6.111,1.889,0.508,NA,NA,FALSE,FALSE
19981119,"1998-11-19 12:00:00","1998-11-19 12:00:00",1998,11,19,0.5,9.111,5.556,0,NA,NA,FALSE,FALSE
19981120,"1998-11-20 12:00:00","1998-11-20 12:00:00",1998,11,20,0,8.611,3.556,0.254,NA,NA,FALSE,FALSE
19981121,"1998-11-21 12:00:00","1998-11-21 12:00:00",1998,11,21,-0.5,8.5,4.389,0,NA,NA,FALSE,FALSE
19981122,"1998-11-22 12:00:00","1998-11-22 12:00:00",1998,11,22,-0.222,9.222,3.833,11.938,NA,NA,FALSE,FALSE
19981123,"1998-11-23 12:00:00","1998-11-23 12:00:00",1998,11,23,-1,11.5,5.667,0,NA,NA,FALSE,FALSE
19981124,"1998-11-24 12:00:00","1998-11-24 12:00:00",1998,11,24,2,11.778,6.667,2.032,NA,NA,FALSE,FALSE
19981125,"1998-11-25 12:00:00","1998-11-25 12:00:00",1998,11,25,1,12,5.944,0,NA,NA,FALSE,FALSE
19981126,"1998-11-26 12:00:00","1998-11-26 12:00:00",1998,11,26,2.111,17.278,10.722,NA,NA,NA,FALSE,FALSE
19981127,"1998-11-27 12:00:00","1998-11-27 12:00:00",1998,11,27,6.611,11.722,9.444,5.08,NA,NA,FALSE,FALSE
19981128,"1998-11-28 12:00:00","1998-11-28 12:00:00",1998,11,28,0.389,11.889,5.111,2.032,NA,NA,FALSE,FALSE
19981129,"1998-11-29 12:00:00","1998-11-29 12:00:00",1998,11,29,-1.222,14.5,7.556,0,NA,NA,FALSE,FALSE
19981130,"1998-11-30 12:00:00","1998-11-30 12:00:00",1998,11,30,3.389,15.722,8.944,0.254,NA,NA,FALSE,FALSE
19981201,"1998-12-01 12:00:00","1998-12-01 12:00:00",1998,12,1,2.222,11.611,7.944,0,NA,NA,FALSE,FALSE
19981202,"1998-12-02 12:00:00","1998-12-02 12:00:00",1998,12,2,2.222,8.222,4.556,0,NA,NA,FALSE,FALSE
19981203,"1998-12-03 12:00:00","1998-12-03 12:00:00",1998,12,3,-1.389,8,3,0,NA,NA,FALSE,FALSE
19981204,"1998-12-04 12:00:00","1998-12-04 12:00:00",1998,12,4,-3,10.222,3,0,NA,NA,FALSE,FALSE
19981205,"1998-12-05 12:00:00","1998-12-05 12:00:00",1998,12,5,-2.611,7.5,2.222,0,NA,NA,FALSE,FALSE
19981206,"1998-12-06 12:00:00","1998-12-06 12:00:00",1998,12,6,-1,8.5,3.778,0,NA,NA,FALSE,FALSE
19981207,"1998-12-07 12:00:00","1998-12-07 12:00:00",1998,12,7,-0.111,9,4.444,2.032,NA,NA,FALSE,FALSE
19981208,"1998-12-08 12:00:00","1998-12-08 12:00:00",1998,12,8,-0.778,4.389,1.5,0,NA,NA,FALSE,FALSE
19981209,"1998-12-09 12:00:00","1998-12-09 12:00:00",1998,12,9,-1.5,5.278,0.944,0,NA,NA,FALSE,FALSE
19981210,"1998-12-10 12:00:00","1998-12-10 12:00:00",1998,12,10,-1.222,7.222,3.167,NA,NA,NA,FALSE,FALSE
19981211,"1998-12-11 12:00:00","1998-12-11 12:00:00",1998,12,11,-4,5.722,1.222,0,NA,NA,FALSE,FALSE
19981212,"1998-12-12 12:00:00","1998-12-12 12:00:00",1998,12,12,-5.222,9.722,1.944,0,NA,NA,FALSE,FALSE
19981213,"1998-12-13 12:00:00","1998-12-13 12:00:00",1998,12,13,-2.389,12.222,6.556,0,NA,NA,FALSE,FALSE
19981214,"1998-12-14 12:00:00","1998-12-14 12:00:00",1998,12,14,3.5,13.722,7.444,0,NA,NA,FALSE,FALSE
19981215,"1998-12-15 12:00:00","1998-12-15 12:00:00",1998,12,15,1.722,11.278,5.889,0,NA,NA,FALSE,FALSE
19981216,"1998-12-16 12:00:00","1998-12-16 12:00:00",1998,12,16,0.278,13.722,6.333,0,NA,NA,FALSE,FALSE
19981217,"1998-12-17 12:00:00","1998-12-17 12:00:00",1998,12,17,-1.111,15.111,6.389,0,NA,NA,FALSE,FALSE
19981218,"1998-12-18 12:00:00","1998-12-18 12:00:00",1998,12,18,-0.722,16.611,8.667,0,NA,NA,FALSE,FALSE
19981219,"1998-12-19 12:00:00","1998-12-19 12:00:00",1998,12,19,2.5,14.389,7.556,0,NA,NA,FALSE,FALSE
19981220,"1998-12-20 12:00:00","1998-12-20 12:00:00",1998,12,20,0,11.889,5.222,0,NA,NA,FALSE,FALSE
19981221,"1998-12-21 12:00:00","1998-12-21 12:00:00",1998,12,21,-1.278,15.722,6.611,0,NA,NA,FALSE,FALSE
19981222,"1998-12-22 12:00:00","1998-12-22 12:00:00",1998,12,22,0.111,12.889,5.611,0,NA,NA,FALSE,FALSE
19981223,"1998-12-23 12:00:00","1998-12-23 12:00:00",1998,12,23,-0.111,10.5,4.5,0,NA,NA,FALSE,FALSE
19981224,"1998-12-24 12:00:00","1998-12-24 12:00:00",1998,12,24,-2.722,12.278,3.444,0,NA,NA,FALSE,FALSE
19981225,"1998-12-25 12:00:00","1998-12-25 12:00:00",1998,12,25,-3.5,9.111,4.278,0,NA,NA,FALSE,FALSE
19981226,"1998-12-26 12:00:00","1998-12-26 12:00:00",1998,12,26,2.222,12.111,6.056,0,NA,NA,FALSE,FALSE
19981227,"1998-12-27 12:00:00","1998-12-27 12:00:00",1998,12,27,-1,11.5,4,0,NA,NA,FALSE,FALSE
19981228,"1998-12-28 12:00:00","1998-12-28 12:00:00",1998,12,28,-2.889,12.111,5.5,0,NA,NA,FALSE,FALSE
19981229,"1998-12-29 12:00:00","1998-12-29 12:00:00",1998,12,29,-1.222,9.889,3.389,0,NA,NA,FALSE,FALSE
19981230,"1998-12-30 12:00:00","1998-12-30 12:00:00",1998,12,30,-2.389,5.278,0.611,0,NA,NA,FALSE,FALSE
19981231,"1998-12-31 12:00:00","1998-12-31 12:00:00",1998,12,31,-2.611,5,0.833,0,NA,NA,FALSE,FALSE
19990101,"1999-01-01 12:00:00","1999-01-01 12:00:00",1999,1,1,-3.778,6.722,1.167,0,NA,NA,FALSE,FALSE
19990102,"1999-01-02 12:00:00","1999-01-02 12:00:00",1999,1,2,-1.722,9.5,3.778,0,NA,NA,FALSE,FALSE
19990103,"1999-01-03 12:00:00","1999-01-03 12:00:00",1999,1,3,-2.222,11.278,3.222,0,NA,NA,FALSE,FALSE
19990104,"1999-01-04 12:00:00","1999-01-04 12:00:00",1999,1,4,-3.389,12.278,3.444,0,NA,NA,FALSE,FALSE
19990105,"1999-01-05 12:00:00","1999-01-05 12:00:00",1999,1,5,-3.778,12.778,4.611,0,NA,NA,FALSE,FALSE
19990106,"1999-01-06 12:00:00","1999-01-06 12:00:00",1999,1,6,0.5,10,4.778,0,NA,NA,FALSE,FALSE
19990107,"1999-01-07 12:00:00","1999-01-07 12:00:00",1999,1,7,-6.222,3,-3.556,7.874,NA,NA,FALSE,FALSE
19990108,"1999-01-08 12:00:00","1999-01-08 12:00:00",1999,1,8,-8.222,-1.5,-5.056,4.064,NA,NA,FALSE,FALSE
19990109,"1999-01-09 12:00:00","1999-01-09 12:00:00",1999,1,9,-8.778,-1,-4.389,0.762,NA,NA,FALSE,FALSE
19990110,"1999-01-10 12:00:00","1999-01-10 12:00:00",1999,1,10,-6.389,0.5555,NA,NA,NA,NA,TRUE,TRUE
19990111,"1999-01-11 12:00:00","1999-01-11 12:00:00",1999,1,11,-4,2.111,-1.056,0.254,NA,NA,FALSE,FALSE
19990112,"1999-01-12 12:00:00","1999-01-12 12:00:00",1999,1,12,-3.5,2.278,-0.056,0.762,NA,NA,FALSE,FALSE
19990113,"1999-01-13 12:00:00","1999-01-13 12:00:00",1999,1,13,0,4.722,1.111,0.762,NA,NA,FALSE,FALSE
19990114,"1999-01-14 12:00:00","1999-01-14 12:00:00",1999,1,14,-1.278,4.5,1.278,0,NA,NA,FALSE,FALSE
19990115,"1999-01-15 12:00:00","1999-01-15 12:00:00",1999,1,15,-2.389,2.111,0.722,0.254,NA,NA,FALSE,FALSE
19990116,"1999-01-16 12:00:00","1999-01-16 12:00:00",1999,1,16,-3.778,5.5,1.278,0,NA,NA,FALSE,FALSE
19990117,"1999-01-17 12:00:00","1999-01-17 12:00:00",1999,1,17,-4.722,7.611,0.889,0,NA,NA,FALSE,FALSE
19990118,"1999-01-18 12:00:00","1999-01-18 12:00:00",1999,1,18,-4,10.5,5.111,0,NA,NA,FALSE,FALSE
19990119,"1999-01-19 12:00:00","1999-01-19 12:00:00",1999,1,19,1.5,10.111,4.833,2.032,NA,NA,FALSE,FALSE
19990120,"1999-01-20 12:00:00","1999-01-20 12:00:00",1999,1,20,-3.222,3.611,-0.111,0,NA,NA,FALSE,FALSE
19990121,"1999-01-21 12:00:00","1999-01-21 12:00:00",1999,1,21,-3.889,6.611,1.722,0,NA,NA,FALSE,FALSE
19990122,"1999-01-22 12:00:00","1999-01-22 12:00:00",1999,1,22,-1.5,11.889,5.667,0,NA,NA,FALSE,FALSE
19990123,"1999-01-23 12:00:00","1999-01-23 12:00:00",1999,1,23,2.278,9.111,5.556,26.924,NA,NA,FALSE,FALSE
19990124,"1999-01-24 12:00:00","1999-01-24 12:00:00",1999,1,24,1.5,13.778,7.667,0,NA,NA,FALSE,FALSE
19990125,"1999-01-25 12:00:00","1999-01-25 12:00:00",1999,1,25,0.778,10.111,5,0.762,NA,NA,FALSE,FALSE
19990126,"1999-01-26 12:00:00","1999-01-26 12:00:00",1999,1,26,-1.278,10.278,3.889,0,NA,NA,FALSE,FALSE
19990127,"1999-01-27 12:00:00","1999-01-27 12:00:00",1999,1,27,-1.778,10.778,4.278,0,NA,NA,FALSE,FALSE
19990128,"1999-01-28 12:00:00","1999-01-28 12:00:00",1999,1,28,-2.222,6.778,1,0,NA,NA,FALSE,FALSE
19990129,"1999-01-29 12:00:00","1999-01-29 12:00:00",1999,1,29,-2.611,1.778,-1.333,0.762,NA,NA,FALSE,FALSE
19990130,"1999-01-30 12:00:00","1999-01-30 12:00:00",1999,1,30,-3.5,4,-0.222,0,NA,NA,FALSE,FALSE
19990131,"1999-01-31 12:00:00","1999-01-31 12:00:00",1999,1,31,-4.222,10.278,4.611,0,NA,NA,FALSE,FALSE
19990201,"1999-02-01 12:00:00","1999-02-01 12:00:00",1999,2,1,0.222,10.278,4.556,0,NA,NA,FALSE,FALSE
19990202,"1999-02-02 12:00:00","1999-02-02 12:00:00",1999,2,2,-6,3,-2.444,4.826,NA,NA,FALSE,FALSE
19990203,"1999-02-03 12:00:00","1999-02-03 12:00:00",1999,2,3,-7.778,-2.5,-4.889,5.08,NA,NA,FALSE,FALSE
19990204,"1999-02-04 12:00:00","1999-02-04 12:00:00",1999,2,4,-8.389,2.5,-1.167,0.762,NA,NA,FALSE,FALSE
19990205,"1999-02-05 12:00:00","1999-02-05 12:00:00",1999,2,5,-2.5,5,0.833,0.762,NA,NA,FALSE,FALSE
19990206,"1999-02-06 12:00:00","1999-02-06 12:00:00",1999,2,6,-3.278,7.5,1.944,0,NA,NA,FALSE,FALSE
19990207,"1999-02-07 12:00:00","1999-02-07 12:00:00",1999,2,7,-7,11,4.444,0,NA,NA,FALSE,FALSE
19990208,"1999-02-08 12:00:00","1999-02-08 12:00:00",1999,2,8,3.889,11.222,6.556,0,NA,NA,FALSE,FALSE
19990209,"1999-02-09 12:00:00","1999-02-09 12:00:00",1999,2,9,2.389,11.889,6.167,0,NA,NA,FALSE,FALSE
19990210,"1999-02-10 12:00:00","1999-02-10 12:00:00",1999,2,10,1.389,8.889,4.389,0.762,NA,NA,FALSE,FALSE
19990211,"1999-02-11 12:00:00","1999-02-11 12:00:00",1999,2,11,0,6.611,2.722,0.508,NA,NA,FALSE,FALSE
19990212,"1999-02-12 12:00:00","1999-02-12 12:00:00",1999,2,12,-4.778,0.889,-2.333,1.778,NA,NA,FALSE,FALSE
19990213,"1999-02-13 12:00:00","1999-02-13 12:00:00",1999,2,13,-5.611,4.389,-0.778,0,NA,NA,FALSE,FALSE
19990214,"1999-02-14 12:00:00","1999-02-14 12:00:00",1999,2,14,-6.111,8.778,2.722,0,NA,NA,FALSE,FALSE
19990215,"1999-02-15 12:00:00","1999-02-15 12:00:00",1999,2,15,-0.778,11.222,4.667,0,NA,NA,FALSE,FALSE
19990216,"1999-02-16 12:00:00","1999-02-16 12:00:00",1999,2,16,-1.222,13.722,7.222,0,NA,NA,FALSE,FALSE
19990217,"1999-02-17 12:00:00","1999-02-17 12:00:00",1999,2,17,1.278,15.278,9.833,0,NA,NA,FALSE,FALSE
19990218,"1999-02-18 12:00:00","1999-02-18 12:00:00",1999,2,18,-1.222,10.278,4,0,NA,NA,FALSE,FALSE
19990219,"1999-02-19 12:00:00","1999-02-19 12:00:00",1999,2,19,-2.611,3.778,0.833,1.016,NA,NA,FALSE,FALSE
19990220,"1999-02-20 12:00:00","1999-02-20 12:00:00",1999,2,20,-1.778,3.778,0.278,1.524,NA,NA,FALSE,FALSE
19990221,"1999-02-21 12:00:00","1999-02-21 12:00:00",1999,2,21,-2.389,3.778,0.5,0,NA,NA,FALSE,FALSE
19990222,"1999-02-22 12:00:00","1999-02-22 12:00:00",1999,2,22,-2.5,7.778,3.389,0,NA,NA,FALSE,FALSE
19990223,"1999-02-23 12:00:00","1999-02-23 12:00:00",1999,2,23,-1.111,12.222,6.278,0,NA,NA,FALSE,FALSE
19990224,"1999-02-24 12:00:00","1999-02-24 12:00:00",1999,2,24,1.5,12,6.444,7.874,NA,NA,FALSE,FALSE
19990225,"1999-02-25 12:00:00","1999-02-25 12:00:00",1999,2,25,3,15.278,8.833,0,NA,NA,FALSE,FALSE
19990226,"1999-02-26 12:00:00","1999-02-26 12:00:00",1999,2,26,1.778,7.722,5.667,0.254,NA,NA,FALSE,FALSE
19990227,"1999-02-27 12:00:00","1999-02-27 12:00:00",1999,2,27,-2.778,6,-0.111,0,NA,NA,FALSE,FALSE
19990228,"1999-02-28 12:00:00","1999-02-28 12:00:00",1999,2,28,-3,8,3.111,0,NA,NA,FALSE,FALSE
19990301,"1999-03-01 12:00:00","1999-03-01 12:00:00",1999,3,1,0.222,13.389,8.167,0,NA,NA,FALSE,FALSE
19990302,"1999-03-02 12:00:00","1999-03-02 12:00:00",1999,3,2,2.611,13.5,8.111,0,NA,NA,FALSE,FALSE
19990303,"1999-03-03 12:00:00","1999-03-03 12:00:00",1999,3,3,0.5,17.278,9.722,0,NA,NA,FALSE,FALSE
19990304,"1999-03-04 12:00:00","1999-03-04 12:00:00",1999,3,4,12.5,19,14.611,0,NA,NA,FALSE,FALSE
19990305,"1999-03-05 12:00:00","1999-03-05 12:00:00",1999,3,5,2.611,13.778,6.889,0.762,NA,NA,FALSE,FALSE
19990306,"1999-03-06 12:00:00","1999-03-06 12:00:00",1999,3,6,2,13.222,8.667,0,NA,NA,FALSE,FALSE
19990307,"1999-03-07 12:00:00","1999-03-07 12:00:00",1999,3,7,0.278,9,3.778,0.508,NA,NA,FALSE,FALSE
19990308,"1999-03-08 12:00:00","1999-03-08 12:00:00",1999,3,8,-0.722,8.889,4.333,0,NA,NA,FALSE,FALSE
19990309,"1999-03-09 12:00:00","1999-03-09 12:00:00",1999,3,9,1.111,9.778,5.611,0,NA,NA,FALSE,FALSE
19990310,"1999-03-10 12:00:00","1999-03-10 12:00:00",1999,3,10,3.111,14.222,8.389,0,NA,NA,FALSE,FALSE
19990311,"1999-03-11 12:00:00","1999-03-11 12:00:00",1999,3,11,2.111,10.889,6,0,NA,NA,FALSE,FALSE
19990312,"1999-03-12 12:00:00","1999-03-12 12:00:00",1999,3,12,3,14.889,8.389,0,NA,NA,FALSE,FALSE
19990313,"1999-03-13 12:00:00","1999-03-13 12:00:00",1999,3,13,2,20.222,12.556,0,NA,NA,FALSE,FALSE
19990314,"1999-03-14 12:00:00","1999-03-14 12:00:00",1999,3,14,6.611,14.611,10.278,11.938,NA,NA,FALSE,FALSE
19990315,"1999-03-15 12:00:00","1999-03-15 12:00:00",1999,3,15,3.722,13.611,8.667,32.004,NA,NA,FALSE,FALSE
19990316,"1999-03-16 12:00:00","1999-03-16 12:00:00",1999,3,16,2.278,17.611,10.333,0,NA,NA,FALSE,FALSE
19990317,"1999-03-17 12:00:00","1999-03-17 12:00:00",1999,3,17,3.778,18.389,14,0,NA,NA,FALSE,FALSE
19990318,"1999-03-18 12:00:00","1999-03-18 12:00:00",1999,3,18,12,18.611,16.111,19.05,NA,NA,FALSE,FALSE
19990319,"1999-03-19 12:00:00","1999-03-19 12:00:00",1999,3,19,3.5,15.389,7.778,30.988,NA,NA,FALSE,FALSE
19990320,"1999-03-20 12:00:00","1999-03-20 12:00:00",1999,3,20,3.111,9.222,6.556,0.762,NA,NA,FALSE,FALSE
19990321,"1999-03-21 12:00:00","1999-03-21 12:00:00",1999,3,21,-2.222,6.389,1.389,0.254,NA,NA,FALSE,FALSE
19990322,"1999-03-22 12:00:00","1999-03-22 12:00:00",1999,3,22,-3.111,7.611,0.944,0,NA,NA,FALSE,FALSE
19990323,"1999-03-23 12:00:00","1999-03-23 12:00:00",1999,3,23,-1.889,13.778,6.389,0,NA,NA,FALSE,FALSE
19990324,"1999-03-24 12:00:00","1999-03-24 12:00:00",1999,3,24,1.222,7.889,6,14.732,NA,NA,FALSE,FALSE
19990325,"1999-03-25 12:00:00","1999-03-25 12:00:00",1999,3,25,5.278,14.722,11.944,0,NA,NA,FALSE,FALSE
19990326,"1999-03-26 12:00:00","1999-03-26 12:00:00",1999,3,26,9.278,13.889,11.5,14.986,NA,NA,FALSE,FALSE
19990327,"1999-03-27 12:00:00","1999-03-27 12:00:00",1999,3,27,3.778,15.889,9.667,0,NA,NA,FALSE,FALSE
19990328,"1999-03-28 12:00:00","1999-03-28 12:00:00",1999,3,28,0.722,11.778,5.722,0,NA,NA,FALSE,FALSE
19990329,"1999-03-29 12:00:00","1999-03-29 12:00:00",1999,3,29,0.278,10.222,6.5,0,NA,NA,FALSE,FALSE
19990330,"1999-03-30 12:00:00","1999-03-30 12:00:00",1999,3,30,3.111,13.889,8.556,0,NA,NA,FALSE,FALSE
19990331,"1999-03-31 12:00:00","1999-03-31 12:00:00",1999,3,31,2,19.778,12.389,0,NA,NA,FALSE,FALSE
19990401,"1999-04-01 12:00:00","1999-04-01 12:00:00",1999,4,1,7.889,19.889,13.444,6.096,NA,NA,FALSE,FALSE
19990402,"1999-04-02 12:00:00","1999-04-02 12:00:00",1999,4,2,2.722,13.111,6.944,0,NA,NA,FALSE,FALSE
19990403,"1999-04-03 12:00:00","1999-04-03 12:00:00",1999,4,3,2.222,13.611,7.833,0,NA,NA,FALSE,FALSE
19990404,"1999-04-04 12:00:00","1999-04-04 12:00:00",1999,4,4,2.722,17.611,10.889,0,NA,NA,FALSE,FALSE
19990405,"1999-04-05 12:00:00","1999-04-05 12:00:00",1999,4,5,6.278,20.222,12.389,0,NA,NA,FALSE,FALSE
19990406,"1999-04-06 12:00:00","1999-04-06 12:00:00",1999,4,6,1.778,10.778,5.111,4.064,NA,NA,FALSE,FALSE
19990407,"1999-04-07 12:00:00","1999-04-07 12:00:00",1999,4,7,1.389,17.222,10.111,0,NA,NA,FALSE,FALSE
19990408,"1999-04-08 12:00:00","1999-04-08 12:00:00",1999,4,8,4.611,19.278,13.778,0,NA,NA,FALSE,FALSE
19990409,"1999-04-09 12:00:00","1999-04-09 12:00:00",1999,4,9,10.389,15.222,13.556,15.24,NA,NA,FALSE,FALSE
19990410,"1999-04-10 12:00:00","1999-04-10 12:00:00",1999,4,10,9.611,17.778,13.5,1.016,NA,NA,FALSE,FALSE
19990411,"1999-04-11 12:00:00","1999-04-11 12:00:00",1999,4,11,9,23,16,0,NA,NA,FALSE,FALSE
19990412,"1999-04-12 12:00:00","1999-04-12 12:00:00",1999,4,12,7.611,14.389,10.611,6.604,NA,NA,FALSE,FALSE
19990413,"1999-04-13 12:00:00","1999-04-13 12:00:00",1999,4,13,5.778,10,7.167,1.016,NA,NA,FALSE,FALSE
19990414,"1999-04-14 12:00:00","1999-04-14 12:00:00",1999,4,14,2.611,14.611,9.111,0,NA,NA,FALSE,FALSE
19990415,"1999-04-15 12:00:00","1999-04-15 12:00:00",1999,4,15,2.222,21.722,13.611,0,NA,NA,FALSE,FALSE
19990416,"1999-04-16 12:00:00","1999-04-16 12:00:00",1999,4,16,9,19.222,14.444,0,NA,NA,FALSE,FALSE
19990417,"1999-04-17 12:00:00","1999-04-17 12:00:00",1999,4,17,10.778,24,18,0,NA,NA,FALSE,FALSE
19990418,"1999-04-18 12:00:00","1999-04-18 12:00:00",1999,4,18,12,27.889,18.889,0,NA,NA,FALSE,FALSE
19990419,"1999-04-19 12:00:00","1999-04-19 12:00:00",1999,4,19,10.222,25.889,17.444,0,NA,NA,FALSE,FALSE
19990420,"1999-04-20 12:00:00","1999-04-20 12:00:00",1999,4,20,9.611,27.389,18.889,0,NA,NA,FALSE,FALSE
19990421,"1999-04-21 12:00:00","1999-04-21 12:00:00",1999,4,21,13.5,24,18.167,0,NA,NA,FALSE,FALSE
19990422,"1999-04-22 12:00:00","1999-04-22 12:00:00",1999,4,22,13.111,26.278,18.889,0,NA,NA,FALSE,FALSE
19990423,"1999-04-23 12:00:00","1999-04-23 12:00:00",1999,4,23,12.5,25.722,17.667,0,NA,NA,FALSE,FALSE
19990424,"1999-04-24 12:00:00","1999-04-24 12:00:00",1999,4,24,12.222,27.389,19.278,0,NA,NA,FALSE,FALSE
19990425,"1999-04-25 12:00:00","1999-04-25 12:00:00",1999,4,25,12.889,26.722,19.333,0,NA,NA,FALSE,FALSE
19990426,"1999-04-26 12:00:00","1999-04-26 12:00:00",1999,4,26,12.389,27.389,18.389,0,NA,NA,FALSE,FALSE
19990427,"1999-04-27 12:00:00","1999-04-27 12:00:00",1999,4,27,10.278,23.611,13.611,0,NA,NA,FALSE,FALSE
19990428,"1999-04-28 12:00:00","1999-04-28 12:00:00",1999,4,28,7.778,19.889,13.889,0,NA,NA,FALSE,FALSE
19990429,"1999-04-29 12:00:00","1999-04-29 12:00:00",1999,4,29,7,22.278,14.444,0,NA,NA,FALSE,FALSE
19990430,"1999-04-30 12:00:00","1999-04-30 12:00:00",1999,4,30,6.222,24,15.611,0,NA,NA,FALSE,FALSE
19990501,"1999-05-01 12:00:00","1999-05-01 12:00:00",1999,5,1,8.389,24.111,17.056,0,NA,NA,FALSE,FALSE
19990502,"1999-05-02 12:00:00","1999-05-02 12:00:00",1999,5,2,10.222,25.889,20.111,0,NA,NA,FALSE,FALSE
19990503,"1999-05-03 12:00:00","1999-05-03 12:00:00",1999,5,3,13.389,19.278,16.556,42.672,NA,NA,FALSE,FALSE
19990504,"1999-05-04 12:00:00","1999-05-04 12:00:00",1999,5,4,10.611,21.389,15.611,0,NA,NA,FALSE,FALSE
19990505,"1999-05-05 12:00:00","1999-05-05 12:00:00",1999,5,5,8,21.5,14.611,0,NA,NA,FALSE,FALSE
19990506,"1999-05-06 12:00:00","1999-05-06 12:00:00",1999,5,6,6.889,23.889,16.722,0,NA,NA,FALSE,FALSE
19990507,"1999-05-07 12:00:00","1999-05-07 12:00:00",1999,5,7,11.389,25.5,18.611,0,NA,NA,FALSE,FALSE
19990508,"1999-05-08 12:00:00","1999-05-08 12:00:00",1999,5,8,11.222,25.889,18.5,0,NA,NA,FALSE,FALSE
19990509,"1999-05-09 12:00:00","1999-05-09 12:00:00",1999,5,9,10.722,26.5,18.611,0,NA,NA,FALSE,FALSE
19990510,"1999-05-10 12:00:00","1999-05-10 12:00:00",1999,5,10,11.722,26.889,19,0,NA,NA,FALSE,FALSE
19990511,"1999-05-11 12:00:00","1999-05-11 12:00:00",1999,5,11,12.722,24,17.333,0,NA,NA,FALSE,FALSE
19990512,"1999-05-12 12:00:00","1999-05-12 12:00:00",1999,5,12,11.778,25.278,17.444,0,NA,NA,FALSE,FALSE
19990513,"1999-05-13 12:00:00","1999-05-13 12:00:00",1999,5,13,11.611,27.278,19.111,0,NA,NA,FALSE,FALSE
19990514,"1999-05-14 12:00:00","1999-05-14 12:00:00",1999,5,14,13,27.222,19.889,0,NA,NA,FALSE,FALSE
19990515,"1999-05-15 12:00:00","1999-05-15 12:00:00",1999,5,15,14,24.889,18.222,0,NA,NA,FALSE,FALSE
19990516,"1999-05-16 12:00:00","1999-05-16 12:00:00",1999,5,16,14,26.722,20.5,0,NA,NA,FALSE,FALSE
19990517,"1999-05-17 12:00:00","1999-05-17 12:00:00",1999,5,17,15.722,27.889,22.778,0,NA,NA,FALSE,FALSE
19990518,"1999-05-18 12:00:00","1999-05-18 12:00:00",1999,5,18,13.889,21.111,18.167,1.524,NA,NA,FALSE,FALSE
19990519,"1999-05-19 12:00:00","1999-05-19 12:00:00",1999,5,19,12.722,17.722,14.444,3.048,NA,NA,FALSE,FALSE
19990520,"1999-05-20 12:00:00","1999-05-20 12:00:00",1999,5,20,12.278,24.222,18.278,0,NA,NA,FALSE,FALSE
19990521,"1999-05-21 12:00:00","1999-05-21 12:00:00",1999,5,21,12.389,27.778,19.722,0,NA,NA,FALSE,FALSE
19990522,"1999-05-22 12:00:00","1999-05-22 12:00:00",1999,5,22,13.611,27.111,21.111,0,NA,NA,FALSE,FALSE
19990523,"1999-05-23 12:00:00","1999-05-23 12:00:00",1999,5,23,16.222,20.389,18.222,5.334,NA,NA,FALSE,FALSE
19990524,"1999-05-24 12:00:00","1999-05-24 12:00:00",1999,5,24,13.222,19,15.722,27.94,NA,NA,FALSE,FALSE
19990525,"1999-05-25 12:00:00","1999-05-25 12:00:00",1999,5,25,12.722,24.222,18.278,0,NA,NA,FALSE,FALSE
19990526,"1999-05-26 12:00:00","1999-05-26 12:00:00",1999,5,26,14,20.778,16.833,7.112,NA,NA,FALSE,FALSE
19990527,"1999-05-27 12:00:00","1999-05-27 12:00:00",1999,5,27,10.222,21.778,16,5.08,NA,NA,FALSE,FALSE
19990528,"1999-05-28 12:00:00","1999-05-28 12:00:00",1999,5,28,5.111,21.611,15.889,0,NA,NA,FALSE,FALSE
19990529,"1999-05-29 12:00:00","1999-05-29 12:00:00",1999,5,29,8.778,25.778,18.111,0,NA,NA,FALSE,FALSE
19990530,"1999-05-30 12:00:00","1999-05-30 12:00:00",1999,5,30,12,28.722,20.722,0,NA,NA,FALSE,FALSE
19990531,"1999-05-31 12:00:00","1999-05-31 12:00:00",1999,5,31,12.389,27.278,22.389,0,NA,NA,FALSE,FALSE
19990601,"1999-06-01 12:00:00","1999-06-01 12:00:00",1999,6,1,19,25.111,21.611,1.016,NA,NA,FALSE,FALSE
19990602,"1999-06-02 12:00:00","1999-06-02 12:00:00",1999,6,2,18.111,21.389,19.722,2.032,NA,NA,FALSE,FALSE
19990603,"1999-06-03 12:00:00","1999-06-03 12:00:00",1999,6,3,17.889,29.278,23,0,NA,NA,FALSE,FALSE
19990604,"1999-06-04 12:00:00","1999-06-04 12:00:00",1999,6,4,17.611,32.222,24.5,0,NA,NA,FALSE,FALSE
19990605,"1999-06-05 12:00:00","1999-06-05 12:00:00",1999,6,5,19.889,31.778,25.611,0,NA,NA,FALSE,FALSE
19990606,"1999-06-06 12:00:00","1999-06-06 12:00:00",1999,6,6,19.389,30.5,23.611,0.762,NA,NA,FALSE,FALSE
19990607,"1999-06-07 12:00:00","1999-06-07 12:00:00",1999,6,7,16.611,23.722,20.333,2.032,NA,NA,FALSE,FALSE
19990608,"1999-06-08 12:00:00","1999-06-08 12:00:00",1999,6,8,16.222,28.278,24.278,0,NA,NA,FALSE,FALSE
19990609,"1999-06-09 12:00:00","1999-06-09 12:00:00",1999,6,9,16.389,31.222,23.833,0,NA,NA,FALSE,FALSE
19990610,"1999-06-10 12:00:00","1999-06-10 12:00:00",1999,6,10,18.722,29.389,23.111,0,NA,NA,FALSE,FALSE
19990611,"1999-06-11 12:00:00","1999-06-11 12:00:00",1999,6,11,18,31.222,24.389,0,NA,NA,FALSE,FALSE
19990612,"1999-06-12 12:00:00","1999-06-12 12:00:00",1999,6,12,17.778,34.111,25.167,0,NA,NA,FALSE,FALSE
19990613,"1999-06-13 12:00:00","1999-06-13 12:00:00",1999,6,13,18.5,32.278,26.111,0,NA,NA,FALSE,FALSE
19990614,"1999-06-14 12:00:00","1999-06-14 12:00:00",1999,6,14,18.222,34.278,26.778,0,NA,NA,FALSE,FALSE
19990615,"1999-06-15 12:00:00","1999-06-15 12:00:00",1999,6,15,20.722,32.222,25.944,0,NA,NA,FALSE,FALSE
19990616,"1999-06-16 12:00:00","1999-06-16 12:00:00",1999,6,16,18.889,27.722,22.556,18.034,NA,NA,FALSE,FALSE
19990617,"1999-06-17 12:00:00","1999-06-17 12:00:00",1999,6,17,18.389,21.111,19.278,31.242,NA,NA,FALSE,FALSE
19990618,"1999-06-18 12:00:00","1999-06-18 12:00:00",1999,6,18,17.278,24.889,20.833,0,NA,NA,FALSE,FALSE
19990619,"1999-06-19 12:00:00","1999-06-19 12:00:00",1999,6,19,17.389,28,22,0,NA,NA,FALSE,FALSE
19990620,"1999-06-20 12:00:00","1999-06-20 12:00:00",1999,6,20,16.722,28.278,23.333,0,NA,NA,FALSE,FALSE
19990621,"1999-06-21 12:00:00","1999-06-21 12:00:00",1999,6,21,19.278,29.778,24.833,0,NA,NA,FALSE,FALSE
19990622,"1999-06-22 12:00:00","1999-06-22 12:00:00",1999,6,22,19.889,30.722,24.889,0,NA,NA,FALSE,FALSE
19990623,"1999-06-23 12:00:00","1999-06-23 12:00:00",1999,6,23,19.722,23.611,21.778,90.932,NA,NA,FALSE,FALSE
19990624,"1999-06-24 12:00:00","1999-06-24 12:00:00",1999,6,24,18.611,26.778,21.5,0,NA,NA,FALSE,FALSE
19990625,"1999-06-25 12:00:00","1999-06-25 12:00:00",1999,6,25,18.111,28.111,22.833,0,NA,NA,FALSE,FALSE
19990626,"1999-06-26 12:00:00","1999-06-26 12:00:00",1999,6,26,19.5,25.5,22.333,0,NA,NA,FALSE,FALSE
19990627,"1999-06-27 12:00:00","1999-06-27 12:00:00",1999,6,27,18.778,32.722,24.5,0,NA,NA,FALSE,FALSE
19990628,"1999-06-28 12:00:00","1999-06-28 12:00:00",1999,6,28,16.222,24.5,21.167,0.762,NA,NA,FALSE,FALSE
19990629,"1999-06-29 12:00:00","1999-06-29 12:00:00",1999,6,29,20.389,30.5,24.778,0,NA,NA,FALSE,FALSE
19990630,"1999-06-30 12:00:00","1999-06-30 12:00:00",1999,6,30,20.111,30.5,25.667,0,NA,NA,FALSE,FALSE
19990701,"1999-07-01 12:00:00","1999-07-01 12:00:00",1999,7,1,18.611,24.222,20.056,23.114,NA,NA,FALSE,FALSE
19990702,"1999-07-02 12:00:00","1999-07-02 12:00:00",1999,7,2,19,22.778,20.889,52.07,NA,NA,FALSE,FALSE
19990703,"1999-07-03 12:00:00","1999-07-03 12:00:00",1999,7,3,19.889,30.222,24.611,0,NA,NA,FALSE,FALSE
19990704,"1999-07-04 12:00:00","1999-07-04 12:00:00",1999,7,4,20.778,29.222,23.722,0,NA,NA,FALSE,FALSE
19990705,"1999-07-05 12:00:00","1999-07-05 12:00:00",1999,7,5,20.889,26.889,22.556,2.032,NA,NA,FALSE,FALSE
19990706,"1999-07-06 12:00:00","1999-07-06 12:00:00",1999,7,6,20.5,30,23.167,0,NA,NA,FALSE,FALSE
19990707,"1999-07-07 12:00:00","1999-07-07 12:00:00",1999,7,7,20.5,28.222,24.611,0,NA,NA,FALSE,FALSE
19990708,"1999-07-08 12:00:00","1999-07-08 12:00:00",1999,7,8,20.778,28.278,24.444,0,NA,NA,FALSE,FALSE
19990709,"1999-07-09 12:00:00","1999-07-09 12:00:00",1999,7,9,20.389,24.278,22.833,30.988,NA,NA,FALSE,FALSE
19990710,"1999-07-10 12:00:00","1999-07-10 12:00:00",1999,7,10,20.5,28.278,24.222,0,NA,NA,FALSE,FALSE
19990711,"1999-07-11 12:00:00","1999-07-11 12:00:00",1999,7,11,18.389,27.722,22.778,0,NA,NA,FALSE,FALSE
19990712,"1999-07-12 12:00:00","1999-07-12 12:00:00",1999,7,12,17.722,28.889,24.5,0,NA,NA,FALSE,FALSE
19990713,"1999-07-13 12:00:00","1999-07-13 12:00:00",1999,7,13,21.222,29.611,24.667,0,NA,NA,FALSE,FALSE
19990714,"1999-07-14 12:00:00","1999-07-14 12:00:00",1999,7,14,20.611,30.222,24.5,0,NA,NA,FALSE,FALSE
19990715,"1999-07-15 12:00:00","1999-07-15 12:00:00",1999,7,15,20.778,27.889,23.944,0,NA,NA,FALSE,FALSE
19990716,"1999-07-16 12:00:00","1999-07-16 12:00:00",1999,7,16,21.389,30.778,25.278,0,NA,NA,FALSE,FALSE
19990717,"1999-07-17 12:00:00","1999-07-17 12:00:00",1999,7,17,21.5,29.111,24.5,0,NA,NA,FALSE,FALSE
19990718,"1999-07-18 12:00:00","1999-07-18 12:00:00",1999,7,18,21.222,30.889,26.056,0,NA,NA,FALSE,FALSE
19990719,"1999-07-19 12:00:00","1999-07-19 12:00:00",1999,7,19,22.222,31.722,26.389,0,NA,NA,FALSE,FALSE
19990720,"1999-07-20 12:00:00","1999-07-20 12:00:00",1999,7,20,22.611,29.278,26.111,0.254,NA,NA,FALSE,FALSE
19990721,"1999-07-21 12:00:00","1999-07-21 12:00:00",1999,7,21,24.222,32.389,28.611,0,NA,NA,FALSE,FALSE
19990722,"1999-07-22 12:00:00","1999-07-22 12:00:00",1999,7,22,24.5,31.389,27.889,0,NA,NA,FALSE,FALSE
19990723,"1999-07-23 12:00:00","1999-07-23 12:00:00",1999,7,23,24,29.889,26.278,11.938,NA,NA,FALSE,FALSE
19990724,"1999-07-24 12:00:00","1999-07-24 12:00:00",1999,7,24,24.5,29.222,26.389,1.524,NA,NA,FALSE,FALSE
19990725,"1999-07-25 12:00:00","1999-07-25 12:00:00",1999,7,25,24.722,33.778,28.5,0,NA,NA,FALSE,FALSE
19990726,"1999-07-26 12:00:00","1999-07-26 12:00:00",1999,7,26,23.389,32.778,27.444,0,NA,NA,FALSE,FALSE
19990727,"1999-07-27 12:00:00","1999-07-27 12:00:00",1999,7,27,23.111,27.722,24.778,38.1,NA,NA,FALSE,FALSE
19990728,"1999-07-28 12:00:00","1999-07-28 12:00:00",1999,7,28,22.611,25.778,24.278,13.97,NA,NA,FALSE,FALSE
19990729,"1999-07-29 12:00:00","1999-07-29 12:00:00",1999,7,29,22.278,32.111,27.389,0,NA,NA,FALSE,FALSE
19990730,"1999-07-30 12:00:00","1999-07-30 12:00:00",1999,7,30,24.5,28,25.389,29.972,NA,NA,FALSE,FALSE
19990731,"1999-07-31 12:00:00","1999-07-31 12:00:00",1999,7,31,24.389,29.389,26.667,1.016,NA,NA,FALSE,FALSE
19990801,"1999-08-01 12:00:00","1999-08-01 12:00:00",1999,8,1,25.278,31,28.111,0,NA,NA,FALSE,FALSE
19990802,"1999-08-02 12:00:00","1999-08-02 12:00:00",1999,8,2,24.611,29,26.944,0,NA,NA,FALSE,FALSE
19990803,"1999-08-03 12:00:00","1999-08-03 12:00:00",1999,8,3,20.722,27.722,22.833,11.938,NA,NA,FALSE,FALSE
19990804,"1999-08-04 12:00:00","1999-08-04 12:00:00",1999,8,4,20.278,25.389,23.278,0,NA,NA,FALSE,FALSE
19990805,"1999-08-05 12:00:00","1999-08-05 12:00:00",1999,8,5,22,32.278,27.222,0,NA,NA,FALSE,FALSE
19990806,"1999-08-06 12:00:00","1999-08-06 12:00:00",1999,8,6,23.611,31.611,28.167,0.762,NA,NA,FALSE,FALSE
19990807,"1999-08-07 12:00:00","1999-08-07 12:00:00",1999,8,7,24.889,31.889,27.944,5.08,NA,NA,FALSE,FALSE
19990808,"1999-08-08 12:00:00","1999-08-08 12:00:00",1999,8,8,24.778,29.5,27.167,0,NA,NA,FALSE,FALSE
19990809,"1999-08-09 12:00:00","1999-08-09 12:00:00",1999,8,9,24.778,32.722,28.556,1.016,NA,NA,FALSE,FALSE
19990810,"1999-08-10 12:00:00","1999-08-10 12:00:00",1999,8,10,23.389,33.111,28.278,0,NA,NA,FALSE,FALSE
19990811,"1999-08-11 12:00:00","1999-08-11 12:00:00",1999,8,11,23.389,33.611,28.556,0,NA,NA,FALSE,FALSE
19990812,"1999-08-12 12:00:00","1999-08-12 12:00:00",1999,8,12,23.778,32.778,28.056,0,NA,NA,FALSE,FALSE
19990813,"1999-08-13 12:00:00","1999-08-13 12:00:00",1999,8,13,18.389,32.222,25.889,0,NA,NA,FALSE,FALSE
19990814,"1999-08-14 12:00:00","1999-08-14 12:00:00",1999,8,14,23.278,32.278,27.389,0,NA,NA,FALSE,FALSE
19990815,"1999-08-15 12:00:00","1999-08-15 12:00:00",1999,8,15,22.889,32.222,27.222,0,NA,NA,FALSE,FALSE
19990816,"1999-08-16 12:00:00","1999-08-16 12:00:00",1999,8,16,24.389,31.889,27.5,0,NA,NA,FALSE,FALSE
19990817,"1999-08-17 12:00:00","1999-08-17 12:00:00",1999,8,17,24,33.389,27.444,0,NA,NA,FALSE,FALSE
19990818,"1999-08-18 12:00:00","1999-08-18 12:00:00",1999,8,18,24.611,31.889,27.222,0,NA,NA,FALSE,FALSE
19990819,"1999-08-19 12:00:00","1999-08-19 12:00:00",1999,8,19,24.222,32.611,27.5,0.762,NA,NA,FALSE,FALSE
19990820,"1999-08-20 12:00:00","1999-08-20 12:00:00",1999,8,20,23.278,29.111,25.778,1.016,NA,NA,FALSE,FALSE
19990821,"1999-08-21 12:00:00","1999-08-21 12:00:00",1999,8,21,18.222,26.611,22.778,11.938,NA,NA,FALSE,FALSE
19990822,"1999-08-22 12:00:00","1999-08-22 12:00:00",1999,8,22,17.722,23.389,21.333,40.894,NA,NA,FALSE,FALSE
19990823,"1999-08-23 12:00:00","1999-08-23 12:00:00",1999,8,23,20.778,28.278,24.389,0,NA,NA,FALSE,FALSE
19990824,"1999-08-24 12:00:00","1999-08-24 12:00:00",1999,8,24,21.611,29.111,25.278,0,NA,NA,FALSE,FALSE
19990825,"1999-08-25 12:00:00","1999-08-25 12:00:00",1999,8,25,18.611,26.611,21.444,14.986,NA,NA,FALSE,FALSE
19990826,"1999-08-26 12:00:00","1999-08-26 12:00:00",1999,8,26,18.111,21.722,20.889,26.162,NA,NA,FALSE,FALSE
19990827,"1999-08-27 12:00:00","1999-08-27 12:00:00",1999,8,27,20.222,23.389,21.889,3.048,NA,NA,FALSE,FALSE
19990828,"1999-08-28 12:00:00","1999-08-28 12:00:00",1999,8,28,20.222,29.889,24.5,0,NA,NA,FALSE,FALSE
19990829,"1999-08-29 12:00:00","1999-08-29 12:00:00",1999,8,29,21.111,29.278,24.389,0,NA,NA,FALSE,FALSE
19990830,"1999-08-30 12:00:00","1999-08-30 12:00:00",1999,8,30,20.722,25.5,22.389,21.082,NA,NA,FALSE,FALSE
19990831,"1999-08-31 12:00:00","1999-08-31 12:00:00",1999,8,31,20.222,28,23.389,0,NA,NA,FALSE,FALSE
19990901,"1999-09-01 12:00:00","1999-09-01 12:00:00",1999,9,1,21,29.389,24.556,0,NA,NA,FALSE,FALSE
19990902,"1999-09-02 12:00:00","1999-09-02 12:00:00",1999,9,2,21.389,29,25.222,0,NA,NA,FALSE,FALSE
19990903,"1999-09-03 12:00:00","1999-09-03 12:00:00",1999,9,3,21.222,30.111,25.222,0,NA,NA,FALSE,FALSE
19990904,"1999-09-04 12:00:00","1999-09-04 12:00:00",1999,9,4,21.389,28.611,25.667,0,NA,NA,FALSE,FALSE
19990905,"1999-09-05 12:00:00","1999-09-05 12:00:00",1999,9,5,23.611,26.278,24.389,19.05,NA,NA,FALSE,FALSE
19990906,"1999-09-06 12:00:00","1999-09-06 12:00:00",1999,9,6,22.5,29.389,24.778,16.764,NA,NA,FALSE,FALSE
19990907,"1999-09-07 12:00:00","1999-09-07 12:00:00",1999,9,7,21.778,28,24.222,16.002,NA,NA,FALSE,FALSE
19990908,"1999-09-08 12:00:00","1999-09-08 12:00:00",1999,9,8,22,31,25.611,0,NA,NA,FALSE,FALSE
19990909,"1999-09-09 12:00:00","1999-09-09 12:00:00",1999,9,9,22.389,30.722,26.111,0.508,NA,NA,FALSE,FALSE
19990910,"1999-09-10 12:00:00","1999-09-10 12:00:00",1999,9,10,22.778,30.278,25.778,11.938,NA,NA,FALSE,FALSE
19990911,"1999-09-11 12:00:00","1999-09-11 12:00:00",1999,9,11,21.889,30.778,25.389,0,NA,NA,FALSE,FALSE
19990912,"1999-09-12 12:00:00","1999-09-12 12:00:00",1999,9,12,21.5,29.389,25.333,0,NA,NA,FALSE,FALSE
19990913,"1999-09-13 12:00:00","1999-09-13 12:00:00",1999,9,13,22.611,31.611,26.944,0,NA,NA,FALSE,FALSE
19990914,"1999-09-14 12:00:00","1999-09-14 12:00:00",1999,9,14,22.889,30.611,26.333,0,NA,NA,FALSE,FALSE
19990915,"1999-09-15 12:00:00","1999-09-15 12:00:00",1999,9,15,21.722,31.5,25.778,0,NA,NA,FALSE,FALSE
19990916,"1999-09-16 12:00:00","1999-09-16 12:00:00",1999,9,16,21.278,30.278,24.944,0,NA,NA,FALSE,FALSE
19990917,"1999-09-17 12:00:00","1999-09-17 12:00:00",1999,9,17,19,22.5,19.722,50.038,NA,NA,FALSE,FALSE
19990918,"1999-09-18 12:00:00","1999-09-18 12:00:00",1999,9,18,19.278,29.611,25.833,0,NA,NA,FALSE,FALSE
19990919,"1999-09-19 12:00:00","1999-09-19 12:00:00",1999,9,19,23.222,30.778,26.5,14.732,NA,NA,FALSE,FALSE
19990920,"1999-09-20 12:00:00","1999-09-20 12:00:00",1999,9,20,20.611,29.889,25.444,0,NA,NA,FALSE,FALSE
19990921,"1999-09-21 12:00:00","1999-09-21 12:00:00",1999,9,21,17.611,23.111,19.611,5.588,NA,NA,FALSE,FALSE
19990922,"1999-09-22 12:00:00","1999-09-22 12:00:00",1999,9,22,17.278,19.222,18.611,33.02,NA,NA,FALSE,FALSE
19990923,"1999-09-23 12:00:00","1999-09-23 12:00:00",1999,9,23,18.111,20,19.444,101.092,NA,NA,FALSE,FALSE
19990924,"1999-09-24 12:00:00","1999-09-24 12:00:00",1999,9,24,17.222,22.111,19.778,6.096,NA,NA,FALSE,FALSE
19990925,"1999-09-25 12:00:00","1999-09-25 12:00:00",1999,9,25,13.611,26.222,19.444,0,NA,NA,FALSE,FALSE
19990926,"1999-09-26 12:00:00","1999-09-26 12:00:00",1999,9,26,13.222,27.722,20.278,0,NA,NA,FALSE,FALSE
19990927,"1999-09-27 12:00:00","1999-09-27 12:00:00",1999,9,27,14,29.889,21.889,0,NA,NA,FALSE,FALSE
19990928,"1999-09-28 12:00:00","1999-09-28 12:00:00",1999,9,28,16.389,29.278,23.167,0,NA,NA,FALSE,FALSE
19990929,"1999-09-29 12:00:00","1999-09-29 12:00:00",1999,9,29,20.111,27.611,22.5,0.762,NA,NA,FALSE,FALSE
19990930,"1999-09-30 12:00:00","1999-09-30 12:00:00",1999,9,30,18.722,26.5,22.167,1.778,NA,NA,FALSE,FALSE
19991001,"1999-10-01 12:00:00","1999-10-01 12:00:00",1999,10,1,18.389,27.611,23.889,NA,NA,NA,FALSE,FALSE
19991002,"1999-10-02 12:00:00","1999-10-02 12:00:00",1999,10,2,12.222,23.778,15,3.048,NA,NA,FALSE,FALSE
19991003,"1999-10-03 12:00:00","1999-10-03 12:00:00",1999,10,3,10.722,20.722,14.389,0,NA,NA,FALSE,FALSE
19991004,"1999-10-04 12:00:00","1999-10-04 12:00:00",1999,10,4,10.111,21.5,15.611,0,NA,NA,FALSE,FALSE
19991005,"1999-10-05 12:00:00","1999-10-05 12:00:00",1999,10,5,11.111,18.778,15.556,0.762,NA,NA,FALSE,FALSE
19991006,"1999-10-06 12:00:00","1999-10-06 12:00:00",1999,10,6,10.111,16.111,12.833,0.762,NA,NA,FALSE,FALSE
19991007,"1999-10-07 12:00:00","1999-10-07 12:00:00",1999,10,7,10,21.611,16.722,0,NA,NA,FALSE,FALSE
19991008,"1999-10-08 12:00:00","1999-10-08 12:00:00",1999,10,8,12.5,25.722,18.111,0,NA,NA,FALSE,FALSE
19991009,"1999-10-09 12:00:00","1999-10-09 12:00:00",1999,10,9,12.111,25.722,19.5,NA,NA,NA,FALSE,FALSE
19991010,"1999-10-10 12:00:00","1999-10-10 12:00:00",1999,10,10,15.611,21.278,18.5,21.082,NA,NA,FALSE,FALSE
19991011,"1999-10-11 12:00:00","1999-10-11 12:00:00",1999,10,11,14.278,21.889,18.167,53.086,NA,NA,FALSE,FALSE
19991012,"1999-10-12 12:00:00","1999-10-12 12:00:00",1999,10,12,14.222,25.278,19.944,NA,NA,NA,FALSE,FALSE
19991013,"1999-10-13 12:00:00","1999-10-13 12:00:00",1999,10,13,15.611,19.222,16.944,6.096,NA,NA,FALSE,FALSE
19991014,"1999-10-14 12:00:00","1999-10-14 12:00:00",1999,10,14,14.222,22.778,18.444,1.524,NA,NA,FALSE,FALSE
19991015,"1999-10-15 12:00:00","1999-10-15 12:00:00",1999,10,15,9.611,21.222,15.389,12.192,NA,NA,FALSE,FALSE
19991016,"1999-10-16 12:00:00","1999-10-16 12:00:00",1999,10,16,2.889,14.611,7.222,0,NA,NA,FALSE,FALSE
19991017,"1999-10-17 12:00:00","1999-10-17 12:00:00",1999,10,17,2.778,16.611,11.056,0,NA,NA,FALSE,FALSE
19991018,"1999-10-18 12:00:00","1999-10-18 12:00:00",1999,10,18,6.5,18.389,11.667,0,NA,NA,FALSE,FALSE
19991019,"1999-10-19 12:00:00","1999-10-19 12:00:00",1999,10,19,6.222,19.778,12.111,0,NA,NA,FALSE,FALSE
19991020,"1999-10-20 12:00:00","1999-10-20 12:00:00",1999,10,20,6.889,20.722,13.778,0,NA,NA,FALSE,FALSE
19991021,"1999-10-21 12:00:00","1999-10-21 12:00:00",1999,10,21,8.222,20.778,15.611,0,NA,NA,FALSE,FALSE
19991022,"1999-10-22 12:00:00","1999-10-22 12:00:00",1999,10,22,10,22.722,15.556,0,NA,NA,FALSE,FALSE
19991023,"1999-10-23 12:00:00","1999-10-23 12:00:00",1999,10,23,10,21.889,16.444,0.762,NA,NA,FALSE,FALSE
19991024,"1999-10-24 12:00:00","1999-10-24 12:00:00",1999,10,24,8.778,21.278,14.833,0,NA,NA,FALSE,FALSE
19991025,"1999-10-25 12:00:00","1999-10-25 12:00:00",1999,10,25,8.278,22.778,15,0,NA,NA,FALSE,FALSE
19991026,"1999-10-26 12:00:00","1999-10-26 12:00:00",1999,10,26,9.222,20.111,15.556,0,NA,NA,FALSE,FALSE
19991027,"1999-10-27 12:00:00","1999-10-27 12:00:00",1999,10,27,10,22,15,0.762,NA,NA,FALSE,FALSE
19991028,"1999-10-28 12:00:00","1999-10-28 12:00:00",1999,10,28,9.5,21.722,16.667,0,NA,NA,FALSE,FALSE
19991029,"1999-10-29 12:00:00","1999-10-29 12:00:00",1999,10,29,5.222,16.889,10.444,7.874,NA,NA,FALSE,FALSE
19991030,"1999-10-30 12:00:00","1999-10-30 12:00:00",1999,10,30,4.611,19.222,13,0,NA,NA,FALSE,FALSE
19991031,"1999-10-31 12:00:00","1999-10-31 12:00:00",1999,10,31,8.778,12.778,11.222,20.066,NA,NA,FALSE,FALSE
19991101,"1999-11-01 12:00:00","1999-11-01 12:00:00",1999,11,1,7.278,12.611,9.611,8.89,NA,NA,FALSE,FALSE
19991102,"1999-11-02 12:00:00","1999-11-02 12:00:00",1999,11,2,5.611,12.611,9,1.524,NA,NA,FALSE,FALSE
19991103,"1999-11-03 12:00:00","1999-11-03 12:00:00",1999,11,3,3.722,13.778,9.5,0.762,NA,NA,FALSE,FALSE
19991104,"1999-11-04 12:00:00","1999-11-04 12:00:00",1999,11,4,3.111,16.222,9.778,0,NA,NA,FALSE,FALSE
19991105,"1999-11-05 12:00:00","1999-11-05 12:00:00",1999,11,5,4.278,19,13.167,0,NA,NA,FALSE,FALSE
19991106,"1999-11-06 12:00:00","1999-11-06 12:00:00",1999,11,6,7.778,20.778,13.389,0,NA,NA,FALSE,FALSE
19991107,"1999-11-07 12:00:00","1999-11-07 12:00:00",1999,11,7,7.111,20,14.722,NA,NA,NA,FALSE,FALSE
19991108,"1999-11-08 12:00:00","1999-11-08 12:00:00",1999,11,8,9.611,18,13.278,0.508,NA,NA,FALSE,FALSE
19991109,"1999-11-09 12:00:00","1999-11-09 12:00:00",1999,11,9,7.889,18.111,13.056,0,NA,NA,FALSE,FALSE
19991110,"1999-11-10 12:00:00","1999-11-10 12:00:00",1999,11,10,8.722,19.111,13.389,0,NA,NA,FALSE,FALSE
19991111,"1999-11-11 12:00:00","1999-11-11 12:00:00",1999,11,11,9.5,16.722,14.5,3.048,NA,NA,FALSE,FALSE
19991112,"1999-11-12 12:00:00","1999-11-12 12:00:00",1999,11,12,6.722,16.778,12,8.89,NA,NA,FALSE,FALSE
19991113,"1999-11-13 12:00:00","1999-11-13 12:00:00",1999,11,13,4.611,19.5,10.389,0,NA,NA,FALSE,FALSE
19991114,"1999-11-14 12:00:00","1999-11-14 12:00:00",1999,11,14,4,20,14.111,NA,NA,NA,FALSE,FALSE
19991115,"1999-11-15 12:00:00","1999-11-15 12:00:00",1999,11,15,6.611,13.778,9.944,0.762,NA,NA,FALSE,FALSE
19991116,"1999-11-16 12:00:00","1999-11-16 12:00:00",1999,11,16,4.111,12.278,7.722,0,NA,NA,FALSE,FALSE
19991117,"1999-11-17 12:00:00","1999-11-17 12:00:00",1999,11,17,4.778,9.889,7.333,0.762,NA,NA,FALSE,FALSE
19991118,"1999-11-18 12:00:00","1999-11-18 12:00:00",1999,11,18,0.222,11.889,6.167,0,NA,NA,FALSE,FALSE
19991119,"1999-11-19 12:00:00","1999-11-19 12:00:00",1999,11,19,0.111,14.111,8,0,NA,NA,FALSE,FALSE
19991120,"1999-11-20 12:00:00","1999-11-20 12:00:00",1999,11,20,2,16.389,9.278,1.524,NA,NA,FALSE,FALSE
19991121,"1999-11-21 12:00:00","1999-11-21 12:00:00",1999,11,21,1.389,16,8.333,0,NA,NA,FALSE,FALSE
19991122,"1999-11-22 12:00:00","1999-11-22 12:00:00",1999,11,22,2.889,18.722,10.833,0,NA,NA,FALSE,FALSE
19991123,"1999-11-23 12:00:00","1999-11-23 12:00:00",1999,11,23,5.5,20.889,12.778,0,NA,NA,FALSE,FALSE
19991124,"1999-11-24 12:00:00","1999-11-24 12:00:00",1999,11,24,5.778,20.778,13.444,3.048,NA,NA,FALSE,FALSE
19991125,"1999-11-25 12:00:00","1999-11-25 12:00:00",1999,11,25,3.889,12.889,6.722,3.048,NA,NA,FALSE,FALSE
19991126,"1999-11-26 12:00:00","1999-11-26 12:00:00",1999,11,26,0,5.111,1.333,0,NA,NA,FALSE,FALSE
19991127,"1999-11-27 12:00:00","1999-11-27 12:00:00",1999,11,27,-0.222,5.111,3.111,1.016,NA,NA,FALSE,FALSE
19991128,"1999-11-28 12:00:00","1999-11-28 12:00:00",1999,11,28,0.611,5.111,2.556,2.032,NA,NA,FALSE,FALSE
19991129,"1999-11-29 12:00:00","1999-11-29 12:00:00",1999,11,29,0.5,7.889,4.222,1.524,NA,NA,FALSE,FALSE
19991130,"1999-11-30 12:00:00","1999-11-30 12:00:00",1999,11,30,0.611,11.222,5.389,0,NA,NA,FALSE,FALSE
19991201,"1999-12-01 12:00:00","1999-12-01 12:00:00",1999,12,1,0.389,9.611,5.556,0,NA,NA,FALSE,FALSE
19991202,"1999-12-02 12:00:00","1999-12-02 12:00:00",1999,12,2,0.5,13.611,6.722,0,NA,NA,FALSE,FALSE
19991203,"1999-12-03 12:00:00","1999-12-03 12:00:00",1999,12,3,0.611,14.278,6.833,0,NA,NA,FALSE,FALSE
19991204,"1999-12-04 12:00:00","1999-12-04 12:00:00",1999,12,4,2.5,9.389,7.944,0,NA,NA,FALSE,FALSE
19991205,"1999-12-05 12:00:00","1999-12-05 12:00:00",1999,12,5,3,10.111,6.5,0.762,NA,NA,FALSE,FALSE
19991206,"1999-12-06 12:00:00","1999-12-06 12:00:00",1999,12,6,-0.111,6.222,2.889,6.096,NA,NA,FALSE,FALSE
19991207,"1999-12-07 12:00:00","1999-12-07 12:00:00",1999,12,7,-1,8.278,3.222,0,NA,NA,FALSE,FALSE
19991208,"1999-12-08 12:00:00","1999-12-08 12:00:00",1999,12,8,-1.5,9.889,7.389,0,NA,NA,FALSE,FALSE
19991209,"1999-12-09 12:00:00","1999-12-09 12:00:00",1999,12,9,-0.722,11.778,5.722,0,NA,NA,FALSE,FALSE
19991210,"1999-12-10 12:00:00","1999-12-10 12:00:00",1999,12,10,-1.111,13.778,7.111,0,NA,NA,FALSE,FALSE
19991211,"1999-12-11 12:00:00","1999-12-11 12:00:00",1999,12,11,-0.778,6.778,2.5,0,NA,NA,FALSE,FALSE
19991212,"1999-12-12 12:00:00","1999-12-12 12:00:00",1999,12,12,-1.278,7.778,3.444,0,NA,NA,FALSE,FALSE
19991213,"1999-12-13 12:00:00","1999-12-13 12:00:00",1999,12,13,0.222,9.778,4.056,0.762,NA,NA,FALSE,FALSE
19991214,"1999-12-14 12:00:00","1999-12-14 12:00:00",1999,12,14,-0.222,7.278,4.556,0,NA,NA,FALSE,FALSE
19991215,"1999-12-15 12:00:00","1999-12-15 12:00:00",1999,12,15,-0.611,9.5,4.222,0.508,NA,NA,FALSE,FALSE
19991216,"1999-12-16 12:00:00","1999-12-16 12:00:00",1999,12,16,-1.222,12.611,6.167,0,NA,NA,FALSE,FALSE
19991217,"1999-12-17 12:00:00","1999-12-17 12:00:00",1999,12,17,-1.5,5.611,0.833,NA,NA,NA,FALSE,FALSE
19991218,"1999-12-18 12:00:00","1999-12-18 12:00:00",1999,12,18,-3.5,1.722,-1.333,0.762,NA,NA,FALSE,FALSE
19991219,"1999-12-19 12:00:00","1999-12-19 12:00:00",1999,12,19,-5.722,-0.389,-3.333,8.128,NA,NA,FALSE,FALSE
19991220,"1999-12-20 12:00:00","1999-12-20 12:00:00",1999,12,20,-7.889,0.111,-4,4.064,NA,NA,FALSE,FALSE
19991221,"1999-12-21 12:00:00","1999-12-21 12:00:00",1999,12,21,-8.5,0.778,-3.833,0.762,NA,NA,FALSE,FALSE
19991222,"1999-12-22 12:00:00","1999-12-22 12:00:00",1999,12,22,-2.778,11.111,1.222,0.762,NA,NA,FALSE,FALSE
19991223,"1999-12-23 12:00:00","1999-12-23 12:00:00",1999,12,23,1.5,5.889,3.333,0.762,NA,NA,FALSE,FALSE
19991224,"1999-12-24 12:00:00","1999-12-24 12:00:00",1999,12,24,0.278,7.278,2.389,0,NA,NA,FALSE,FALSE
19991225,"1999-12-25 12:00:00","1999-12-25 12:00:00",1999,12,25,-0.722,4.389,1.222,2.032,NA,NA,FALSE,FALSE
19991226,"1999-12-26 12:00:00","1999-12-26 12:00:00",1999,12,26,-2,5.5,1.056,1.524,NA,NA,FALSE,FALSE
19991227,"1999-12-27 12:00:00","1999-12-27 12:00:00",1999,12,27,-3.722,10.722,2.667,0,NA,NA,FALSE,FALSE
19991228,"1999-12-28 12:00:00","1999-12-28 12:00:00",1999,12,28,-2.611,10.889,4.722,0.762,NA,NA,FALSE,FALSE
19991229,"1999-12-29 12:00:00","1999-12-29 12:00:00",1999,12,29,-2.778,8,1.778,0,NA,NA,FALSE,FALSE
19991230,"1999-12-30 12:00:00","1999-12-30 12:00:00",1999,12,30,-3.222,11.611,3.611,0,NA,NA,FALSE,FALSE
19991231,"1999-12-31 12:00:00","1999-12-31 12:00:00",1999,12,31,-1.722,11.389,5,0,NA,NA,FALSE,FALSE
20000101,"2000-01-01 12:00:00","2000-01-01 12:00:00",2000,1,1,1,12.778,7.556,0,NA,NA,FALSE,FALSE
20000102,"2000-01-02 12:00:00","2000-01-02 12:00:00",2000,1,2,1.722,8.611,4.833,2.032,NA,NA,FALSE,FALSE
20000103,"2000-01-03 12:00:00","2000-01-03 12:00:00",2000,1,3,-2.778,5.611,0.556,0,NA,NA,FALSE,FALSE
20000104,"2000-01-04 12:00:00","2000-01-04 12:00:00",2000,1,4,-3.111,12,5.444,0,NA,NA,FALSE,FALSE
20000105,"2000-01-05 12:00:00","2000-01-05 12:00:00",2000,1,5,4.5,15.278,9.944,7.874,NA,NA,FALSE,FALSE
20000106,"2000-01-06 12:00:00","2000-01-06 12:00:00",2000,1,6,-1.722,9.778,3.278,NA,NA,NA,FALSE,FALSE
20000107,"2000-01-07 12:00:00","2000-01-07 12:00:00",2000,1,7,-2.889,1.778,-1.056,0.762,NA,NA,FALSE,FALSE
20000108,"2000-01-08 12:00:00","2000-01-08 12:00:00",2000,1,8,-1.889,5.389,1,0,NA,NA,FALSE,FALSE
20000109,"2000-01-09 12:00:00","2000-01-09 12:00:00",2000,1,9,-0.611,3.278,1.444,2.032,NA,NA,FALSE,FALSE
20000110,"2000-01-10 12:00:00","2000-01-10 12:00:00",2000,1,10,-3.222,6.722,1.444,0,NA,NA,FALSE,FALSE
20000111,"2000-01-11 12:00:00","2000-01-11 12:00:00",2000,1,11,-3.722,8.889,4.722,0.762,NA,NA,FALSE,FALSE
20000112,"2000-01-12 12:00:00","2000-01-12 12:00:00",2000,1,12,3.611,11.111,7.5,1.016,NA,NA,FALSE,FALSE
20000113,"2000-01-13 12:00:00","2000-01-13 12:00:00",2000,1,13,1,7.5,2.5,1.778,NA,NA,FALSE,FALSE
20000114,"2000-01-14 12:00:00","2000-01-14 12:00:00",2000,1,14,-2.222,4.222,0.778,0,NA,NA,FALSE,FALSE
20000115,"2000-01-15 12:00:00","2000-01-15 12:00:00",2000,1,15,-2.889,7.222,2.333,0,NA,NA,FALSE,FALSE
20000116,"2000-01-16 12:00:00","2000-01-16 12:00:00",2000,1,16,-2.222,6.889,1.444,0,NA,NA,FALSE,FALSE
20000117,"2000-01-17 12:00:00","2000-01-17 12:00:00",2000,1,17,-2.889,5.278,0.389,0,NA,NA,FALSE,FALSE
20000118,"2000-01-18 12:00:00","2000-01-18 12:00:00",2000,1,18,-3.722,5,0.056,NA,NA,NA,FALSE,FALSE
20000119,"2000-01-19 12:00:00","2000-01-19 12:00:00",2000,1,19,-4.778,1.111,-3.167,2.54,NA,NA,FALSE,FALSE
20000120,"2000-01-20 12:00:00","2000-01-20 12:00:00",2000,1,20,-8.278,-1.611,-5.722,3.048,NA,NA,FALSE,FALSE
20000121,"2000-01-21 12:00:00","2000-01-21 12:00:00",2000,1,21,-8.5,0.778,-3.889,0,NA,NA,FALSE,FALSE
20000122,"2000-01-22 12:00:00","2000-01-22 12:00:00",2000,1,22,-2.222,4.222,1.722,3.048,NA,NA,FALSE,FALSE
20000123,"2000-01-23 12:00:00","2000-01-23 12:00:00",2000,1,23,1.278,8.278,4.444,8.128,NA,NA,FALSE,FALSE
20000124,"2000-01-24 12:00:00","2000-01-24 12:00:00",2000,1,24,-4.111,5.222,0.222,0,NA,NA,FALSE,FALSE
20000125,"2000-01-25 12:00:00","2000-01-25 12:00:00",2000,1,25,-6.278,0.611,-3.556,0.762,NA,NA,FALSE,FALSE
20000126,"2000-01-26 12:00:00","2000-01-26 12:00:00",2000,1,26,-8.111,-0.222,-4.833,1.016,NA,NA,FALSE,FALSE
20000127,"2000-01-27 12:00:00","2000-01-27 12:00:00",2000,1,27,-8.611,0.278,-4.111,0.762,NA,NA,FALSE,FALSE
20000128,"2000-01-28 12:00:00","2000-01-28 12:00:00",2000,1,28,-8.778,5.278,-1.556,0,NA,NA,FALSE,FALSE
20000129,"2000-01-29 12:00:00","2000-01-29 12:00:00",2000,1,29,-5.889,3.389,-0.167,0,NA,NA,FALSE,FALSE
20000130,"2000-01-30 12:00:00","2000-01-30 12:00:00",2000,1,30,-6.111,1.5,-2.556,0,NA,NA,FALSE,FALSE
20000131,"2000-01-31 12:00:00","2000-01-31 12:00:00",2000,1,31,-7.389,-1.5,-4.944,1.27,NA,NA,FALSE,FALSE
20000201,"2000-02-01 12:00:00","2000-02-01 12:00:00",2000,2,1,-7.611,0.889,-2.333,0,NA,NA,FALSE,FALSE
20000202,"2000-02-02 12:00:00","2000-02-02 12:00:00",2000,2,2,-3.278,3.722,-0.444,0,NA,NA,FALSE,FALSE
20000203,"2000-02-03 12:00:00","2000-02-03 12:00:00",2000,2,3,-3.222,4.889,0.833,0,NA,NA,FALSE,FALSE
20000204,"2000-02-04 12:00:00","2000-02-04 12:00:00",2000,2,4,-3.389,7.778,1.278,0,NA,NA,FALSE,FALSE
20000205,"2000-02-05 12:00:00","2000-02-05 12:00:00",2000,2,5,-3.611,8.222,3.778,1.016,NA,NA,FALSE,FALSE
20000206,"2000-02-06 12:00:00","2000-02-06 12:00:00",2000,2,6,-0.889,6.111,2.056,2.794,NA,NA,FALSE,FALSE
20000207,"2000-02-07 12:00:00","2000-02-07 12:00:00",2000,2,7,-4.111,6.222,0.222,0.762,NA,NA,FALSE,FALSE
20000208,"2000-02-08 12:00:00","2000-02-08 12:00:00",2000,2,8,-5.722,-1.778,-4.722,5.08,NA,NA,FALSE,FALSE
20000209,"2000-02-09 12:00:00","2000-02-09 12:00:00",2000,2,9,-6.778,2.389,-3.278,1.524,NA,NA,FALSE,FALSE
20000210,"2000-02-10 12:00:00","2000-02-10 12:00:00",2000,2,10,-7.611,6,0.111,0,NA,NA,FALSE,FALSE
20000211,"2000-02-11 12:00:00","2000-02-11 12:00:00",2000,2,11,-4,8.111,1.722,0,NA,NA,FALSE,FALSE
20000212,"2000-02-12 12:00:00","2000-02-12 12:00:00",2000,2,12,-3.278,9.722,3,0,NA,NA,FALSE,FALSE
20000213,"2000-02-13 12:00:00","2000-02-13 12:00:00",2000,2,13,-2.111,12.389,5.333,0,NA,NA,FALSE,FALSE
20000214,"2000-02-14 12:00:00","2000-02-14 12:00:00",2000,2,14,-4.278,5.222,0,0.762,NA,NA,FALSE,FALSE
20000215,"2000-02-15 12:00:00","2000-02-15 12:00:00",2000,2,15,-5.111,-1.222,-3.278,4.572,NA,NA,FALSE,FALSE
20000216,"2000-02-16 12:00:00","2000-02-16 12:00:00",2000,2,16,-6.778,0.889,-1.778,1.016,NA,NA,FALSE,FALSE
20000217,"2000-02-17 12:00:00","2000-02-17 12:00:00",2000,2,17,-5.222,4.278,-1.111,0,NA,NA,FALSE,FALSE
20000218,"2000-02-18 12:00:00","2000-02-18 12:00:00",2000,2,18,-5.611,6.722,2.167,0,NA,NA,FALSE,FALSE
20000219,"2000-02-19 12:00:00","2000-02-19 12:00:00",2000,2,19,1.111,9.611,4.667,0,NA,NA,FALSE,FALSE
20000220,"2000-02-20 12:00:00","2000-02-20 12:00:00",2000,2,20,-2.722,6.778,1,0,NA,NA,FALSE,FALSE
20000221,"2000-02-21 12:00:00","2000-02-21 12:00:00",2000,2,21,-3.278,5.889,0.556,0,NA,NA,FALSE,FALSE
20000222,"2000-02-22 12:00:00","2000-02-22 12:00:00",2000,2,22,-2.111,6.389,1.056,0,NA,NA,FALSE,FALSE
20000223,"2000-02-23 12:00:00","2000-02-23 12:00:00",2000,2,23,-2.278,10,3.167,0,NA,NA,FALSE,FALSE
20000224,"2000-02-24 12:00:00","2000-02-24 12:00:00",2000,2,24,-4.278,3.111,-1.222,0,NA,NA,FALSE,FALSE
20000225,"2000-02-25 12:00:00","2000-02-25 12:00:00",2000,2,25,-4.722,4.889,0.111,0,NA,NA,FALSE,FALSE
20000226,"2000-02-26 12:00:00","2000-02-26 12:00:00",2000,2,26,-2.222,5.278,1.333,1.524,NA,NA,FALSE,FALSE
20000227,"2000-02-27 12:00:00","2000-02-27 12:00:00",2000,2,27,-1.722,8.889,3.667,0,NA,NA,FALSE,FALSE
20000228,"2000-02-28 12:00:00","2000-02-28 12:00:00",2000,2,28,-5.389,3.5,-1.611,2.032,NA,NA,FALSE,FALSE
20000229,"2000-02-29 12:00:00","2000-02-29 12:00:00",2000,2,29,-6.222,6.722,0.5,0,NA,NA,FALSE,FALSE
20000301,"2000-03-01 12:00:00","2000-03-01 12:00:00",2000,3,1,-4.889,12,3.667,0,NA,NA,FALSE,FALSE
20000302,"2000-03-02 12:00:00","2000-03-02 12:00:00",2000,3,2,-2.111,17.389,7.778,0,NA,NA,FALSE,FALSE
20000303,"2000-03-03 12:00:00","2000-03-03 12:00:00",2000,3,3,-0.111,17.611,9.611,1.016,NA,NA,FALSE,FALSE
20000304,"2000-03-04 12:00:00","2000-03-04 12:00:00",2000,3,4,1.5,12.278,6.944,1.27,NA,NA,FALSE,FALSE
20000305,"2000-03-05 12:00:00","2000-03-05 12:00:00",2000,3,5,-1.778,14.611,5.444,0,NA,NA,FALSE,FALSE
20000306,"2000-03-06 12:00:00","2000-03-06 12:00:00",2000,3,6,-2.111,12.778,3.556,0,NA,NA,FALSE,FALSE
20000307,"2000-03-07 12:00:00","2000-03-07 12:00:00",2000,3,7,-2.5,5.889,0.778,0,NA,NA,FALSE,FALSE
20000308,"2000-03-08 12:00:00","2000-03-08 12:00:00",2000,3,8,-2.778,7.5,1.278,0.762,NA,NA,FALSE,FALSE
20000309,"2000-03-09 12:00:00","2000-03-09 12:00:00",2000,3,9,-2.778,7.889,2.389,0,NA,NA,FALSE,FALSE
20000310,"2000-03-10 12:00:00","2000-03-10 12:00:00",2000,3,10,-2.278,12.5,6.5,0,NA,NA,FALSE,FALSE
20000311,"2000-03-11 12:00:00","2000-03-11 12:00:00",2000,3,11,2.5,12.722,7.111,0,NA,NA,FALSE,FALSE
20000312,"2000-03-12 12:00:00","2000-03-12 12:00:00",2000,3,12,-0.889,15.389,5.889,0,NA,NA,FALSE,FALSE
20000313,"2000-03-13 12:00:00","2000-03-13 12:00:00",2000,3,13,-2.111,14.111,6.556,0,NA,NA,FALSE,FALSE
20000314,"2000-03-14 12:00:00","2000-03-14 12:00:00",2000,3,14,-1,15.278,7.333,0,NA,NA,FALSE,FALSE
20000315,"2000-03-15 12:00:00","2000-03-15 12:00:00",2000,3,15,-1.278,15.722,7.556,4.064,NA,NA,FALSE,FALSE
20000316,"2000-03-16 12:00:00","2000-03-16 12:00:00",2000,3,16,0.389,8,3.889,10.922,NA,NA,FALSE,FALSE
20000317,"2000-03-17 12:00:00","2000-03-17 12:00:00",2000,3,17,-0.278,15.389,8.333,0,NA,NA,FALSE,FALSE
20000318,"2000-03-18 12:00:00","2000-03-18 12:00:00",2000,3,18,1,17.889,11.056,NA,NA,NA,FALSE,FALSE
20000319,"2000-03-19 12:00:00","2000-03-19 12:00:00",2000,3,19,-0.611,10.5,4.167,1.27,NA,NA,FALSE,FALSE
20000320,"2000-03-20 12:00:00","2000-03-20 12:00:00",2000,3,20,-0.611,15.722,7.944,0,NA,NA,FALSE,FALSE
20000321,"2000-03-21 12:00:00","2000-03-21 12:00:00",2000,3,21,1.778,14.278,8.722,0,NA,NA,FALSE,FALSE
20000322,"2000-03-22 12:00:00","2000-03-22 12:00:00",2000,3,22,5,18.389,11.111,0.762,NA,NA,FALSE,FALSE
20000323,"2000-03-23 12:00:00","2000-03-23 12:00:00",2000,3,23,4.111,11.389,6.778,1.778,NA,NA,FALSE,FALSE
20000324,"2000-03-24 12:00:00","2000-03-24 12:00:00",2000,3,24,1.778,9.5,5.167,0,NA,NA,FALSE,FALSE
20000325,"2000-03-25 12:00:00","2000-03-25 12:00:00",2000,3,25,1,12.778,7.222,0,NA,NA,FALSE,FALSE
20000326,"2000-03-26 12:00:00","2000-03-26 12:00:00",2000,3,26,3.111,18.389,10.056,0,NA,NA,FALSE,FALSE
20000327,"2000-03-27 12:00:00","2000-03-27 12:00:00",2000,3,27,2.222,20.278,14.167,NA,NA,NA,FALSE,FALSE
20000328,"2000-03-28 12:00:00","2000-03-28 12:00:00",2000,3,28,5.222,14.278,7.5,1.016,NA,NA,FALSE,FALSE
20000329,"2000-03-29 12:00:00","2000-03-29 12:00:00",2000,3,29,1.111,11.389,5.889,0.762,NA,NA,FALSE,FALSE
20000330,"2000-03-30 12:00:00","2000-03-30 12:00:00",2000,3,30,0.611,16.778,10.111,0,NA,NA,FALSE,FALSE
20000331,"2000-03-31 12:00:00","2000-03-31 12:00:00",2000,3,31,5.278,19.611,11.389,0.762,NA,NA,FALSE,FALSE
20000401,"2000-04-01 12:00:00","2000-04-01 12:00:00",2000,4,1,4.611,21.611,13.444,0,NA,NA,FALSE,FALSE
20000402,"2000-04-02 12:00:00","2000-04-02 12:00:00",2000,4,2,7.722,22,15.111,0.762,NA,NA,FALSE,FALSE
20000403,"2000-04-03 12:00:00","2000-04-03 12:00:00",2000,4,3,8.278,22.889,15.5,0.762,NA,NA,FALSE,FALSE
20000404,"2000-04-04 12:00:00","2000-04-04 12:00:00",2000,4,4,7.722,19.111,13.167,0.762,NA,NA,FALSE,FALSE
20000405,"2000-04-05 12:00:00","2000-04-05 12:00:00",2000,4,5,1.778,15.222,7.778,0,NA,NA,FALSE,FALSE
20000406,"2000-04-06 12:00:00","2000-04-06 12:00:00",2000,4,6,1,16.722,9.056,0.762,NA,NA,FALSE,FALSE
20000407,"2000-04-07 12:00:00","2000-04-07 12:00:00",2000,4,7,0.111,15.111,8.111,0.762,NA,NA,FALSE,FALSE
20000408,"2000-04-08 12:00:00","2000-04-08 12:00:00",2000,4,8,-0.5,19.889,10.778,0,NA,NA,FALSE,FALSE
20000409,"2000-04-09 12:00:00","2000-04-09 12:00:00",2000,4,9,3,18.389,12.556,0.508,NA,NA,FALSE,FALSE
20000410,"2000-04-10 12:00:00","2000-04-10 12:00:00",2000,4,10,2.111,11.611,5,1.524,NA,NA,FALSE,FALSE
20000411,"2000-04-11 12:00:00","2000-04-11 12:00:00",2000,4,11,1.722,17.111,10.111,0,NA,NA,FALSE,FALSE
20000412,"2000-04-12 12:00:00","2000-04-12 12:00:00",2000,4,12,4.611,19.611,12.389,0,NA,NA,FALSE,FALSE
20000413,"2000-04-13 12:00:00","2000-04-13 12:00:00",2000,4,13,6.111,24.778,15.056,0.762,NA,NA,FALSE,FALSE
20000414,"2000-04-14 12:00:00","2000-04-14 12:00:00",2000,4,14,7.889,19.278,14.278,NA,NA,NA,FALSE,FALSE
20000415,"2000-04-15 12:00:00","2000-04-15 12:00:00",2000,4,15,4.222,18,10.111,0.762,NA,NA,FALSE,FALSE
20000416,"2000-04-16 12:00:00","2000-04-16 12:00:00",2000,4,16,3.889,19.222,12.5,0,NA,NA,FALSE,FALSE
20000417,"2000-04-17 12:00:00","2000-04-17 12:00:00",2000,4,17,7.722,20.5,14.222,0,NA,NA,FALSE,FALSE
20000418,"2000-04-18 12:00:00","2000-04-18 12:00:00",2000,4,18,8.389,21.611,17.5,NA,NA,NA,FALSE,FALSE
20000419,"2000-04-19 12:00:00","2000-04-19 12:00:00",2000,4,19,8.778,16.778,12.778,9.144,NA,NA,FALSE,FALSE
20000420,"2000-04-20 12:00:00","2000-04-20 12:00:00",2000,4,20,8.722,23.389,16.444,0,NA,NA,FALSE,FALSE
20000421,"2000-04-21 12:00:00","2000-04-21 12:00:00",2000,4,21,9.389,17,12.778,3.048,NA,NA,FALSE,FALSE
20000422,"2000-04-22 12:00:00","2000-04-22 12:00:00",2000,4,22,6.889,18.889,12.333,0.762,NA,NA,FALSE,FALSE
20000423,"2000-04-23 12:00:00","2000-04-23 12:00:00",2000,4,23,5.722,17.5,11.278,0.762,NA,NA,FALSE,FALSE
20000424,"2000-04-24 12:00:00","2000-04-24 12:00:00",2000,4,24,5,20.278,14,0,NA,NA,FALSE,FALSE
20000425,"2000-04-25 12:00:00","2000-04-25 12:00:00",2000,4,25,8.889,24,15,0.508,NA,NA,FALSE,FALSE
20000426,"2000-04-26 12:00:00","2000-04-26 12:00:00",2000,4,26,10.111,15.722,11.667,0.762,NA,NA,FALSE,FALSE
20000427,"2000-04-27 12:00:00","2000-04-27 12:00:00",2000,4,27,6.389,17.389,11.833,0,NA,NA,FALSE,FALSE
20000428,"2000-04-28 12:00:00","2000-04-28 12:00:00",2000,4,28,5.889,21.611,13,0,NA,NA,FALSE,FALSE
20000429,"2000-04-29 12:00:00","2000-04-29 12:00:00",2000,4,29,6.778,25.389,16.833,NA,NA,NA,FALSE,FALSE
20000430,"2000-04-30 12:00:00","2000-04-30 12:00:00",2000,4,30,10.611,22.222,15.111,1.27,NA,NA,FALSE,FALSE
20000501,"2000-05-01 12:00:00","2000-05-01 12:00:00",2000,5,1,8.778,24.722,14.944,0.762,NA,NA,FALSE,FALSE
20000502,"2000-05-02 12:00:00","2000-05-02 12:00:00",2000,5,2,7,21.5,14.111,0,NA,NA,FALSE,FALSE
20000503,"2000-05-03 12:00:00","2000-05-03 12:00:00",2000,5,3,6.778,24.611,16.167,0,NA,NA,FALSE,FALSE
20000504,"2000-05-04 12:00:00","2000-05-04 12:00:00",2000,5,4,9.889,26.778,18,0,NA,NA,FALSE,FALSE
20000505,"2000-05-05 12:00:00","2000-05-05 12:00:00",2000,5,5,10.889,27.889,19.722,0.762,NA,NA,FALSE,FALSE
20000506,"2000-05-06 12:00:00","2000-05-06 12:00:00",2000,5,6,6.389,19.611,12.556,1.524,NA,NA,FALSE,FALSE
20000507,"2000-05-07 12:00:00","2000-05-07 12:00:00",2000,5,7,5.778,23.111,15,0.762,NA,NA,FALSE,FALSE
20000508,"2000-05-08 12:00:00","2000-05-08 12:00:00",2000,5,8,6.889,26.5,17.611,0.762,NA,NA,FALSE,FALSE
20000509,"2000-05-09 12:00:00","2000-05-09 12:00:00",2000,5,9,10.611,29.778,21.667,0,NA,NA,FALSE,FALSE
20000510,"2000-05-10 12:00:00","2000-05-10 12:00:00",2000,5,10,11.222,16.722,13.889,14.732,NA,NA,FALSE,FALSE
20000511,"2000-05-11 12:00:00","2000-05-11 12:00:00",2000,5,11,9.611,19.611,14.278,0.762,NA,NA,FALSE,FALSE
20000512,"2000-05-12 12:00:00","2000-05-12 12:00:00",2000,5,12,9.611,20.778,15.167,0,NA,NA,FALSE,FALSE
20000513,"2000-05-13 12:00:00","2000-05-13 12:00:00",2000,5,13,9.778,19.222,13.556,12.954,NA,NA,FALSE,FALSE
20000514,"2000-05-14 12:00:00","2000-05-14 12:00:00",2000,5,14,9.222,23.778,17.278,0.762,NA,NA,FALSE,FALSE
20000515,"2000-05-15 12:00:00","2000-05-15 12:00:00",2000,5,15,13.5,23.889,18.389,2.032,NA,NA,FALSE,FALSE
20000516,"2000-05-16 12:00:00","2000-05-16 12:00:00",2000,5,16,12.111,21.389,16.5,0.762,NA,NA,FALSE,FALSE
20000517,"2000-05-17 12:00:00","2000-05-17 12:00:00",2000,5,17,12.111,21.889,16,0,NA,NA,FALSE,FALSE
20000518,"2000-05-18 12:00:00","2000-05-18 12:00:00",2000,5,18,12.389,23.389,18.167,NA,NA,NA,FALSE,FALSE
20000519,"2000-05-19 12:00:00","2000-05-19 12:00:00",2000,5,19,13.778,25.5,19.556,0,NA,NA,FALSE,FALSE
20000520,"2000-05-20 12:00:00","2000-05-20 12:00:00",2000,5,20,11.722,21.722,15.444,0,NA,NA,FALSE,FALSE
20000521,"2000-05-21 12:00:00","2000-05-21 12:00:00",2000,5,21,10.722,26.5,19.278,0,NA,NA,FALSE,FALSE
20000522,"2000-05-22 12:00:00","2000-05-22 12:00:00",2000,5,22,14.389,28.611,21.5,0,NA,NA,FALSE,FALSE
20000523,"2000-05-23 12:00:00","2000-05-23 12:00:00",2000,5,23,15.889,30.611,22.444,0,NA,NA,FALSE,FALSE
20000524,"2000-05-24 12:00:00","2000-05-24 12:00:00",2000,5,24,16.5,30.111,22.944,0,NA,NA,FALSE,FALSE
20000525,"2000-05-25 12:00:00","2000-05-25 12:00:00",2000,5,25,16.5,33.889,26.5,0,NA,NA,FALSE,FALSE
20000526,"2000-05-26 12:00:00","2000-05-26 12:00:00",2000,5,26,17.5,23.5,20,11.684,NA,NA,FALSE,FALSE
20000527,"2000-05-27 12:00:00","2000-05-27 12:00:00",2000,5,27,15,21.222,17.333,1.016,NA,NA,FALSE,FALSE
20000528,"2000-05-28 12:00:00","2000-05-28 12:00:00",2000,5,28,13.5,22.222,17.333,1.524,NA,NA,FALSE,FALSE
20000529,"2000-05-29 12:00:00","2000-05-29 12:00:00",2000,5,29,12.722,29.222,21.111,0.762,NA,NA,FALSE,FALSE
20000530,"2000-05-30 12:00:00","2000-05-30 12:00:00",2000,5,30,14,20.889,16.333,1.778,NA,NA,FALSE,FALSE
20000531,"2000-05-31 12:00:00","2000-05-31 12:00:00",2000,5,31,13.722,25.778,18.556,6.096,NA,NA,FALSE,FALSE
20000601,"2000-06-01 12:00:00","2000-06-01 12:00:00",2000,6,1,13.889,28.611,21.778,0,NA,NA,FALSE,FALSE
20000602,"2000-06-02 12:00:00","2000-06-02 12:00:00",2000,6,2,17.778,30.222,22.889,0,NA,NA,FALSE,FALSE
20000603,"2000-06-03 12:00:00","2000-06-03 12:00:00",2000,6,3,19.278,27.778,23.111,1.524,NA,NA,FALSE,FALSE
20000604,"2000-06-04 12:00:00","2000-06-04 12:00:00",2000,6,4,16.111,31.278,23.722,0.762,NA,NA,FALSE,FALSE
20000605,"2000-06-05 12:00:00","2000-06-05 12:00:00",2000,6,5,15.722,30.389,23.444,1.524,NA,NA,FALSE,FALSE
20000606,"2000-06-06 12:00:00","2000-06-06 12:00:00",2000,6,6,16,30.611,23,0,NA,NA,FALSE,FALSE
20000607,"2000-06-07 12:00:00","2000-06-07 12:00:00",2000,6,7,16.278,30.389,23.556,0,NA,NA,FALSE,FALSE
20000608,"2000-06-08 12:00:00","2000-06-08 12:00:00",2000,6,8,16,25.278,19.889,16.764,NA,NA,FALSE,FALSE
20000609,"2000-06-09 12:00:00","2000-06-09 12:00:00",2000,6,9,15.889,27,20.722,8.382,NA,NA,FALSE,FALSE
20000610,"2000-06-10 12:00:00","2000-06-10 12:00:00",2000,6,10,16.722,21.778,19,0.254,NA,NA,FALSE,FALSE
20000611,"2000-06-11 12:00:00","2000-06-11 12:00:00",2000,6,11,15.389,25.889,18.944,0,NA,NA,FALSE,FALSE
20000612,"2000-06-12 12:00:00","2000-06-12 12:00:00",2000,6,12,13.722,25.111,18.056,27.94,NA,NA,FALSE,FALSE
20000613,"2000-06-13 12:00:00","2000-06-13 12:00:00",2000,6,13,13.611,26.611,20.778,0,NA,NA,FALSE,FALSE
20000614,"2000-06-14 12:00:00","2000-06-14 12:00:00",2000,6,14,16.778,29.778,23.389,0,NA,NA,FALSE,FALSE
20000615,"2000-06-15 12:00:00","2000-06-15 12:00:00",2000,6,15,18.5,30.278,24,0,NA,NA,FALSE,FALSE
20000616,"2000-06-16 12:00:00","2000-06-16 12:00:00",2000,6,16,18.5,28.889,23.722,NA,NA,NA,FALSE,FALSE
20000617,"2000-06-17 12:00:00","2000-06-17 12:00:00",2000,6,17,18.5,29.778,23.611,1.524,NA,NA,FALSE,FALSE
20000618,"2000-06-18 12:00:00","2000-06-18 12:00:00",2000,6,18,18.389,30.722,23.389,0.762,NA,NA,FALSE,FALSE
20000619,"2000-06-19 12:00:00","2000-06-19 12:00:00",2000,6,19,18.778,32.722,25.278,0.762,NA,NA,FALSE,FALSE
20000620,"2000-06-20 12:00:00","2000-06-20 12:00:00",2000,6,20,20.389,29.389,24.333,0.762,NA,NA,FALSE,FALSE
20000621,"2000-06-21 12:00:00","2000-06-21 12:00:00",2000,6,21,20,31.111,25.222,1.524,NA,NA,FALSE,FALSE
20000622,"2000-06-22 12:00:00","2000-06-22 12:00:00",2000,6,22,19.611,23.611,21.278,26.416,NA,NA,FALSE,FALSE
20000623,"2000-06-23 12:00:00","2000-06-23 12:00:00",2000,6,23,20.889,25.722,22.278,1.27,NA,NA,FALSE,FALSE
20000624,"2000-06-24 12:00:00","2000-06-24 12:00:00",2000,6,24,21.5,26.611,23.111,0.508,NA,NA,FALSE,FALSE
20000625,"2000-06-25 12:00:00","2000-06-25 12:00:00",2000,6,25,21.278,27.722,23.222,0.254,NA,NA,FALSE,FALSE
20000626,"2000-06-26 12:00:00","2000-06-26 12:00:00",2000,6,26,21.111,23.222,22.5,66.04,NA,NA,FALSE,FALSE
20000627,"2000-06-27 12:00:00","2000-06-27 12:00:00",2000,6,27,21,23.278,21.889,39.116,NA,NA,FALSE,FALSE
20000628,"2000-06-28 12:00:00","2000-06-28 12:00:00",2000,6,28,20.778,27.778,23.833,0.508,NA,NA,FALSE,FALSE
20000629,"2000-06-29 12:00:00","2000-06-29 12:00:00",2000,6,29,20.611,26.111,23.556,0,NA,NA,FALSE,FALSE
20000630,"2000-06-30 12:00:00","2000-06-30 12:00:00",2000,6,30,22,26.222,24.389,14.478,NA,NA,FALSE,FALSE
20000701,"2000-07-01 12:00:00","2000-07-01 12:00:00",2000,7,1,23.222,28.389,25.111,0.762,NA,NA,FALSE,FALSE
20000702,"2000-07-02 12:00:00","2000-07-02 12:00:00",2000,7,2,23.222,32.5,27.722,0,NA,NA,FALSE,FALSE
20000703,"2000-07-03 12:00:00","2000-07-03 12:00:00",2000,7,3,23.611,31.722,27,0.508,NA,NA,FALSE,FALSE
20000704,"2000-07-04 12:00:00","2000-07-04 12:00:00",2000,7,4,23.611,32,27.222,1.016,NA,NA,FALSE,FALSE
20000705,"2000-07-05 12:00:00","2000-07-05 12:00:00",2000,7,5,22.611,33.611,27.278,1.524,NA,NA,FALSE,FALSE
20000706,"2000-07-06 12:00:00","2000-07-06 12:00:00",2000,7,6,22.611,32.889,26.667,0,NA,NA,FALSE,FALSE
20000707,"2000-07-07 12:00:00","2000-07-07 12:00:00",2000,7,7,22.389,33,26.278,1.016,NA,NA,FALSE,FALSE
20000708,"2000-07-08 12:00:00","2000-07-08 12:00:00",2000,7,8,22.111,29.611,24.611,0,NA,NA,FALSE,FALSE
20000709,"2000-07-09 12:00:00","2000-07-09 12:00:00",2000,7,9,20.722,31.278,25.611,1.524,NA,NA,FALSE,FALSE
20000710,"2000-07-10 12:00:00","2000-07-10 12:00:00",2000,7,10,20.278,26.222,24.5,71.12,NA,NA,FALSE,FALSE
20000711,"2000-07-11 12:00:00","2000-07-11 12:00:00",2000,7,11,21.389,27.111,23.556,9.652,NA,NA,FALSE,FALSE
20000712,"2000-07-12 12:00:00","2000-07-12 12:00:00",2000,7,12,21.111,30.111,25.944,0,NA,NA,FALSE,FALSE
20000713,"2000-07-13 12:00:00","2000-07-13 12:00:00",2000,7,13,23.278,31.889,26.111,NA,NA,NA,FALSE,FALSE
20000714,"2000-07-14 12:00:00","2000-07-14 12:00:00",2000,7,14,22,25.889,23.389,76.962,NA,NA,FALSE,FALSE
20000715,"2000-07-15 12:00:00","2000-07-15 12:00:00",2000,7,15,22.5,25.389,23.889,66.802,NA,NA,FALSE,FALSE
20000716,"2000-07-16 12:00:00","2000-07-16 12:00:00",2000,7,16,23.722,31.111,26.667,1.27,NA,NA,FALSE,FALSE
20000717,"2000-07-17 12:00:00","2000-07-17 12:00:00",2000,7,17,23.278,32.611,27.778,0.762,NA,NA,FALSE,FALSE
20000718,"2000-07-18 12:00:00","2000-07-18 12:00:00",2000,7,18,24.222,32.111,27.611,7.874,NA,NA,FALSE,FALSE
20000719,"2000-07-19 12:00:00","2000-07-19 12:00:00",2000,7,19,25.222,31.778,27.833,2.032,NA,NA,FALSE,FALSE
20000720,"2000-07-20 12:00:00","2000-07-20 12:00:00",2000,7,20,25.111,32.778,28.333,0.762,NA,NA,FALSE,FALSE
20000721,"2000-07-21 12:00:00","2000-07-21 12:00:00",2000,7,21,25.278,32.278,27.889,0.762,NA,NA,FALSE,FALSE
20000722,"2000-07-22 12:00:00","2000-07-22 12:00:00",2000,7,22,25.111,30.722,27.556,NA,NA,NA,FALSE,FALSE
20000723,"2000-07-23 12:00:00","2000-07-23 12:00:00",2000,7,23,24.111,26.389,24.944,56.896,NA,NA,FALSE,FALSE
20000724,"2000-07-24 12:00:00","2000-07-24 12:00:00",2000,7,24,22.889,30.889,26.111,18.796,NA,NA,FALSE,FALSE
20000725,"2000-07-25 12:00:00","2000-07-25 12:00:00",2000,7,25,22.389,32.222,26.5,0,NA,NA,FALSE,FALSE
20000726,"2000-07-26 12:00:00","2000-07-26 12:00:00",2000,7,26,22.389,31.222,26.5,0.762,NA,NA,FALSE,FALSE
20000727,"2000-07-27 12:00:00","2000-07-27 12:00:00",2000,7,27,22.278,33,27.889,0,NA,NA,FALSE,FALSE
20000728,"2000-07-28 12:00:00","2000-07-28 12:00:00",2000,7,28,24.389,34.278,29,0,NA,NA,FALSE,FALSE
20000729,"2000-07-29 12:00:00","2000-07-29 12:00:00",2000,7,29,26.222,33.222,29.5,0.762,NA,NA,FALSE,FALSE
20000730,"2000-07-30 12:00:00","2000-07-30 12:00:00",2000,7,30,22.722,31.889,26.389,6.858,NA,NA,FALSE,FALSE
20000731,"2000-07-31 12:00:00","2000-07-31 12:00:00",2000,7,31,20.889,30.111,25.111,2.794,NA,NA,FALSE,FALSE
20000801,"2000-08-01 12:00:00","2000-08-01 12:00:00",2000,8,1,20.722,31.722,26.556,0,NA,NA,FALSE,FALSE
20000802,"2000-08-02 12:00:00","2000-08-02 12:00:00",2000,8,2,22.222,32.611,27.056,1.524,NA,NA,FALSE,FALSE
20000803,"2000-08-03 12:00:00","2000-08-03 12:00:00",2000,8,3,23,29.389,25.944,1.524,NA,NA,FALSE,FALSE
20000804,"2000-08-04 12:00:00","2000-08-04 12:00:00",2000,8,4,22.722,29.5,25.278,25.908,NA,NA,FALSE,FALSE
20000805,"2000-08-05 12:00:00","2000-08-05 12:00:00",2000,8,5,23.611,29.889,26.722,2.032,NA,NA,FALSE,FALSE
20000806,"2000-08-06 12:00:00","2000-08-06 12:00:00",2000,8,6,24.222,32.389,27.444,0.762,NA,NA,FALSE,FALSE
20000807,"2000-08-07 12:00:00","2000-08-07 12:00:00",2000,8,7,23.389,31.722,26.611,33.02,NA,NA,FALSE,FALSE
20000808,"2000-08-08 12:00:00","2000-08-08 12:00:00",2000,8,8,23.278,31.278,26.5,32.004,NA,NA,FALSE,FALSE
20000809,"2000-08-09 12:00:00","2000-08-09 12:00:00",2000,8,9,22.778,32.389,27.278,0.762,NA,NA,FALSE,FALSE
20000810,"2000-08-10 12:00:00","2000-08-10 12:00:00",2000,8,10,23.111,32.611,27.778,0.762,NA,NA,FALSE,FALSE
20000811,"2000-08-11 12:00:00","2000-08-11 12:00:00",2000,8,11,23.389,32.278,26.556,25.908,NA,NA,FALSE,FALSE
20000812,"2000-08-12 12:00:00","2000-08-12 12:00:00",2000,8,12,23.778,33.889,28.5,0.762,NA,NA,FALSE,FALSE
20000813,"2000-08-13 12:00:00","2000-08-13 12:00:00",2000,8,13,24.111,33.111,28.5,0,NA,NA,FALSE,FALSE
20000814,"2000-08-14 12:00:00","2000-08-14 12:00:00",2000,8,14,22.889,32.389,27.278,0.762,NA,NA,FALSE,FALSE
20000815,"2000-08-15 12:00:00","2000-08-15 12:00:00",2000,8,15,22.778,32,27.722,NA,NA,NA,FALSE,FALSE
20000816,"2000-08-16 12:00:00","2000-08-16 12:00:00",2000,8,16,23.611,27.5,25.333,12.954,NA,NA,FALSE,FALSE
20000817,"2000-08-17 12:00:00","2000-08-17 12:00:00",2000,8,17,24.389,31.722,27.222,0.762,NA,NA,FALSE,FALSE
20000818,"2000-08-18 12:00:00","2000-08-18 12:00:00",2000,8,18,24,33.111,25.778,39.878,NA,NA,FALSE,FALSE
20000819,"2000-08-19 12:00:00","2000-08-19 12:00:00",2000,8,19,23.222,31.389,25.778,86.868,NA,NA,FALSE,FALSE
20000820,"2000-08-20 12:00:00","2000-08-20 12:00:00",2000,8,20,21.389,25.5,23.056,40.894,NA,NA,FALSE,FALSE
20000821,"2000-08-21 12:00:00","2000-08-21 12:00:00",2000,8,21,21.278,28.889,24.5,1.27,NA,NA,FALSE,FALSE
20000822,"2000-08-22 12:00:00","2000-08-22 12:00:00",2000,8,22,18.889,30.222,24.444,0.762,NA,NA,FALSE,FALSE
20000823,"2000-08-23 12:00:00","2000-08-23 12:00:00",2000,8,23,18.722,32.722,27.389,0,NA,NA,FALSE,FALSE
20000824,"2000-08-24 12:00:00","2000-08-24 12:00:00",2000,8,24,22.389,29.111,24,27.686,NA,NA,FALSE,FALSE
20000825,"2000-08-25 12:00:00","2000-08-25 12:00:00",2000,8,25,21,27.278,22.333,117.094,NA,NA,FALSE,FALSE
20000826,"2000-08-26 12:00:00","2000-08-26 12:00:00",2000,8,26,20.611,26.722,25,26.162,NA,NA,FALSE,FALSE
20000827,"2000-08-27 12:00:00","2000-08-27 12:00:00",2000,8,27,23.5,30.389,25.889,32.004,NA,NA,FALSE,FALSE
20000828,"2000-08-28 12:00:00","2000-08-28 12:00:00",2000,8,28,23.389,32.889,27.444,0,NA,NA,FALSE,FALSE
20000829,"2000-08-29 12:00:00","2000-08-29 12:00:00",2000,8,29,23.111,33.389,28.056,0,NA,NA,FALSE,FALSE
20000830,"2000-08-30 12:00:00","2000-08-30 12:00:00",2000,8,30,24.278,32.722,29.056,0.762,NA,NA,FALSE,FALSE
20000831,"2000-08-31 12:00:00","2000-08-31 12:00:00",2000,8,31,23.278,27.778,25.111,38.608,NA,NA,FALSE,FALSE
20000901,"2000-09-01 12:00:00","2000-09-01 12:00:00",2000,9,1,23,30.111,25.667,1.778,NA,NA,FALSE,FALSE
20000902,"2000-09-02 12:00:00","2000-09-02 12:00:00",2000,9,2,23.111,30.611,26.5,0.762,NA,NA,FALSE,FALSE
20000903,"2000-09-03 12:00:00","2000-09-03 12:00:00",2000,9,3,20,24.278,22.111,28.448,NA,NA,FALSE,FALSE
20000904,"2000-09-04 12:00:00","2000-09-04 12:00:00",2000,9,4,19.722,30.278,24.611,0.254,NA,NA,FALSE,FALSE
20000905,"2000-09-05 12:00:00","2000-09-05 12:00:00",2000,9,5,18.111,29.778,23.222,0,NA,NA,FALSE,FALSE
20000906,"2000-09-06 12:00:00","2000-09-06 12:00:00",2000,9,6,17.778,27.111,21.444,0,NA,NA,FALSE,FALSE
20000907,"2000-09-07 12:00:00","2000-09-07 12:00:00",2000,9,7,17.5,27.278,22,NA,NA,NA,FALSE,FALSE
20000908,"2000-09-08 12:00:00","2000-09-08 12:00:00",2000,9,8,18.889,19.889,19.389,9.144,NA,NA,FALSE,FALSE
20000909,"2000-09-09 12:00:00","2000-09-09 12:00:00",2000,9,9,18.778,23.611,20.944,0.254,NA,NA,FALSE,FALSE
20000910,"2000-09-10 12:00:00","2000-09-10 12:00:00",2000,9,10,19.111,24.722,21.667,NA,NA,NA,FALSE,FALSE
20000911,"2000-09-11 12:00:00","2000-09-11 12:00:00",2000,9,11,18,23.611,19.944,1.27,NA,NA,FALSE,FALSE
20000912,"2000-09-12 12:00:00","2000-09-12 12:00:00",2000,9,12,15.611,22.889,18.167,0,NA,NA,FALSE,FALSE
20000913,"2000-09-13 12:00:00","2000-09-13 12:00:00",2000,9,13,15.222,17.889,16.833,57.912,NA,NA,FALSE,FALSE
20000914,"2000-09-14 12:00:00","2000-09-14 12:00:00",2000,9,14,16.389,19.889,18.667,27.94,NA,NA,FALSE,FALSE
20000915,"2000-09-15 12:00:00","2000-09-15 12:00:00",2000,9,15,16.889,20.611,19,59.944,NA,NA,FALSE,FALSE
20000916,"2000-09-16 12:00:00","2000-09-16 12:00:00",2000,9,16,14.889,22.278,17.611,35.052,NA,NA,FALSE,FALSE
20000917,"2000-09-17 12:00:00","2000-09-17 12:00:00",2000,9,17,12.611,25.111,18.889,0,NA,NA,FALSE,FALSE
20000918,"2000-09-18 12:00:00","2000-09-18 12:00:00",2000,9,18,11.278,25.111,18,0,NA,NA,FALSE,FALSE
20000919,"2000-09-19 12:00:00","2000-09-19 12:00:00",2000,9,19,11,28,20.333,0,NA,NA,FALSE,FALSE
20000920,"2000-09-20 12:00:00","2000-09-20 12:00:00",2000,9,20,14.222,28.611,21.333,0,NA,NA,FALSE,FALSE
20000921,"2000-09-21 12:00:00","2000-09-21 12:00:00",2000,9,21,16.111,24.722,21.222,0.762,NA,NA,FALSE,FALSE
20000922,"2000-09-22 12:00:00","2000-09-22 12:00:00",2000,9,22,15.389,25.778,19.667,0.762,NA,NA,FALSE,FALSE
20000923,"2000-09-23 12:00:00","2000-09-23 12:00:00",2000,9,23,14.389,26.389,19.611,0,NA,NA,FALSE,FALSE
20000924,"2000-09-24 12:00:00","2000-09-24 12:00:00",2000,9,24,13.889,25.722,20,0.762,NA,NA,FALSE,FALSE
20000925,"2000-09-25 12:00:00","2000-09-25 12:00:00",2000,9,25,11.778,24.778,18.444,0,NA,NA,FALSE,FALSE
20000926,"2000-09-26 12:00:00","2000-09-26 12:00:00",2000,9,26,11.611,26.389,19.667,0,NA,NA,FALSE,FALSE
20000927,"2000-09-27 12:00:00","2000-09-27 12:00:00",2000,9,27,13.111,26.222,18.944,0.762,NA,NA,FALSE,FALSE
20000928,"2000-09-28 12:00:00","2000-09-28 12:00:00",2000,9,28,12.111,21.222,17.444,0.762,NA,NA,FALSE,FALSE
20000929,"2000-09-29 12:00:00","2000-09-29 12:00:00",2000,9,29,14.611,21.722,18.944,7.874,NA,NA,FALSE,FALSE
20000930,"2000-09-30 12:00:00","2000-09-30 12:00:00",2000,9,30,14.889,26.222,20.167,1.524,NA,NA,FALSE,FALSE
20001001,"2000-10-01 12:00:00","2000-10-01 12:00:00",2000,10,1,14.611,27.5,21.5,0.762,NA,NA,FALSE,FALSE
20001002,"2000-10-02 12:00:00","2000-10-02 12:00:00",2000,10,2,13,17,15.611,19.812,NA,NA,FALSE,FALSE
20001003,"2000-10-03 12:00:00","2000-10-03 12:00:00",2000,10,3,10.389,23.611,16.278,0,NA,NA,FALSE,FALSE
20001004,"2000-10-04 12:00:00","2000-10-04 12:00:00",2000,10,4,9.722,24.722,17.611,0,NA,NA,FALSE,FALSE
20001005,"2000-10-05 12:00:00","2000-10-05 12:00:00",2000,10,5,12,26.111,19.167,0,NA,NA,FALSE,FALSE
20001006,"2000-10-06 12:00:00","2000-10-06 12:00:00",2000,10,6,14.111,27.5,20.444,0,NA,NA,FALSE,FALSE
20001007,"2000-10-07 12:00:00","2000-10-07 12:00:00",2000,10,7,15.222,28.111,21,0,NA,NA,FALSE,FALSE
20001008,"2000-10-08 12:00:00","2000-10-08 12:00:00",2000,10,8,14.389,23.611,18.778,0,NA,NA,FALSE,FALSE
20001009,"2000-10-09 12:00:00","2000-10-09 12:00:00",2000,10,9,13.611,26.722,20.056,0,NA,NA,FALSE,FALSE
20001010,"2000-10-10 12:00:00","2000-10-10 12:00:00",2000,10,10,15.5,25.778,20.111,0,NA,NA,FALSE,FALSE
20001011,"2000-10-11 12:00:00","2000-10-11 12:00:00",2000,10,11,15,25.5,19.111,0,NA,NA,FALSE,FALSE
20001012,"2000-10-12 12:00:00","2000-10-12 12:00:00",2000,10,12,9.5,17.889,12.833,0,NA,NA,FALSE,FALSE
20001013,"2000-10-13 12:00:00","2000-10-13 12:00:00",2000,10,13,8.889,16.222,11.778,0,NA,NA,FALSE,FALSE
20001014,"2000-10-14 12:00:00","2000-10-14 12:00:00",2000,10,14,7.389,16.778,11.611,0,NA,NA,FALSE,FALSE
20001015,"2000-10-15 12:00:00","2000-10-15 12:00:00",2000,10,15,7,21.111,13.778,0,NA,NA,FALSE,FALSE
20001016,"2000-10-16 12:00:00","2000-10-16 12:00:00",2000,10,16,7.389,20.222,13.556,0,NA,NA,FALSE,FALSE
20001017,"2000-10-17 12:00:00","2000-10-17 12:00:00",2000,10,17,9.389,14.611,11.944,0.762,NA,NA,FALSE,FALSE
20001018,"2000-10-18 12:00:00","2000-10-18 12:00:00",2000,10,18,9.278,22.222,16.056,0,NA,NA,FALSE,FALSE
20001019,"2000-10-19 12:00:00","2000-10-19 12:00:00",2000,10,19,10.5,20.778,15.278,0,NA,NA,FALSE,FALSE
20001020,"2000-10-20 12:00:00","2000-10-20 12:00:00",2000,10,20,10.778,20.722,15.167,0,NA,NA,FALSE,FALSE
20001021,"2000-10-21 12:00:00","2000-10-21 12:00:00",2000,10,21,10.111,22.389,15.167,0,NA,NA,FALSE,FALSE
20001022,"2000-10-22 12:00:00","2000-10-22 12:00:00",2000,10,22,9.5,20,17.056,NA,NA,NA,FALSE,FALSE
20001023,"2000-10-23 12:00:00","2000-10-23 12:00:00",2000,10,23,12.722,25,18.389,5.588,NA,NA,FALSE,FALSE
20001024,"2000-10-24 12:00:00","2000-10-24 12:00:00",2000,10,24,14.889,22.611,19.111,0,NA,NA,FALSE,FALSE
20001025,"2000-10-25 12:00:00","2000-10-25 12:00:00",2000,10,25,10.389,20.278,14.667,0.762,NA,NA,FALSE,FALSE
20001026,"2000-10-26 12:00:00","2000-10-26 12:00:00",2000,10,26,8,19.278,12.333,0,NA,NA,FALSE,FALSE
20001027,"2000-10-27 12:00:00","2000-10-27 12:00:00",2000,10,27,7.778,21.611,15.167,NA,NA,NA,FALSE,FALSE
20001028,"2000-10-28 12:00:00","2000-10-28 12:00:00",2000,10,28,11.389,17.278,13.833,1.524,NA,NA,FALSE,FALSE
20001029,"2000-10-29 12:00:00","2000-10-29 12:00:00",2000,10,29,6.389,15.889,11.222,1.016,NA,NA,FALSE,FALSE
20001030,"2000-10-30 12:00:00","2000-10-30 12:00:00",2000,10,30,4.778,19.111,10.833,0,NA,NA,FALSE,FALSE
20001031,"2000-10-31 12:00:00","2000-10-31 12:00:00",2000,10,31,4.5,16.389,13.167,NA,NA,NA,FALSE,FALSE
20001101,"2000-11-01 12:00:00","2000-11-01 12:00:00",2000,11,1,10.222,14.5,11.611,7.62,NA,NA,FALSE,FALSE
20001102,"2000-11-02 12:00:00","2000-11-02 12:00:00",2000,11,2,8.111,19.889,13.056,5.842,NA,NA,FALSE,FALSE
20001103,"2000-11-03 12:00:00","2000-11-03 12:00:00",2000,11,3,7.5,21.5,13.778,0,NA,NA,FALSE,FALSE
20001104,"2000-11-04 12:00:00","2000-11-04 12:00:00",2000,11,4,8.722,20.889,14.167,0,NA,NA,FALSE,FALSE
20001105,"2000-11-05 12:00:00","2000-11-05 12:00:00",2000,11,5,6.278,19.889,12,0,NA,NA,FALSE,FALSE
20001106,"2000-11-06 12:00:00","2000-11-06 12:00:00",2000,11,6,5.222,22.111,14,0,NA,NA,FALSE,FALSE
20001107,"2000-11-07 12:00:00","2000-11-07 12:00:00",2000,11,7,3.5,20.889,11.333,0,NA,NA,FALSE,FALSE
20001108,"2000-11-08 12:00:00","2000-11-08 12:00:00",2000,11,8,1.611,11.278,4.889,0,NA,NA,FALSE,FALSE
20001109,"2000-11-09 12:00:00","2000-11-09 12:00:00",2000,11,9,0.5,17.5,10.167,0,NA,NA,FALSE,FALSE
20001110,"2000-11-10 12:00:00","2000-11-10 12:00:00",2000,11,10,1.611,17.389,8,0,NA,NA,FALSE,FALSE
20001111,"2000-11-11 12:00:00","2000-11-11 12:00:00",2000,11,11,0.889,9.722,5.333,0,NA,NA,FALSE,FALSE
20001112,"2000-11-12 12:00:00","2000-11-12 12:00:00",2000,11,12,1.5,11.722,5.833,0.762,NA,NA,FALSE,FALSE
20001113,"2000-11-13 12:00:00","2000-11-13 12:00:00",2000,11,13,0.722,14.111,8.056,0,NA,NA,FALSE,FALSE
20001114,"2000-11-14 12:00:00","2000-11-14 12:00:00",2000,11,14,2.278,14.222,10.611,0,NA,NA,FALSE,FALSE
20001115,"2000-11-15 12:00:00","2000-11-15 12:00:00",2000,11,15,8.222,10.722,9,5.842,NA,NA,FALSE,FALSE
20001116,"2000-11-16 12:00:00","2000-11-16 12:00:00",2000,11,16,8.611,10.889,9.333,13.462,NA,NA,FALSE,FALSE
20001117,"2000-11-17 12:00:00","2000-11-17 12:00:00",2000,11,17,3.722,10.278,6.889,0.508,NA,NA,FALSE,FALSE
20001118,"2000-11-18 12:00:00","2000-11-18 12:00:00",2000,11,18,0.611,12.389,5.444,0,NA,NA,FALSE,FALSE
20001119,"2000-11-19 12:00:00","2000-11-19 12:00:00",2000,11,19,-0.111,15.389,10.389,0.762,NA,NA,FALSE,FALSE
20001120,"2000-11-20 12:00:00","2000-11-20 12:00:00",2000,11,20,4,10.111,6.889,20.066,NA,NA,FALSE,FALSE
20001121,"2000-11-21 12:00:00","2000-11-21 12:00:00",2000,11,21,-2.722,6.722,1.5,0,NA,NA,FALSE,FALSE
20001122,"2000-11-22 12:00:00","2000-11-22 12:00:00",2000,11,22,-3,11,3.833,0,NA,NA,FALSE,FALSE
20001123,"2000-11-23 12:00:00","2000-11-23 12:00:00",2000,11,23,-1.389,14.722,6,0,NA,NA,FALSE,FALSE
20001124,"2000-11-24 12:00:00","2000-11-24 12:00:00",2000,11,24,0.389,16.722,9.056,0,NA,NA,FALSE,FALSE
20001125,"2000-11-25 12:00:00","2000-11-25 12:00:00",2000,11,25,4.111,17.889,9.889,0,NA,NA,FALSE,FALSE
20001126,"2000-11-26 12:00:00","2000-11-26 12:00:00",2000,11,26,2.778,11.778,7.889,0,NA,NA,FALSE,FALSE
20001127,"2000-11-27 12:00:00","2000-11-27 12:00:00",2000,11,27,-0.889,9.5,4.278,0,NA,NA,FALSE,FALSE
20001128,"2000-11-28 12:00:00","2000-11-28 12:00:00",2000,11,28,-1.778,10.222,3.944,0,NA,NA,FALSE,FALSE
20001129,"2000-11-29 12:00:00","2000-11-29 12:00:00",2000,11,29,-2.222,10.889,5.278,0,NA,NA,FALSE,FALSE
20001130,"2000-11-30 12:00:00","2000-11-30 12:00:00",2000,11,30,2.889,10.111,6.333,1.016,NA,NA,FALSE,FALSE
20001201,"2000-12-01 12:00:00","2000-12-01 12:00:00",2000,12,1,2,14.611,7.389,0.762,NA,NA,FALSE,FALSE
20001202,"2000-12-02 12:00:00","2000-12-02 12:00:00",2000,12,2,1.111,16.222,9.389,0,NA,NA,FALSE,FALSE
20001203,"2000-12-03 12:00:00","2000-12-03 12:00:00",2000,12,3,-1.722,11,4.389,0,NA,NA,FALSE,FALSE
20001204,"2000-12-04 12:00:00","2000-12-04 12:00:00",2000,12,4,-2.889,10.389,3.833,NA,NA,NA,FALSE,FALSE
20001205,"2000-12-05 12:00:00","2000-12-05 12:00:00",2000,12,5,-1.222,9.889,3.167,0.762,NA,NA,FALSE,FALSE
20001206,"2000-12-06 12:00:00","2000-12-06 12:00:00",2000,12,6,-1.889,10.778,3.5,0,NA,NA,FALSE,FALSE
20001207,"2000-12-07 12:00:00","2000-12-07 12:00:00",2000,12,7,-2.111,13.389,5.167,0,NA,NA,FALSE,FALSE
20001208,"2000-12-08 12:00:00","2000-12-08 12:00:00",2000,12,8,-0.722,14.5,6.056,0,NA,NA,FALSE,FALSE
20001209,"2000-12-09 12:00:00","2000-12-09 12:00:00",2000,12,9,-1.222,16.722,9.111,0,NA,NA,FALSE,FALSE
20001210,"2000-12-10 12:00:00","2000-12-10 12:00:00",2000,12,10,-3.5,6.889,2.5,1.524,NA,NA,FALSE,FALSE
20001211,"2000-12-11 12:00:00","2000-12-11 12:00:00",2000,12,11,-6.389,0.889,-3.333,0,NA,NA,FALSE,FALSE
20001212,"2000-12-12 12:00:00","2000-12-12 12:00:00",2000,12,12,-6.611,2.222,-1.611,NA,NA,NA,FALSE,FALSE
20001213,"2000-12-13 12:00:00","2000-12-13 12:00:00",2000,12,13,-3.278,7.778,1.833,NA,NA,NA,FALSE,FALSE
20001214,"2000-12-14 12:00:00","2000-12-14 12:00:00",2000,12,14,-2.278,10,2.722,0,NA,NA,FALSE,FALSE
20001215,"2000-12-15 12:00:00","2000-12-15 12:00:00",2000,12,15,-1.889,13,6.944,0,NA,NA,FALSE,FALSE
20001216,"2000-12-16 12:00:00","2000-12-16 12:00:00",2000,12,16,-1.389,9.778,3.222,0,NA,NA,FALSE,FALSE
20001217,"2000-12-17 12:00:00","2000-12-17 12:00:00",2000,12,17,-1.611,11.389,3.889,0,NA,NA,FALSE,FALSE
20001218,"2000-12-18 12:00:00","2000-12-18 12:00:00",2000,12,18,-0.222,11.278,7.111,0.508,NA,NA,FALSE,FALSE
20001219,"2000-12-19 12:00:00","2000-12-19 12:00:00",2000,12,19,1.5,8.5,4.389,0.508,NA,NA,FALSE,FALSE
20001220,"2000-12-20 12:00:00","2000-12-20 12:00:00",2000,12,20,0.278,6.5,2.722,0,NA,NA,FALSE,FALSE
20001221,"2000-12-21 12:00:00","2000-12-21 12:00:00",2000,12,21,-3.778,9.611,2,0,NA,NA,FALSE,FALSE
20001222,"2000-12-22 12:00:00","2000-12-22 12:00:00",2000,12,22,-4.5,11.222,5.278,0,NA,NA,FALSE,FALSE
20001223,"2000-12-23 12:00:00","2000-12-23 12:00:00",2000,12,23,0.611,8.222,3.333,2.032,NA,NA,FALSE,FALSE
20001224,"2000-12-24 12:00:00","2000-12-24 12:00:00",2000,12,24,-0.389,6.611,3.667,0.762,NA,NA,FALSE,FALSE
20001225,"2000-12-25 12:00:00","2000-12-25 12:00:00",2000,12,25,-4,4.5,-2.111,2.032,NA,NA,FALSE,FALSE
20001226,"2000-12-26 12:00:00","2000-12-26 12:00:00",2000,12,26,-5.778,0,-3.611,0,NA,NA,FALSE,FALSE
20001227,"2000-12-27 12:00:00","2000-12-27 12:00:00",2000,12,27,-6.5,5.222,1.167,NA,NA,NA,FALSE,FALSE
20001228,"2000-12-28 12:00:00","2000-12-28 12:00:00",2000,12,28,-5.278,5.278,-0.222,0.762,NA,NA,FALSE,FALSE
20001229,"2000-12-29 12:00:00","2000-12-29 12:00:00",2000,12,29,-5.611,8.278,1.278,0,NA,NA,FALSE,FALSE
20001230,"2000-12-30 12:00:00","2000-12-30 12:00:00",2000,12,30,-2.111,10.778,4.722,0,NA,NA,FALSE,FALSE
20001231,"2000-12-31 12:00:00","2000-12-31 12:00:00",2000,12,31,-5.389,5,-1.944,0.762,NA,NA,FALSE,FALSE
20010101,"2001-01-01 12:00:00","2001-01-01 12:00:00",2001,1,1,-6.778,3.778,1.056,NA,NA,NA,FALSE,FALSE
20010102,"2001-01-02 12:00:00","2001-01-02 12:00:00",2001,1,2,-3.389,6.611,1.389,0.762,NA,NA,FALSE,FALSE
20010103,"2001-01-03 12:00:00","2001-01-03 12:00:00",2001,1,3,-4.278,2.778,-1.389,0.762,NA,NA,FALSE,FALSE
20010104,"2001-01-04 12:00:00","2001-01-04 12:00:00",2001,1,4,-6.389,0.278,-4.111,0.508,NA,NA,FALSE,FALSE
20010105,"2001-01-05 12:00:00","2001-01-05 12:00:00",2001,1,5,-6.611,3.222,-1.833,0,NA,NA,FALSE,FALSE
20010106,"2001-01-06 12:00:00","2001-01-06 12:00:00",2001,1,6,-4.278,4.722,2.5,NA,NA,NA,FALSE,FALSE
20010107,"2001-01-07 12:00:00","2001-01-07 12:00:00",2001,1,7,0.778,8.389,5,11.938,NA,NA,FALSE,FALSE
20010108,"2001-01-08 12:00:00","2001-01-08 12:00:00",2001,1,8,2.222,11.389,6.833,0,NA,NA,FALSE,FALSE
20010109,"2001-01-09 12:00:00","2001-01-09 12:00:00",2001,1,9,-2.611,6.278,1.889,0,NA,NA,FALSE,FALSE
20010110,"2001-01-10 12:00:00","2001-01-10 12:00:00",2001,1,10,-3.722,3.778,-0.833,6.35,NA,NA,FALSE,FALSE
20010111,"2001-01-11 12:00:00","2001-01-11 12:00:00",2001,1,11,-6.611,5.111,-1.111,0,NA,NA,FALSE,FALSE
20010112,"2001-01-12 12:00:00","2001-01-12 12:00:00",2001,1,12,-7.111,0.389,-3.222,NA,NA,NA,FALSE,FALSE
20010113,"2001-01-13 12:00:00","2001-01-13 12:00:00",2001,1,13,-8.889,2.389,-5,6.096,NA,NA,FALSE,FALSE
20010114,"2001-01-14 12:00:00","2001-01-14 12:00:00",2001,1,14,-12.222,-3.111,-8.944,13.208,NA,NA,FALSE,FALSE
20010115,"2001-01-15 12:00:00","2001-01-15 12:00:00",2001,1,15,-12.5,-4.611,-8.611,8.89,NA,NA,FALSE,FALSE
20010116,"2001-01-16 12:00:00","2001-01-16 12:00:00",2001,1,16,-11.611,-1.611,-6.389,0.762,NA,NA,FALSE,FALSE
20010117,"2001-01-17 12:00:00","2001-01-17 12:00:00",2001,1,17,-9.722,2.222,-3.5,0,NA,NA,FALSE,FALSE
20010118,"2001-01-18 12:00:00","2001-01-18 12:00:00",2001,1,18,-8.722,7.778,0.5,0,NA,NA,FALSE,FALSE
20010119,"2001-01-19 12:00:00","2001-01-19 12:00:00",2001,1,19,-4.222,4.389,2.111,0.254,NA,NA,FALSE,FALSE
20010120,"2001-01-20 12:00:00","2001-01-20 12:00:00",2001,1,20,-1.889,9.111,2.833,15.748,NA,NA,FALSE,FALSE
20010121,"2001-01-21 12:00:00","2001-01-21 12:00:00",2001,1,21,-2.111,7.222,2.111,0,NA,NA,FALSE,FALSE
20010122,"2001-01-22 12:00:00","2001-01-22 12:00:00",2001,1,22,-1.278,8.722,2.389,0,NA,NA,FALSE,FALSE
20010123,"2001-01-23 12:00:00","2001-01-23 12:00:00",2001,1,23,-2.278,7.5,1.722,0,NA,NA,FALSE,FALSE
20010124,"2001-01-24 12:00:00","2001-01-24 12:00:00",2001,1,24,-1.778,7.278,4.056,0,NA,NA,FALSE,FALSE
20010125,"2001-01-25 12:00:00","2001-01-25 12:00:00",2001,1,25,3.389,8.5,5.056,NA,NA,NA,FALSE,FALSE
20010126,"2001-01-26 12:00:00","2001-01-26 12:00:00",2001,1,26,0.5,9,4.389,NA,NA,NA,FALSE,FALSE
20010127,"2001-01-27 12:00:00","2001-01-27 12:00:00",2001,1,27,0.389,5.722,2.056,4.064,NA,NA,FALSE,FALSE
20010128,"2001-01-28 12:00:00","2001-01-28 12:00:00",2001,1,28,-3.5,3.111,-1.056,3.048,NA,NA,FALSE,FALSE
20010129,"2001-01-29 12:00:00","2001-01-29 12:00:00",2001,1,29,-4.278,5.5,0.444,0,NA,NA,FALSE,FALSE
20010130,"2001-01-30 12:00:00","2001-01-30 12:00:00",2001,1,30,-3.111,6.778,1.222,0.762,NA,NA,FALSE,FALSE
20010131,"2001-01-31 12:00:00","2001-01-31 12:00:00",2001,1,31,-3.278,6.611,3,NA,NA,NA,FALSE,FALSE
20010201,"2001-02-01 12:00:00","2001-02-01 12:00:00",2001,2,1,-6.722,4.611,-2.667,0.762,NA,NA,FALSE,FALSE
20010202,"2001-02-02 12:00:00","2001-02-02 12:00:00",2001,2,2,-7.389,4.389,-1.5,0,NA,NA,FALSE,FALSE
20010203,"2001-02-03 12:00:00","2001-02-03 12:00:00",2001,2,3,-6.222,8.111,3.056,0,NA,NA,FALSE,FALSE
20010204,"2001-02-04 12:00:00","2001-02-04 12:00:00",2001,2,4,-1,10.389,4.611,0,NA,NA,FALSE,FALSE
20010205,"2001-02-05 12:00:00","2001-02-05 12:00:00",2001,2,5,-1.722,13,6.667,0,NA,NA,FALSE,FALSE
20010206,"2001-02-06 12:00:00","2001-02-06 12:00:00",2001,2,6,2.222,11.722,5.444,0,NA,NA,FALSE,FALSE
20010207,"2001-02-07 12:00:00","2001-02-07 12:00:00",2001,2,7,-4.278,5.889,-0.111,NA,NA,NA,FALSE,FALSE
20010208,"2001-02-08 12:00:00","2001-02-08 12:00:00",2001,2,8,-5.5,2.111,-2.444,0,NA,NA,FALSE,FALSE
20010209,"2001-02-09 12:00:00","2001-02-09 12:00:00",2001,2,9,-6.278,4.722,-0.167,0.762,NA,NA,FALSE,FALSE
20010210,"2001-02-10 12:00:00","2001-02-10 12:00:00",2001,2,10,-3.778,8.611,1.556,0,NA,NA,FALSE,FALSE
20010211,"2001-02-11 12:00:00","2001-02-11 12:00:00",2001,2,11,-4.111,5.889,1.667,0,NA,NA,FALSE,FALSE
20010212,"2001-02-12 12:00:00","2001-02-12 12:00:00",2001,2,12,-2.778,2.778,-0.611,0,NA,NA,FALSE,FALSE
20010213,"2001-02-13 12:00:00","2001-02-13 12:00:00",2001,2,13,-4.222,5,-0.944,NA,NA,NA,FALSE,FALSE
20010214,"2001-02-14 12:00:00","2001-02-14 12:00:00",2001,2,14,-5,3.778,-0.889,0.762,NA,NA,FALSE,FALSE
20010215,"2001-02-15 12:00:00","2001-02-15 12:00:00",2001,2,15,-6,9,1.444,2.032,NA,NA,FALSE,FALSE
20010216,"2001-02-16 12:00:00","2001-02-16 12:00:00",2001,2,16,-6.111,2.111,-2.556,1.016,NA,NA,FALSE,FALSE
20010217,"2001-02-17 12:00:00","2001-02-17 12:00:00",2001,2,17,-7.722,7.111,1.278,0,NA,NA,FALSE,FALSE
20010218,"2001-02-18 12:00:00","2001-02-18 12:00:00",2001,2,18,-0.722,10.778,4.111,0,NA,NA,FALSE,FALSE
20010219,"2001-02-19 12:00:00","2001-02-19 12:00:00",2001,2,19,-1,14,5.5,0,NA,NA,FALSE,FALSE
20010220,"2001-02-20 12:00:00","2001-02-20 12:00:00",2001,2,20,-0.722,15.889,8.333,0,NA,NA,FALSE,FALSE
20010221,"2001-02-21 12:00:00","2001-02-21 12:00:00",2001,2,21,0.722,8.611,4.556,5.08,NA,NA,FALSE,FALSE
20010222,"2001-02-22 12:00:00","2001-02-22 12:00:00",2001,2,22,0.5,17.5,8.833,NA,NA,NA,FALSE,FALSE
20010223,"2001-02-23 12:00:00","2001-02-23 12:00:00",2001,2,23,4.278,7.389,6.111,23.114,NA,NA,FALSE,FALSE
20010224,"2001-02-24 12:00:00","2001-02-24 12:00:00",2001,2,24,-1.722,4.5,1.389,10.922,NA,NA,FALSE,FALSE
20010225,"2001-02-25 12:00:00","2001-02-25 12:00:00",2001,2,25,-2.278,5.778,1.167,0,NA,NA,FALSE,FALSE
20010226,"2001-02-26 12:00:00","2001-02-26 12:00:00",2001,2,26,-2.722,10.389,3.056,0,NA,NA,FALSE,FALSE
20010227,"2001-02-27 12:00:00","2001-02-27 12:00:00",2001,2,27,-1.278,9.722,5.833,11.938,NA,NA,FALSE,FALSE
20010228,"2001-02-28 12:00:00","2001-02-28 12:00:00",2001,2,28,3.222,11.111,6,29.972,NA,NA,FALSE,FALSE
20010301,"2001-03-01 12:00:00","2001-03-01 12:00:00",2001,3,1,2.111,10.889,5.444,5.08,NA,NA,FALSE,FALSE
20010302,"2001-03-02 12:00:00","2001-03-02 12:00:00",2001,3,2,1.778,12.222,6.5,0,NA,NA,FALSE,FALSE
20010303,"2001-03-03 12:00:00","2001-03-03 12:00:00",2001,3,3,-0.5,12.222,4.611,1.016,NA,NA,FALSE,FALSE
20010304,"2001-03-04 12:00:00","2001-03-04 12:00:00",2001,3,4,-1.111,1.778,-0.389,3.048,NA,NA,FALSE,FALSE
20010305,"2001-03-05 12:00:00","2001-03-05 12:00:00",2001,3,5,-1.389,8.778,4.444,1.524,NA,NA,FALSE,FALSE
20010306,"2001-03-06 12:00:00","2001-03-06 12:00:00",2001,3,6,0.778,13.111,6.778,0,NA,NA,FALSE,FALSE
20010307,"2001-03-07 12:00:00","2001-03-07 12:00:00",2001,3,7,-3,1.889,-0.889,0.762,NA,NA,FALSE,FALSE
20010308,"2001-03-08 12:00:00","2001-03-08 12:00:00",2001,3,8,-4.5,-0.222,-3.167,7.112,NA,NA,FALSE,FALSE
20010309,"2001-03-09 12:00:00","2001-03-09 12:00:00",2001,3,9,-5.5,6.389,2.556,1.016,NA,NA,FALSE,FALSE
20010310,"2001-03-10 12:00:00","2001-03-10 12:00:00",2001,3,10,-2.778,10.111,2.111,0,NA,NA,FALSE,FALSE
20010311,"2001-03-11 12:00:00","2001-03-11 12:00:00",2001,3,11,-3.111,8.889,2.167,0,NA,NA,FALSE,FALSE
20010312,"2001-03-12 12:00:00","2001-03-12 12:00:00",2001,3,12,-2.222,7.5,2.056,0,NA,NA,FALSE,FALSE
20010313,"2001-03-13 12:00:00","2001-03-13 12:00:00",2001,3,13,-3.278,15.389,7.167,0,NA,NA,FALSE,FALSE
20010314,"2001-03-14 12:00:00","2001-03-14 12:00:00",2001,3,14,3.111,16.278,10.667,NA,NA,NA,FALSE,FALSE
20010315,"2001-03-15 12:00:00","2001-03-15 12:00:00",2001,3,15,-0.278,13,5,0.762,NA,NA,FALSE,FALSE
20010316,"2001-03-16 12:00:00","2001-03-16 12:00:00",2001,3,16,-1.111,14.389,8.889,NA,NA,NA,FALSE,FALSE
20010317,"2001-03-17 12:00:00","2001-03-17 12:00:00",2001,3,17,2.5,11.111,7.056,3.048,NA,NA,FALSE,FALSE
20010318,"2001-03-18 12:00:00","2001-03-18 12:00:00",2001,3,18,1.611,16.889,9.611,0,NA,NA,FALSE,FALSE
20010319,"2001-03-19 12:00:00","2001-03-19 12:00:00",2001,3,19,5.222,17.611,10.889,0,NA,NA,FALSE,FALSE
20010320,"2001-03-20 12:00:00","2001-03-20 12:00:00",2001,3,20,4.278,20.889,12.222,0,NA,NA,FALSE,FALSE
20010321,"2001-03-21 12:00:00","2001-03-21 12:00:00",2001,3,21,4,23.5,14.389,0,NA,NA,FALSE,FALSE
20010322,"2001-03-22 12:00:00","2001-03-22 12:00:00",2001,3,22,7,18.222,11.111,0,NA,NA,FALSE,FALSE
20010323,"2001-03-23 12:00:00","2001-03-23 12:00:00",2001,3,23,5.722,21.222,12.556,0,NA,NA,FALSE,FALSE
20010324,"2001-03-24 12:00:00","2001-03-24 12:00:00",2001,3,24,5.278,23.5,15.722,0,NA,NA,FALSE,FALSE
20010325,"2001-03-25 12:00:00","2001-03-25 12:00:00",2001,3,25,1.722,20.389,9.444,5.588,NA,NA,FALSE,FALSE
20010326,"2001-03-26 12:00:00","2001-03-26 12:00:00",2001,3,26,1.278,11.5,5.778,0,NA,NA,FALSE,FALSE
20010327,"2001-03-27 12:00:00","2001-03-27 12:00:00",2001,3,27,0.889,15.889,8.889,0,NA,NA,FALSE,FALSE
20010328,"2001-03-28 12:00:00","2001-03-28 12:00:00",2001,3,28,1.222,5.111,3.111,4.318,NA,NA,FALSE,FALSE
20010329,"2001-03-29 12:00:00","2001-03-29 12:00:00",2001,3,29,-0.111,9.222,3.778,0.254,NA,NA,FALSE,FALSE
20010330,"2001-03-30 12:00:00","2001-03-30 12:00:00",2001,3,30,-0.278,6.278,2.611,0,NA,NA,FALSE,FALSE
20010331,"2001-03-31 12:00:00","2001-03-31 12:00:00",2001,3,31,-0.222,10.278,4.667,0.508,NA,NA,FALSE,FALSE
20010401,"2001-04-01 12:00:00","2001-04-01 12:00:00",2001,4,1,-1.278,13.778,6.444,0,NA,NA,FALSE,FALSE
20010402,"2001-04-02 12:00:00","2001-04-02 12:00:00",2001,4,2,-0.222,18.278,11.111,0,NA,NA,FALSE,FALSE
20010403,"2001-04-03 12:00:00","2001-04-03 12:00:00",2001,4,3,1.611,16.611,8.889,0,NA,NA,FALSE,FALSE
20010404,"2001-04-04 12:00:00","2001-04-04 12:00:00",2001,4,4,1.389,19.778,10,0,NA,NA,FALSE,FALSE
20010405,"2001-04-05 12:00:00","2001-04-05 12:00:00",2001,4,5,2.389,19.389,10.944,0,NA,NA,FALSE,FALSE
20010406,"2001-04-06 12:00:00","2001-04-06 12:00:00",2001,4,6,4.222,21.222,13.611,0,NA,NA,FALSE,FALSE
20010407,"2001-04-07 12:00:00","2001-04-07 12:00:00",2001,4,7,8.611,24,15.722,0,NA,NA,FALSE,FALSE
20010408,"2001-04-08 12:00:00","2001-04-08 12:00:00",2001,4,8,8.722,24.5,18.222,NA,NA,NA,FALSE,FALSE
20010409,"2001-04-09 12:00:00","2001-04-09 12:00:00",2001,4,9,13,28.278,19.667,0.254,NA,NA,FALSE,FALSE
20010410,"2001-04-10 12:00:00","2001-04-10 12:00:00",2001,4,10,9.5,25.889,16.556,0,NA,NA,FALSE,FALSE
20010411,"2001-04-11 12:00:00","2001-04-11 12:00:00",2001,4,11,3.889,11.222,6.833,1.016,NA,NA,FALSE,FALSE
20010412,"2001-04-12 12:00:00","2001-04-12 12:00:00",2001,4,12,3.778,15.611,9.889,0,NA,NA,FALSE,FALSE
20010413,"2001-04-13 12:00:00","2001-04-13 12:00:00",2001,4,13,5.222,19.778,13.278,NA,NA,NA,FALSE,FALSE
20010414,"2001-04-14 12:00:00","2001-04-14 12:00:00",2001,4,14,5.278,16,9.722,4.318,NA,NA,FALSE,FALSE
20010415,"2001-04-15 12:00:00","2001-04-15 12:00:00",2001,4,15,5.111,20.5,13.278,0,NA,NA,FALSE,FALSE
20010416,"2001-04-16 12:00:00","2001-04-16 12:00:00",2001,4,16,6.389,24,15.444,0,NA,NA,FALSE,FALSE
20010417,"2001-04-17 12:00:00","2001-04-17 12:00:00",2001,4,17,6.278,26.111,16.389,0,NA,NA,FALSE,FALSE
20010418,"2001-04-18 12:00:00","2001-04-18 12:00:00",2001,4,18,7.278,27.111,16.778,0,NA,NA,FALSE,FALSE
20010419,"2001-04-19 12:00:00","2001-04-19 12:00:00",2001,4,19,7.5,24.222,15.444,0,NA,NA,FALSE,FALSE
20010420,"2001-04-20 12:00:00","2001-04-20 12:00:00",2001,4,20,8.889,18.5,13.389,0,NA,NA,FALSE,FALSE
20010421,"2001-04-21 12:00:00","2001-04-21 12:00:00",2001,4,21,6,22.222,13.778,0,NA,NA,FALSE,FALSE
20010422,"2001-04-22 12:00:00","2001-04-22 12:00:00",2001,4,22,5.722,22.5,14.222,0,NA,NA,FALSE,FALSE
20010423,"2001-04-23 12:00:00","2001-04-23 12:00:00",2001,4,23,6.111,23.611,15.444,0,NA,NA,FALSE,FALSE
20010424,"2001-04-24 12:00:00","2001-04-24 12:00:00",2001,4,24,6.111,20.278,12.667,0,NA,NA,FALSE,FALSE
20010425,"2001-04-25 12:00:00","2001-04-25 12:00:00",2001,4,25,5.389,20.5,12.333,0,NA,NA,FALSE,FALSE
20010426,"2001-04-26 12:00:00","2001-04-26 12:00:00",2001,4,26,5,22.278,13.611,0,NA,NA,FALSE,FALSE
20010427,"2001-04-27 12:00:00","2001-04-27 12:00:00",2001,4,27,5.778,25.389,16.389,0,NA,NA,FALSE,FALSE
20010428,"2001-04-28 12:00:00","2001-04-28 12:00:00",2001,4,28,10.5,22.222,16.611,5.08,NA,NA,FALSE,FALSE
20010429,"2001-04-29 12:00:00","2001-04-29 12:00:00",2001,4,29,12.389,17.611,14.722,20.828,NA,NA,FALSE,FALSE
20010430,"2001-04-30 12:00:00","2001-04-30 12:00:00",2001,4,30,12.278,23.278,16.889,12.446,NA,NA,FALSE,FALSE
20010501,"2001-05-01 12:00:00","2001-05-01 12:00:00",2001,5,1,11.611,23,15.889,0,NA,NA,FALSE,FALSE
20010502,"2001-05-02 12:00:00","2001-05-02 12:00:00",2001,5,2,11.111,22,15.556,3.302,NA,NA,FALSE,FALSE
20010503,"2001-05-03 12:00:00","2001-05-03 12:00:00",2001,5,3,10.889,21.778,15.944,0,NA,NA,FALSE,FALSE
20010504,"2001-05-04 12:00:00","2001-05-04 12:00:00",2001,5,4,12,22.778,16.611,0,NA,NA,FALSE,FALSE
20010505,"2001-05-05 12:00:00","2001-05-05 12:00:00",2001,5,5,11.722,21.5,16.889,0,NA,NA,FALSE,FALSE
20010506,"2001-05-06 12:00:00","2001-05-06 12:00:00",2001,5,6,13.5,23.5,19.056,0,NA,NA,FALSE,FALSE
20010507,"2001-05-07 12:00:00","2001-05-07 12:00:00",2001,5,7,16.278,19.111,17.611,11.938,NA,NA,FALSE,FALSE
20010508,"2001-05-08 12:00:00","2001-05-08 12:00:00",2001,5,8,13.722,26.889,19.667,0.508,NA,NA,FALSE,FALSE
20010509,"2001-05-09 12:00:00","2001-05-09 12:00:00",2001,5,9,11.111,21.722,15,0,NA,NA,FALSE,FALSE
20010510,"2001-05-10 12:00:00","2001-05-10 12:00:00",2001,5,10,11.111,23.389,16.944,0,NA,NA,FALSE,FALSE
20010511,"2001-05-11 12:00:00","2001-05-11 12:00:00",2001,5,11,9.278,22.611,16.111,0,NA,NA,FALSE,FALSE
20010512,"2001-05-12 12:00:00","2001-05-12 12:00:00",2001,5,12,9.222,25.278,17.444,0,NA,NA,FALSE,FALSE
20010513,"2001-05-13 12:00:00","2001-05-13 12:00:00",2001,5,13,8.389,28.389,21.167,0,NA,NA,FALSE,FALSE
20010514,"2001-05-14 12:00:00","2001-05-14 12:00:00",2001,5,14,13.778,28.5,21.444,0,NA,NA,FALSE,FALSE
20010515,"2001-05-15 12:00:00","2001-05-15 12:00:00",2001,5,15,13.278,23.889,19.111,0,NA,NA,FALSE,FALSE
20010516,"2001-05-16 12:00:00","2001-05-16 12:00:00",2001,5,16,12.778,25.722,19.222,0,NA,NA,FALSE,FALSE
20010517,"2001-05-17 12:00:00","2001-05-17 12:00:00",2001,5,17,12.611,29.111,20.944,0,NA,NA,FALSE,FALSE
20010518,"2001-05-18 12:00:00","2001-05-18 12:00:00",2001,5,18,15.5,26.111,20.222,0,NA,NA,FALSE,FALSE
20010519,"2001-05-19 12:00:00","2001-05-19 12:00:00",2001,5,19,17,28.778,21.778,0,NA,NA,FALSE,FALSE
20010520,"2001-05-20 12:00:00","2001-05-20 12:00:00",2001,5,20,17.278,29.611,22.889,0,NA,NA,FALSE,FALSE
20010521,"2001-05-21 12:00:00","2001-05-21 12:00:00",2001,5,21,17.222,26.778,20.889,2.032,NA,NA,FALSE,FALSE
20010522,"2001-05-22 12:00:00","2001-05-22 12:00:00",2001,5,22,17,19.611,18.167,1.27,NA,NA,FALSE,FALSE
20010523,"2001-05-23 12:00:00","2001-05-23 12:00:00",2001,5,23,16.111,24.778,20.278,0.762,NA,NA,FALSE,FALSE
20010524,"2001-05-24 12:00:00","2001-05-24 12:00:00",2001,5,24,15.889,29.5,22.722,0,NA,NA,FALSE,FALSE
20010525,"2001-05-25 12:00:00","2001-05-25 12:00:00",2001,5,25,17.389,29,22.389,0,NA,NA,FALSE,FALSE
20010526,"2001-05-26 12:00:00","2001-05-26 12:00:00",2001,5,26,17.278,24.778,20.389,0,NA,NA,FALSE,FALSE
20010527,"2001-05-27 12:00:00","2001-05-27 12:00:00",2001,5,27,13.889,27.889,20.556,0,NA,NA,FALSE,FALSE
20010528,"2001-05-28 12:00:00","2001-05-28 12:00:00",2001,5,28,13.722,29.722,21.5,0,NA,NA,FALSE,FALSE
20010529,"2001-05-29 12:00:00","2001-05-29 12:00:00",2001,5,29,14.611,31,23.333,0,NA,NA,FALSE,FALSE
20010530,"2001-05-30 12:00:00","2001-05-30 12:00:00",2001,5,30,14.778,20.111,17.389,2.794,NA,NA,FALSE,FALSE
20010531,"2001-05-31 12:00:00","2001-05-31 12:00:00",2001,5,31,13.722,25.111,19,0,NA,NA,FALSE,FALSE
20010601,"2001-06-01 12:00:00","2001-06-01 12:00:00",2001,6,1,13.389,27.111,20.444,0,NA,NA,FALSE,FALSE
20010602,"2001-06-02 12:00:00","2001-06-02 12:00:00",2001,6,2,14.278,30.278,22.167,0,NA,NA,FALSE,FALSE
20010603,"2001-06-03 12:00:00","2001-06-03 12:00:00",2001,6,3,17.722,30.889,22.944,0,NA,NA,FALSE,FALSE
20010604,"2001-06-04 12:00:00","2001-06-04 12:00:00",2001,6,4,17.5,26.778,21.722,0,NA,NA,FALSE,FALSE
20010605,"2001-06-05 12:00:00","2001-06-05 12:00:00",2001,6,5,17.889,23.111,19.944,0.254,NA,NA,FALSE,FALSE
20010606,"2001-06-06 12:00:00","2001-06-06 12:00:00",2001,6,6,17.278,28.278,21.833,0.508,NA,NA,FALSE,FALSE
20010607,"2001-06-07 12:00:00","2001-06-07 12:00:00",2001,6,7,17.111,33.722,25.056,0,NA,NA,FALSE,FALSE
20010608,"2001-06-08 12:00:00","2001-06-08 12:00:00",2001,6,8,18.722,29.222,23.167,0,NA,NA,FALSE,FALSE
20010609,"2001-06-09 12:00:00","2001-06-09 12:00:00",2001,6,9,19.111,31,23.167,0,NA,NA,FALSE,FALSE
20010610,"2001-06-10 12:00:00","2001-06-10 12:00:00",2001,6,10,18.889,31.5,24.056,0,NA,NA,FALSE,FALSE
20010611,"2001-06-11 12:00:00","2001-06-11 12:00:00",2001,6,11,19.222,29.111,23.444,0,NA,NA,FALSE,FALSE
20010612,"2001-06-12 12:00:00","2001-06-12 12:00:00",2001,6,12,19.889,28.889,24.611,0,NA,NA,FALSE,FALSE
20010613,"2001-06-13 12:00:00","2001-06-13 12:00:00",2001,6,13,17.611,23.389,19.111,NA,NA,NA,FALSE,FALSE
20010614,"2001-06-14 12:00:00","2001-06-14 12:00:00",2001,6,14,16.111,25.5,19.667,233.68,NA,NA,FALSE,FALSE
20010615,"2001-06-15 12:00:00","2001-06-15 12:00:00",2001,6,15,16,26.611,21.278,0,NA,NA,FALSE,FALSE
20010616,"2001-06-16 12:00:00","2001-06-16 12:00:00",2001,6,16,16.722,28.389,23.222,0,NA,NA,FALSE,FALSE
20010617,"2001-06-17 12:00:00","2001-06-17 12:00:00",2001,6,17,19.111,30.111,24.5,NA,NA,NA,FALSE,FALSE
20010618,"2001-06-18 12:00:00","2001-06-18 12:00:00",2001,6,18,21.389,22.778,21.944,50.8,NA,NA,FALSE,FALSE
20010619,"2001-06-19 12:00:00","2001-06-19 12:00:00",2001,6,19,18.389,23.889,20.833,14.986,NA,NA,FALSE,FALSE
20010620,"2001-06-20 12:00:00","2001-06-20 12:00:00",2001,6,20,18.222,27.611,22.5,0,NA,NA,FALSE,FALSE
20010621,"2001-06-21 12:00:00","2001-06-21 12:00:00",2001,6,21,19.5,27.222,22.5,0,NA,NA,FALSE,FALSE
20010622,"2001-06-22 12:00:00","2001-06-22 12:00:00",2001,6,22,18.722,25.111,20.944,0,NA,NA,FALSE,FALSE
20010623,"2001-06-23 12:00:00","2001-06-23 12:00:00",2001,6,23,18.611,22.389,20.389,5.08,NA,NA,FALSE,FALSE
20010624,"2001-06-24 12:00:00","2001-06-24 12:00:00",2001,6,24,18.722,21.389,20.333,116.078,NA,NA,FALSE,FALSE
20010625,"2001-06-25 12:00:00","2001-06-25 12:00:00",2001,6,25,20.278,24.5,22.056,19.812,NA,NA,FALSE,FALSE
20010626,"2001-06-26 12:00:00","2001-06-26 12:00:00",2001,6,26,19.611,24.722,21.833,0.508,NA,NA,FALSE,FALSE
20010627,"2001-06-27 12:00:00","2001-06-27 12:00:00",2001,6,27,19.278,28.611,23.722,0,NA,NA,FALSE,FALSE
20010628,"2001-06-28 12:00:00","2001-06-28 12:00:00",2001,6,28,21.222,30.722,26.111,0,NA,NA,FALSE,FALSE
20010629,"2001-06-29 12:00:00","2001-06-29 12:00:00",2001,6,29,23.5,25.389,24.444,0.762,NA,NA,FALSE,FALSE
20010630,"2001-06-30 12:00:00","2001-06-30 12:00:00",2001,6,30,22.722,25.5,23.944,22.098,NA,NA,FALSE,FALSE
20010701,"2001-07-01 12:00:00","2001-07-01 12:00:00",2001,7,1,23,29.722,26,36.068,NA,NA,FALSE,FALSE
20010702,"2001-07-02 12:00:00","2001-07-02 12:00:00",2001,7,2,23,30.222,26.111,NA,NA,NA,FALSE,FALSE
20010703,"2001-07-03 12:00:00","2001-07-03 12:00:00",2001,7,3,21.611,31.278,26.111,0,NA,NA,FALSE,FALSE
20010704,"2001-07-04 12:00:00","2001-07-04 12:00:00",2001,7,4,21.389,32,27.222,0,NA,NA,FALSE,FALSE
20010705,"2001-07-05 12:00:00","2001-07-05 12:00:00",2001,7,5,21.389,28.611,24.5,21.082,NA,NA,FALSE,FALSE
20010706,"2001-07-06 12:00:00","2001-07-06 12:00:00",2001,7,6,21.111,26.611,23.389,13.462,NA,NA,FALSE,FALSE
20010707,"2001-07-07 12:00:00","2001-07-07 12:00:00",2001,7,7,20.722,31.611,25.167,0,NA,NA,FALSE,FALSE
20010708,"2001-07-08 12:00:00","2001-07-08 12:00:00",2001,7,8,20.278,30.722,25,0,NA,NA,FALSE,FALSE
20010709,"2001-07-09 12:00:00","2001-07-09 12:00:00",2001,7,9,19.722,31.222,24.889,0,NA,NA,FALSE,FALSE
20010710,"2001-07-10 12:00:00","2001-07-10 12:00:00",2001,7,10,19.722,28.611,24.556,3.048,NA,NA,FALSE,FALSE
20010711,"2001-07-11 12:00:00","2001-07-11 12:00:00",2001,7,11,23.222,26.111,24.333,10.922,NA,NA,FALSE,FALSE
20010712,"2001-07-12 12:00:00","2001-07-12 12:00:00",2001,7,12,21.889,26.111,23.611,87.122,NA,NA,FALSE,FALSE
20010713,"2001-07-13 12:00:00","2001-07-13 12:00:00",2001,7,13,21.778,27.5,25.167,NA,NA,NA,FALSE,FALSE
20010714,"2001-07-14 12:00:00","2001-07-14 12:00:00",2001,7,14,22.611,29.722,26.611,6.096,NA,NA,FALSE,FALSE
20010715,"2001-07-15 12:00:00","2001-07-15 12:00:00",2001,7,15,21.778,29.111,24.611,11.938,NA,NA,FALSE,FALSE
20010716,"2001-07-16 12:00:00","2001-07-16 12:00:00",2001,7,16,21.389,26,23.167,2.032,NA,NA,FALSE,FALSE
20010717,"2001-07-17 12:00:00","2001-07-17 12:00:00",2001,7,17,21.278,30,23.944,18.034,NA,NA,FALSE,FALSE
20010718,"2001-07-18 12:00:00","2001-07-18 12:00:00",2001,7,18,19.889,30.889,24.778,0.762,NA,NA,FALSE,FALSE
20010719,"2001-07-19 12:00:00","2001-07-19 12:00:00",2001,7,19,19.389,26.889,24.056,0,NA,NA,FALSE,FALSE
20010720,"2001-07-20 12:00:00","2001-07-20 12:00:00",2001,7,20,22.889,30.611,27.167,1.016,NA,NA,FALSE,FALSE
20010721,"2001-07-21 12:00:00","2001-07-21 12:00:00",2001,7,21,25.889,31.889,28.333,0,NA,NA,FALSE,FALSE
20010722,"2001-07-22 12:00:00","2001-07-22 12:00:00",2001,7,22,26.111,33,28.778,0,NA,NA,FALSE,FALSE
20010723,"2001-07-23 12:00:00","2001-07-23 12:00:00",2001,7,23,25.222,33.222,28.333,0,NA,NA,FALSE,FALSE
20010724,"2001-07-24 12:00:00","2001-07-24 12:00:00",2001,7,24,24.889,34.722,29.167,0,NA,NA,FALSE,FALSE
20010725,"2001-07-25 12:00:00","2001-07-25 12:00:00",2001,7,25,23.889,34.778,28.222,8.89,NA,NA,FALSE,FALSE
20010726,"2001-07-26 12:00:00","2001-07-26 12:00:00",2001,7,26,23.278,34.722,29.278,0.762,NA,NA,FALSE,FALSE
20010727,"2001-07-27 12:00:00","2001-07-27 12:00:00",2001,7,27,24.778,33.611,28.722,0.762,NA,NA,FALSE,FALSE
20010728,"2001-07-28 12:00:00","2001-07-28 12:00:00",2001,7,28,25.222,32.722,28.833,0,NA,NA,FALSE,FALSE
20010729,"2001-07-29 12:00:00","2001-07-29 12:00:00",2001,7,29,26.722,33.778,29.444,0,NA,NA,FALSE,FALSE
20010730,"2001-07-30 12:00:00","2001-07-30 12:00:00",2001,7,30,25.778,33,28.111,2.032,NA,NA,FALSE,FALSE
20010731,"2001-07-31 12:00:00","2001-07-31 12:00:00",2001,7,31,25.722,33.389,29.556,9.144,NA,NA,FALSE,FALSE
20010801,"2001-08-01 12:00:00","2001-08-01 12:00:00",2001,8,1,26.778,33.889,29.722,0.762,NA,NA,FALSE,FALSE
20010802,"2001-08-02 12:00:00","2001-08-02 12:00:00",2001,8,2,24.889,33.889,29.278,0.762,NA,NA,FALSE,FALSE
20010803,"2001-08-03 12:00:00","2001-08-03 12:00:00",2001,8,3,24.778,34.222,29.333,0,NA,NA,FALSE,FALSE
20010804,"2001-08-04 12:00:00","2001-08-04 12:00:00",2001,8,4,25.5,34.5,28.944,0,NA,NA,FALSE,FALSE
20010805,"2001-08-05 12:00:00","2001-08-05 12:00:00",2001,8,5,23.111,28,25.5,0,NA,NA,FALSE,FALSE
20010806,"2001-08-06 12:00:00","2001-08-06 12:00:00",2001,8,6,22.889,35,27.5,0.254,NA,NA,FALSE,FALSE
20010807,"2001-08-07 12:00:00","2001-08-07 12:00:00",2001,8,7,24.778,29.222,26.278,12.192,NA,NA,FALSE,FALSE
20010808,"2001-08-08 12:00:00","2001-08-08 12:00:00",2001,8,8,23.778,31.778,27.5,0,NA,NA,FALSE,FALSE
20010809,"2001-08-09 12:00:00","2001-08-09 12:00:00",2001,8,9,20.5,30.278,24.944,2.286,NA,NA,FALSE,FALSE
20010810,"2001-08-10 12:00:00","2001-08-10 12:00:00",2001,8,10,20.5,27.5,24.944,0,NA,NA,FALSE,FALSE
20010811,"2001-08-11 12:00:00","2001-08-11 12:00:00",2001,8,11,19.111,24.389,21.667,0,NA,NA,FALSE,FALSE
20010812,"2001-08-12 12:00:00","2001-08-12 12:00:00",2001,8,12,18.722,27.778,23.5,3.048,NA,NA,FALSE,FALSE
20010813,"2001-08-13 12:00:00","2001-08-13 12:00:00",2001,8,13,22.5,30.222,26.556,1.27,NA,NA,FALSE,FALSE
20010814,"2001-08-14 12:00:00","2001-08-14 12:00:00",2001,8,14,23.889,30.5,26,0,NA,NA,FALSE,FALSE
20010815,"2001-08-15 12:00:00","2001-08-15 12:00:00",2001,8,15,23.5,29.389,25.833,5.588,NA,NA,FALSE,FALSE
20010816,"2001-08-16 12:00:00","2001-08-16 12:00:00",2001,8,16,23.278,34,28,0.762,NA,NA,FALSE,FALSE
20010817,"2001-08-17 12:00:00","2001-08-17 12:00:00",2001,8,17,23.778,34.5,29.056,0,NA,NA,FALSE,FALSE
20010818,"2001-08-18 12:00:00","2001-08-18 12:00:00",2001,8,18,23.611,32.889,28,0,NA,NA,FALSE,FALSE
20010819,"2001-08-19 12:00:00","2001-08-19 12:00:00",2001,8,19,23.222,32.611,27.556,0,NA,NA,FALSE,FALSE
20010820,"2001-08-20 12:00:00","2001-08-20 12:00:00",2001,8,20,23,33.722,27.722,0,NA,NA,FALSE,FALSE
20010821,"2001-08-21 12:00:00","2001-08-21 12:00:00",2001,8,21,22.889,32.611,26.889,0,NA,NA,FALSE,FALSE
20010822,"2001-08-22 12:00:00","2001-08-22 12:00:00",2001,8,22,22.5,31.722,26.222,0,NA,NA,FALSE,FALSE
20010823,"2001-08-23 12:00:00","2001-08-23 12:00:00",2001,8,23,21.278,31.389,25.944,0,NA,NA,FALSE,FALSE
20010824,"2001-08-24 12:00:00","2001-08-24 12:00:00",2001,8,24,21,32,26.222,0,NA,NA,FALSE,FALSE
20010825,"2001-08-25 12:00:00","2001-08-25 12:00:00",2001,8,25,20.611,30.611,25.389,1.524,NA,NA,FALSE,FALSE
20010826,"2001-08-26 12:00:00","2001-08-26 12:00:00",2001,8,26,20.5,31.278,25.389,0,NA,NA,FALSE,FALSE
20010827,"2001-08-27 12:00:00","2001-08-27 12:00:00",2001,8,27,20.611,31.5,24.889,17.018,NA,NA,FALSE,FALSE
20010828,"2001-08-28 12:00:00","2001-08-28 12:00:00",2001,8,28,20.222,30.722,24.389,0.508,NA,NA,FALSE,FALSE
20010829,"2001-08-29 12:00:00","2001-08-29 12:00:00",2001,8,29,20.222,26.611,23.111,NA,NA,NA,FALSE,FALSE
20010830,"2001-08-30 12:00:00","2001-08-30 12:00:00",2001,8,30,17.611,28.111,22.444,4.318,NA,NA,FALSE,FALSE
20010831,"2001-08-31 12:00:00","2001-08-31 12:00:00",2001,8,31,17.5,29.389,24,0,NA,NA,FALSE,FALSE
20010901,"2001-09-01 12:00:00","2001-09-01 12:00:00",2001,9,1,18.278,31.222,24.5,0,NA,NA,FALSE,FALSE
20010902,"2001-09-02 12:00:00","2001-09-02 12:00:00",2001,9,2,18.278,30.778,25.056,0,NA,NA,FALSE,FALSE
20010903,"2001-09-03 12:00:00","2001-09-03 12:00:00",2001,9,3,20.111,31.778,25.889,0,NA,NA,FALSE,FALSE
20010904,"2001-09-04 12:00:00","2001-09-04 12:00:00",2001,9,4,20.222,29.889,24.5,0,NA,NA,FALSE,FALSE
20010905,"2001-09-05 12:00:00","2001-09-05 12:00:00",2001,9,5,20.778,30.111,23.944,0.508,NA,NA,FALSE,FALSE
20010906,"2001-09-06 12:00:00","2001-09-06 12:00:00",2001,9,6,18.778,28.389,23.278,0,NA,NA,FALSE,FALSE
20010907,"2001-09-07 12:00:00","2001-09-07 12:00:00",2001,9,7,18.611,32.222,25.778,0,NA,NA,FALSE,FALSE
20010908,"2001-09-08 12:00:00","2001-09-08 12:00:00",2001,9,8,21.111,31.5,26.167,0,NA,NA,FALSE,FALSE
20010909,"2001-09-09 12:00:00","2001-09-09 12:00:00",2001,9,9,21.5,27.611,23,0.508,NA,NA,FALSE,FALSE
20010910,"2001-09-10 12:00:00","2001-09-10 12:00:00",2001,9,10,20.722,27.5,24.278,0.254,NA,NA,FALSE,FALSE
20010911,"2001-09-11 12:00:00","2001-09-11 12:00:00",2001,9,11,18.389,28.611,22.778,0,NA,NA,FALSE,FALSE
20010912,"2001-09-12 12:00:00","2001-09-12 12:00:00",2001,9,12,17.222,28.222,22.111,0,NA,NA,FALSE,FALSE
20010913,"2001-09-13 12:00:00","2001-09-13 12:00:00",2001,9,13,16.889,27.722,22.278,NA,NA,NA,FALSE,FALSE
20010914,"2001-09-14 12:00:00","2001-09-14 12:00:00",2001,9,14,17,22.889,19.389,18.034,NA,NA,FALSE,FALSE
20010915,"2001-09-15 12:00:00","2001-09-15 12:00:00",2001,9,15,16.778,30.278,23.556,0,NA,NA,FALSE,FALSE
20010916,"2001-09-16 12:00:00","2001-09-16 12:00:00",2001,9,16,18.222,30.611,24,0,NA,NA,FALSE,FALSE
20010917,"2001-09-17 12:00:00","2001-09-17 12:00:00",2001,9,17,19.222,28.889,23.333,0,NA,NA,FALSE,FALSE
20010918,"2001-09-18 12:00:00","2001-09-18 12:00:00",2001,9,18,15.389,29.222,21.611,0,NA,NA,FALSE,FALSE
20010919,"2001-09-19 12:00:00","2001-09-19 12:00:00",2001,9,19,14.889,28.5,22.111,0,NA,NA,FALSE,FALSE
20010920,"2001-09-20 12:00:00","2001-09-20 12:00:00",2001,9,20,17.889,28.722,22.056,0,NA,NA,FALSE,FALSE
20010921,"2001-09-21 12:00:00","2001-09-21 12:00:00",2001,9,21,12.778,28.389,20.333,0,NA,NA,FALSE,FALSE
20010922,"2001-09-22 12:00:00","2001-09-22 12:00:00",2001,9,22,12.278,24.389,17.833,0,NA,NA,FALSE,FALSE
20010923,"2001-09-23 12:00:00","2001-09-23 12:00:00",2001,9,23,12.111,25.778,18.778,0,NA,NA,FALSE,FALSE
20010924,"2001-09-24 12:00:00","2001-09-24 12:00:00",2001,9,24,12.278,27.222,21.111,NA,NA,NA,FALSE,FALSE
20010925,"2001-09-25 12:00:00","2001-09-25 12:00:00",2001,9,25,15.778,25.278,19.611,0.508,NA,NA,FALSE,FALSE
20010926,"2001-09-26 12:00:00","2001-09-26 12:00:00",2001,9,26,15.5,27.111,21.5,0,NA,NA,FALSE,FALSE
20010927,"2001-09-27 12:00:00","2001-09-27 12:00:00",2001,9,27,14.222,27.889,20.667,0,NA,NA,FALSE,FALSE
20010928,"2001-09-28 12:00:00","2001-09-28 12:00:00",2001,9,28,13.722,27.611,21.611,0,NA,NA,FALSE,FALSE
20010929,"2001-09-29 12:00:00","2001-09-29 12:00:00",2001,9,29,16.278,27,21.611,0,NA,NA,FALSE,FALSE
20010930,"2001-09-30 12:00:00","2001-09-30 12:00:00",2001,9,30,14.278,16.111,15.167,23.114,NA,NA,FALSE,FALSE
20011001,"2001-10-01 12:00:00","2001-10-01 12:00:00",2001,10,1,13,23,17.444,0,NA,NA,FALSE,FALSE
20011002,"2001-10-02 12:00:00","2001-10-02 12:00:00",2001,10,2,12.611,26.111,19.778,0,NA,NA,FALSE,FALSE
20011003,"2001-10-03 12:00:00","2001-10-03 12:00:00",2001,10,3,15.5,22.389,18.889,NA,NA,NA,FALSE,FALSE
20011004,"2001-10-04 12:00:00","2001-10-04 12:00:00",2001,10,4,13.278,24,17.167,2.54,NA,NA,FALSE,FALSE
20011005,"2001-10-05 12:00:00","2001-10-05 12:00:00",2001,10,5,10.111,22,15.278,0,NA,NA,FALSE,FALSE
20011006,"2001-10-06 12:00:00","2001-10-06 12:00:00",2001,10,6,9.889,23.889,17.889,0,NA,NA,FALSE,FALSE
20011007,"2001-10-07 12:00:00","2001-10-07 12:00:00",2001,10,7,12.889,22.222,17.333,0,NA,NA,FALSE,FALSE
20011008,"2001-10-08 12:00:00","2001-10-08 12:00:00",2001,10,8,14.722,27,20.167,0.762,NA,NA,FALSE,FALSE
20011009,"2001-10-09 12:00:00","2001-10-09 12:00:00",2001,10,9,13.722,19.111,15.333,20.828,NA,NA,FALSE,FALSE
20011010,"2001-10-10 12:00:00","2001-10-10 12:00:00",2001,10,10,13.5,20.389,16.167,2.032,NA,NA,FALSE,FALSE
20011011,"2001-10-11 12:00:00","2001-10-11 12:00:00",2001,10,11,13.222,21.778,16.833,2.032,NA,NA,FALSE,FALSE
20011012,"2001-10-12 12:00:00","2001-10-12 12:00:00",2001,10,12,9.778,22.111,15.889,0,NA,NA,FALSE,FALSE
20011013,"2001-10-13 12:00:00","2001-10-13 12:00:00",2001,10,13,9.389,24.222,16.889,0,NA,NA,FALSE,FALSE
20011014,"2001-10-14 12:00:00","2001-10-14 12:00:00",2001,10,14,11.111,26.278,18.944,0,NA,NA,FALSE,FALSE
20011015,"2001-10-15 12:00:00","2001-10-15 12:00:00",2001,10,15,11.278,25.611,19.889,0,NA,NA,FALSE,FALSE
20011016,"2001-10-16 12:00:00","2001-10-16 12:00:00",2001,10,16,13.722,23.722,18.111,0.762,NA,NA,FALSE,FALSE
20011017,"2001-10-17 12:00:00","2001-10-17 12:00:00",2001,10,17,8,22,13.778,0,NA,NA,FALSE,FALSE
20011018,"2001-10-18 12:00:00","2001-10-18 12:00:00",2001,10,18,6.889,21.222,14.111,0,NA,NA,FALSE,FALSE
20011019,"2001-10-19 12:00:00","2001-10-19 12:00:00",2001,10,19,9,22.611,15.222,0,NA,NA,FALSE,FALSE
20011020,"2001-10-20 12:00:00","2001-10-20 12:00:00",2001,10,20,14.778,21.222,17.389,NA,NA,NA,FALSE,FALSE
20011021,"2001-10-21 12:00:00","2001-10-21 12:00:00",2001,10,21,13.222,17.278,15.556,7.112,NA,NA,FALSE,FALSE
20011022,"2001-10-22 12:00:00","2001-10-22 12:00:00",2001,10,22,11.222,20.889,15.889,10.16,NA,NA,FALSE,FALSE
20011023,"2001-10-23 12:00:00","2001-10-23 12:00:00",2001,10,23,10.611,23.5,16.444,0,NA,NA,FALSE,FALSE
20011024,"2001-10-24 12:00:00","2001-10-24 12:00:00",2001,10,24,10.722,23.5,15.722,0,NA,NA,FALSE,FALSE
20011025,"2001-10-25 12:00:00","2001-10-25 12:00:00",2001,10,25,10,24.111,18.222,0,NA,NA,FALSE,FALSE
20011026,"2001-10-26 12:00:00","2001-10-26 12:00:00",2001,10,26,15,19.722,17.111,0,NA,NA,FALSE,FALSE
20011027,"2001-10-27 12:00:00","2001-10-27 12:00:00",2001,10,27,13.611,19,15.167,12.954,NA,NA,FALSE,FALSE
20011028,"2001-10-28 12:00:00","2001-10-28 12:00:00",2001,10,28,11.5,20.889,15.389,12.7,NA,NA,FALSE,FALSE
20011029,"2001-10-29 12:00:00","2001-10-29 12:00:00",2001,10,29,10.222,21,14.722,0,NA,NA,FALSE,FALSE
20011030,"2001-10-30 12:00:00","2001-10-30 12:00:00",2001,10,30,8.611,19.778,14.278,0.508,NA,NA,FALSE,FALSE
20011031,"2001-10-31 12:00:00","2001-10-31 12:00:00",2001,10,31,8.111,19.611,13.667,0,NA,NA,FALSE,FALSE
20011101,"2001-11-01 12:00:00","2001-11-01 12:00:00",2001,11,1,5.111,19.278,11.889,0,NA,NA,FALSE,FALSE
20011102,"2001-11-02 12:00:00","2001-11-02 12:00:00",2001,11,2,5.111,16.611,11,0,NA,NA,FALSE,FALSE
20011103,"2001-11-03 12:00:00","2001-11-03 12:00:00",2001,11,3,4.222,16.389,9.778,0,NA,NA,FALSE,FALSE
20011104,"2001-11-04 12:00:00","2001-11-04 12:00:00",2001,11,4,3.278,18.5,11.667,0,NA,NA,FALSE,FALSE
20011105,"2001-11-05 12:00:00","2001-11-05 12:00:00",2001,11,5,6.778,13.278,9.222,5.08,NA,NA,FALSE,FALSE
20011106,"2001-11-06 12:00:00","2001-11-06 12:00:00",2001,11,6,1.111,11.778,6.056,0.254,NA,NA,FALSE,FALSE
20011107,"2001-11-07 12:00:00","2001-11-07 12:00:00",2001,11,7,0.611,12.5,6.056,0,NA,NA,FALSE,FALSE
20011108,"2001-11-08 12:00:00","2001-11-08 12:00:00",2001,11,8,0.5,16.722,9.778,0,NA,NA,FALSE,FALSE
20011109,"2001-11-09 12:00:00","2001-11-09 12:00:00",2001,11,9,5.5,17.778,10.833,0,NA,NA,FALSE,FALSE
20011110,"2001-11-10 12:00:00","2001-11-10 12:00:00",2001,11,10,2.278,16.5,8.722,0,NA,NA,FALSE,FALSE
20011111,"2001-11-11 12:00:00","2001-11-11 12:00:00",2001,11,11,2.111,15.611,8.889,0,NA,NA,FALSE,FALSE
20011112,"2001-11-12 12:00:00","2001-11-12 12:00:00",2001,11,12,3.389,14.889,8.444,0,NA,NA,FALSE,FALSE
20011113,"2001-11-13 12:00:00","2001-11-13 12:00:00",2001,11,13,2.778,11.611,6.889,0.762,NA,NA,FALSE,FALSE
20011114,"2001-11-14 12:00:00","2001-11-14 12:00:00",2001,11,14,1.111,12.222,6,0,NA,NA,FALSE,FALSE
20011115,"2001-11-15 12:00:00","2001-11-15 12:00:00",2001,11,15,0.5,11.222,5.333,0.254,NA,NA,FALSE,FALSE
20011116,"2001-11-16 12:00:00","2001-11-16 12:00:00",2001,11,16,1.611,14.389,8.111,0,NA,NA,FALSE,FALSE
20011117,"2001-11-17 12:00:00","2001-11-17 12:00:00",2001,11,17,1,14.722,7.667,0,NA,NA,FALSE,FALSE
20011118,"2001-11-18 12:00:00","2001-11-18 12:00:00",2001,11,18,0.722,14.278,6.333,0,NA,NA,FALSE,FALSE
20011119,"2001-11-19 12:00:00","2001-11-19 12:00:00",2001,11,19,0.278,15.389,7.222,0,NA,NA,FALSE,FALSE
20011120,"2001-11-20 12:00:00","2001-11-20 12:00:00",2001,11,20,1,16.889,7.889,0,NA,NA,FALSE,FALSE
20011121,"2001-11-21 12:00:00","2001-11-21 12:00:00",2001,11,21,1.5,16.722,8.889,0,NA,NA,FALSE,FALSE
20011122,"2001-11-22 12:00:00","2001-11-22 12:00:00",2001,11,22,2.111,17.778,8.722,0,NA,NA,FALSE,FALSE
20011123,"2001-11-23 12:00:00","2001-11-23 12:00:00",2001,11,23,1.5,18.222,8.611,0,NA,NA,FALSE,FALSE
20011124,"2001-11-24 12:00:00","2001-11-24 12:00:00",2001,11,24,0.611,16.889,10.833,0,NA,NA,FALSE,FALSE
20011125,"2001-11-25 12:00:00","2001-11-25 12:00:00",2001,11,25,2.5,10.222,6.444,0,NA,NA,FALSE,FALSE
20011126,"2001-11-26 12:00:00","2001-11-26 12:00:00",2001,11,26,0.222,6.722,2.611,0,NA,NA,FALSE,FALSE
20011127,"2001-11-27 12:00:00","2001-11-27 12:00:00",2001,11,27,-0.111,6.278,3.167,0.762,NA,NA,FALSE,FALSE
20011128,"2001-11-28 12:00:00","2001-11-28 12:00:00",2001,11,28,0.722,10.611,8.278,0,NA,NA,FALSE,FALSE
20011129,"2001-11-29 12:00:00","2001-11-29 12:00:00",2001,11,29,5.5,11.611,9.222,9.906,NA,NA,FALSE,FALSE
20011130,"2001-11-30 12:00:00","2001-11-30 12:00:00",2001,11,30,1.278,7.722,4.111,0,NA,NA,FALSE,FALSE
20011201,"2001-12-01 12:00:00","2001-12-01 12:00:00",2001,12,1,-0.222,12.111,6.333,0,NA,NA,FALSE,FALSE
20011202,"2001-12-02 12:00:00","2001-12-02 12:00:00",2001,12,2,1.889,13.611,8,0,NA,NA,FALSE,FALSE
20011203,"2001-12-03 12:00:00","2001-12-03 12:00:00",2001,12,3,2.278,6.722,4.056,24.892,NA,NA,FALSE,FALSE
20011204,"2001-12-04 12:00:00","2001-12-04 12:00:00",2001,12,4,1.5,10.722,5.444,6.858,NA,NA,FALSE,FALSE
20011205,"2001-12-05 12:00:00","2001-12-05 12:00:00",2001,12,5,1.389,6.778,4.111,0,NA,NA,FALSE,FALSE
20011206,"2001-12-06 12:00:00","2001-12-06 12:00:00",2001,12,6,-0.389,6.889,2.833,0,NA,NA,FALSE,FALSE
20011207,"2001-12-07 12:00:00","2001-12-07 12:00:00",2001,12,7,-0.722,7.5,2.722,0,NA,NA,FALSE,FALSE
20011208,"2001-12-08 12:00:00","2001-12-08 12:00:00",2001,12,8,0.778,10.222,4.333,0,NA,NA,FALSE,FALSE
20011209,"2001-12-09 12:00:00","2001-12-09 12:00:00",2001,12,9,0.722,8.389,4.444,NA,NA,NA,FALSE,FALSE
20011210,"2001-12-10 12:00:00","2001-12-10 12:00:00",2001,12,10,0,10.222,3.778,0.762,NA,NA,FALSE,FALSE
20011211,"2001-12-11 12:00:00","2001-12-11 12:00:00",2001,12,11,-0.389,14.5,7.722,0,NA,NA,FALSE,FALSE
20011212,"2001-12-12 12:00:00","2001-12-12 12:00:00",2001,12,12,4.222,14.111,8.611,5.08,NA,NA,FALSE,FALSE
20011213,"2001-12-13 12:00:00","2001-12-13 12:00:00",2001,12,13,-1.889,7.778,0.389,4.826,NA,NA,FALSE,FALSE
20011214,"2001-12-14 12:00:00","2001-12-14 12:00:00",2001,12,14,-4,1.889,-0.667,9.144,NA,NA,FALSE,FALSE
20011215,"2001-12-15 12:00:00","2001-12-15 12:00:00",2001,12,15,-5,2.222,-2.167,1.778,NA,NA,FALSE,FALSE
20011216,"2001-12-16 12:00:00","2001-12-16 12:00:00",2001,12,16,-5.5,1.222,-1.111,0,NA,NA,FALSE,FALSE
20011217,"2001-12-17 12:00:00","2001-12-17 12:00:00",2001,12,17,-2.611,5.778,0.278,0,NA,NA,FALSE,FALSE
20011218,"2001-12-18 12:00:00","2001-12-18 12:00:00",2001,12,18,-3.611,3.722,-0.889,0,NA,NA,FALSE,FALSE
20011219,"2001-12-19 12:00:00","2001-12-19 12:00:00",2001,12,19,-3.778,4.611,-0.444,0,NA,NA,FALSE,FALSE
20011220,"2001-12-20 12:00:00","2001-12-20 12:00:00",2001,12,20,-3.611,5.722,1.389,NA,NA,NA,FALSE,FALSE
20011221,"2001-12-21 12:00:00","2001-12-21 12:00:00",2001,12,21,-1.611,3.889,0.333,1.016,NA,NA,FALSE,FALSE
20011222,"2001-12-22 12:00:00","2001-12-22 12:00:00",2001,12,22,-1.778,4.222,0.722,0.254,NA,NA,FALSE,FALSE
20011223,"2001-12-23 12:00:00","2001-12-23 12:00:00",2001,12,23,-1.722,5.389,0.556,NA,NA,NA,FALSE,FALSE
20011224,"2001-12-24 12:00:00","2001-12-24 12:00:00",2001,12,24,-2.611,6.722,2.444,0.762,NA,NA,FALSE,FALSE
20011225,"2001-12-25 12:00:00","2001-12-25 12:00:00",2001,12,25,-1.889,5.389,1.556,0,NA,NA,FALSE,FALSE
20011226,"2001-12-26 12:00:00","2001-12-26 12:00:00",2001,12,26,-2.5,7.5,2.833,0,NA,NA,FALSE,FALSE
20011227,"2001-12-27 12:00:00","2001-12-27 12:00:00",2001,12,27,1,6.778,2.722,0,NA,NA,FALSE,FALSE
20011228,"2001-12-28 12:00:00","2001-12-28 12:00:00",2001,12,28,-1.5,6.278,1.556,0,NA,NA,FALSE,FALSE
20011229,"2001-12-29 12:00:00","2001-12-29 12:00:00",2001,12,29,-2,5,2,0.762,NA,NA,FALSE,FALSE
20011230,"2001-12-30 12:00:00","2001-12-30 12:00:00",2001,12,30,-4.111,2.889,-1.222,1.778,NA,NA,FALSE,FALSE
20011231,"2001-12-31 12:00:00","2001-12-31 12:00:00",2001,12,31,-5.722,9.889,4.444,NA,NA,NA,FALSE,FALSE
20020101,"2002-01-01 12:00:00","2002-01-01 12:00:00",2002,1,1,-4.778,0.889,-1.222,NA,NA,NA,FALSE,FALSE
20020102,"2002-01-02 12:00:00","2002-01-02 12:00:00",2002,1,2,-6.722,-2.222,-4.944,1.524,NA,NA,FALSE,FALSE
20020103,"2002-01-03 12:00:00","2002-01-03 12:00:00",2002,1,3,-7.5,3,-0.111,0.762,NA,NA,FALSE,FALSE
20020104,"2002-01-04 12:00:00","2002-01-04 12:00:00",2002,1,4,-0.5,10.722,5.778,0,NA,NA,FALSE,FALSE
20020105,"2002-01-05 12:00:00","2002-01-05 12:00:00",2002,1,5,-5,6.222,0.667,0,NA,NA,FALSE,FALSE
20020106,"2002-01-06 12:00:00","2002-01-06 12:00:00",2002,1,6,-5.389,9.278,3.778,NA,NA,NA,FALSE,FALSE
20020107,"2002-01-07 12:00:00","2002-01-07 12:00:00",2002,1,7,-3.111,6.722,-0.611,4.064,NA,NA,FALSE,FALSE
20020108,"2002-01-08 12:00:00","2002-01-08 12:00:00",2002,1,8,-3.222,0.778,-1.056,2.032,NA,NA,FALSE,FALSE
20020109,"2002-01-09 12:00:00","2002-01-09 12:00:00",2002,1,9,-2.778,6,0.667,0.762,NA,NA,FALSE,FALSE
20020110,"2002-01-10 12:00:00","2002-01-10 12:00:00",2002,1,10,-3.222,11.389,3.833,0,NA,NA,FALSE,FALSE
20020111,"2002-01-11 12:00:00","2002-01-11 12:00:00",2002,1,11,-1.389,12,3.778,0,NA,NA,FALSE,FALSE
20020112,"2002-01-12 12:00:00","2002-01-12 12:00:00",2002,1,12,-1.611,13.611,7.222,0,NA,NA,FALSE,FALSE
20020113,"2002-01-13 12:00:00","2002-01-13 12:00:00",2002,1,13,3.722,13.5,10.833,0.762,NA,NA,FALSE,FALSE
20020114,"2002-01-14 12:00:00","2002-01-14 12:00:00",2002,1,14,10.222,15.778,13.5,2.032,NA,NA,FALSE,FALSE
20020115,"2002-01-15 12:00:00","2002-01-15 12:00:00",2002,1,15,12.222,16.5,14.833,25.146,NA,NA,FALSE,FALSE
20020116,"2002-01-16 12:00:00","2002-01-16 12:00:00",2002,1,16,4.278,9.722,6.278,39.878,NA,NA,FALSE,FALSE
20020117,"2002-01-17 12:00:00","2002-01-17 12:00:00",2002,1,17,0.111,7.611,2.778,3.556,NA,NA,FALSE,FALSE
20020118,"2002-01-18 12:00:00","2002-01-18 12:00:00",2002,1,18,-0.222,9.389,4.944,0,NA,NA,FALSE,FALSE
20020119,"2002-01-19 12:00:00","2002-01-19 12:00:00",2002,1,19,2.5,12.611,7,0,NA,NA,FALSE,FALSE
20020120,"2002-01-20 12:00:00","2002-01-20 12:00:00",2002,1,20,0.778,8.5,3.667,6.096,NA,NA,FALSE,FALSE
20020121,"2002-01-21 12:00:00","2002-01-21 12:00:00",2002,1,21,-1.722,5.5,1.056,2.794,NA,NA,FALSE,FALSE
20020122,"2002-01-22 12:00:00","2002-01-22 12:00:00",2002,1,22,-2.389,2,-1.056,2.794,NA,NA,FALSE,FALSE
20020123,"2002-01-23 12:00:00","2002-01-23 12:00:00",2002,1,23,-2.778,2.889,-1.111,3.81,NA,NA,FALSE,FALSE
20020124,"2002-01-24 12:00:00","2002-01-24 12:00:00",2002,1,24,-4.611,4.5,-0.722,0,NA,NA,FALSE,FALSE
20020125,"2002-01-25 12:00:00","2002-01-25 12:00:00",2002,1,25,-5.222,5.889,2.111,0.508,NA,NA,FALSE,FALSE
20020126,"2002-01-26 12:00:00","2002-01-26 12:00:00",2002,1,26,1.278,3.5,2.111,0,NA,NA,FALSE,FALSE
20020127,"2002-01-27 12:00:00","2002-01-27 12:00:00",2002,1,27,0.278,4.389,1.167,0.762,NA,NA,FALSE,FALSE
20020128,"2002-01-28 12:00:00","2002-01-28 12:00:00",2002,1,28,-3.278,3.5,-0.389,1.27,NA,NA,FALSE,FALSE
20020129,"2002-01-29 12:00:00","2002-01-29 12:00:00",2002,1,29,-3.889,3.778,0.444,0.508,NA,NA,FALSE,FALSE
20020130,"2002-01-30 12:00:00","2002-01-30 12:00:00",2002,1,30,-2.889,5.5,0.944,0,NA,NA,FALSE,FALSE
20020131,"2002-01-31 12:00:00","2002-01-31 12:00:00",2002,1,31,-4.5,5.278,-0.167,0,NA,NA,FALSE,FALSE
20020201,"2002-02-01 12:00:00","2002-02-01 12:00:00",2002,2,1,-4.778,8.278,1.389,0,NA,NA,FALSE,FALSE
20020202,"2002-02-02 12:00:00","2002-02-02 12:00:00",2002,2,2,-2.889,10.111,2.722,0,NA,NA,FALSE,FALSE
20020203,"2002-02-03 12:00:00","2002-02-03 12:00:00",2002,2,3,-3.5,11.222,3.111,0,NA,NA,FALSE,FALSE
20020204,"2002-02-04 12:00:00","2002-02-04 12:00:00",2002,2,4,-2.389,8.889,5.056,0,NA,NA,FALSE,FALSE
20020205,"2002-02-05 12:00:00","2002-02-05 12:00:00",2002,2,5,-2.111,12.611,4.556,0,NA,NA,FALSE,FALSE
20020206,"2002-02-06 12:00:00","2002-02-06 12:00:00",2002,2,6,-3.389,11.778,5.722,0,NA,NA,FALSE,FALSE
20020207,"2002-02-07 12:00:00","2002-02-07 12:00:00",2002,2,7,-1.278,11.389,4.333,0,NA,NA,FALSE,FALSE
20020208,"2002-02-08 12:00:00","2002-02-08 12:00:00",2002,2,8,-2.722,10.111,2.778,0,NA,NA,FALSE,FALSE
20020209,"2002-02-09 12:00:00","2002-02-09 12:00:00",2002,2,9,-3.278,5.111,0.333,0,NA,NA,FALSE,FALSE
20020210,"2002-02-10 12:00:00","2002-02-10 12:00:00",2002,2,10,-3.111,4.889,0.556,1.016,NA,NA,FALSE,FALSE
20020211,"2002-02-11 12:00:00","2002-02-11 12:00:00",2002,2,11,-3.222,6.111,0.667,NA,NA,NA,FALSE,FALSE
20020212,"2002-02-12 12:00:00","2002-02-12 12:00:00",2002,2,12,-4,7.278,2.111,0,NA,NA,FALSE,FALSE
20020213,"2002-02-13 12:00:00","2002-02-13 12:00:00",2002,2,13,-2.222,8.5,1.778,0,NA,NA,FALSE,FALSE
20020214,"2002-02-14 12:00:00","2002-02-14 12:00:00",2002,2,14,-3.111,7,0.944,0,NA,NA,FALSE,FALSE
20020215,"2002-02-15 12:00:00","2002-02-15 12:00:00",2002,2,15,-3.611,9.278,2.278,0,NA,NA,FALSE,FALSE
20020216,"2002-02-16 12:00:00","2002-02-16 12:00:00",2002,2,16,-3.278,11.389,5.111,0,NA,NA,FALSE,FALSE
20020217,"2002-02-17 12:00:00","2002-02-17 12:00:00",2002,2,17,-1,11.111,2.778,0,NA,NA,FALSE,FALSE
20020218,"2002-02-18 12:00:00","2002-02-18 12:00:00",2002,2,18,-1.389,3.389,-0.056,0,NA,NA,FALSE,FALSE
20020219,"2002-02-19 12:00:00","2002-02-19 12:00:00",2002,2,19,-5.278,5.389,-0.278,0,NA,NA,FALSE,FALSE
20020220,"2002-02-20 12:00:00","2002-02-20 12:00:00",2002,2,20,-6.278,12.278,3.222,0,NA,NA,FALSE,FALSE
20020221,"2002-02-21 12:00:00","2002-02-21 12:00:00",2002,2,21,-2.611,5.111,3.333,10.922,NA,NA,FALSE,FALSE
20020222,"2002-02-22 12:00:00","2002-02-22 12:00:00",2002,2,22,0.5,10.611,4.056,1.27,NA,NA,FALSE,FALSE
20020223,"2002-02-23 12:00:00","2002-02-23 12:00:00",2002,2,23,-1.389,10.389,4,0,NA,NA,FALSE,FALSE
20020224,"2002-02-24 12:00:00","2002-02-24 12:00:00",2002,2,24,-2.389,13.722,5.389,0,NA,NA,FALSE,FALSE
20020225,"2002-02-25 12:00:00","2002-02-25 12:00:00",2002,2,25,0.111,14.389,7.5,0,NA,NA,FALSE,FALSE
20020226,"2002-02-26 12:00:00","2002-02-26 12:00:00",2002,2,26,3.222,14.111,7.111,0,NA,NA,FALSE,FALSE
20020227,"2002-02-27 12:00:00","2002-02-27 12:00:00",2002,2,27,1.611,10.889,6.556,2.032,NA,NA,FALSE,FALSE
20020228,"2002-02-28 12:00:00","2002-02-28 12:00:00",2002,2,28,0.389,14.889,6.889,2.032,NA,NA,FALSE,FALSE
20020301,"2002-03-01 12:00:00","2002-03-01 12:00:00",2002,3,1,-0.722,15.111,7.556,0,NA,NA,FALSE,FALSE
20020302,"2002-03-02 12:00:00","2002-03-02 12:00:00",2002,3,2,1.389,16.111,7.278,0,NA,NA,FALSE,FALSE
20020303,"2002-03-03 12:00:00","2002-03-03 12:00:00",2002,3,3,-1.111,11.389,3.722,0,NA,NA,FALSE,FALSE
20020304,"2002-03-04 12:00:00","2002-03-04 12:00:00",2002,3,4,-1.5,15.778,7.667,NA,NA,NA,FALSE,FALSE
20020305,"2002-03-05 12:00:00","2002-03-05 12:00:00",2002,3,5,2.389,5.722,3.944,16.002,NA,NA,FALSE,FALSE
20020306,"2002-03-06 12:00:00","2002-03-06 12:00:00",2002,3,6,0.111,5.222,2.611,1.778,NA,NA,FALSE,FALSE
20020307,"2002-03-07 12:00:00","2002-03-07 12:00:00",2002,3,7,-2.5,7.5,1.944,0,NA,NA,FALSE,FALSE
20020308,"2002-03-08 12:00:00","2002-03-08 12:00:00",2002,3,8,-3.111,12.889,5.556,0,NA,NA,FALSE,FALSE
20020309,"2002-03-09 12:00:00","2002-03-09 12:00:00",2002,3,9,0.111,17.889,11.389,0,NA,NA,FALSE,FALSE
20020310,"2002-03-10 12:00:00","2002-03-10 12:00:00",2002,3,10,0.611,14.111,7.278,0,NA,NA,FALSE,FALSE
20020311,"2002-03-11 12:00:00","2002-03-11 12:00:00",2002,3,11,-0.722,15.722,7.056,0,NA,NA,FALSE,FALSE
20020312,"2002-03-12 12:00:00","2002-03-12 12:00:00",2002,3,12,0,18.278,9.389,0,NA,NA,FALSE,FALSE
20020313,"2002-03-13 12:00:00","2002-03-13 12:00:00",2002,3,13,1.778,21.722,13.444,0,NA,NA,FALSE,FALSE
20020314,"2002-03-14 12:00:00","2002-03-14 12:00:00",2002,3,14,8,11.722,10.278,11.938,NA,NA,FALSE,FALSE
20020315,"2002-03-15 12:00:00","2002-03-15 12:00:00",2002,3,15,2.889,13.278,7.444,0,NA,NA,FALSE,FALSE
20020316,"2002-03-16 12:00:00","2002-03-16 12:00:00",2002,3,16,2.278,18.778,10.667,0,NA,NA,FALSE,FALSE
20020317,"2002-03-17 12:00:00","2002-03-17 12:00:00",2002,3,17,5.389,19,11.778,0,NA,NA,FALSE,FALSE
20020318,"2002-03-18 12:00:00","2002-03-18 12:00:00",2002,3,18,0.889,14.889,7.556,0,NA,NA,FALSE,FALSE
20020319,"2002-03-19 12:00:00","2002-03-19 12:00:00",2002,3,19,0.111,18.722,10.889,0,NA,NA,FALSE,FALSE
20020320,"2002-03-20 12:00:00","2002-03-20 12:00:00",2002,3,20,5.278,22.778,15.5,NA,NA,NA,FALSE,FALSE
20020321,"2002-03-21 12:00:00","2002-03-21 12:00:00",2002,3,21,7.111,16.5,9.056,10.922,NA,NA,FALSE,FALSE
20020322,"2002-03-22 12:00:00","2002-03-22 12:00:00",2002,3,22,2,9.278,5.611,0,NA,NA,FALSE,FALSE
20020323,"2002-03-23 12:00:00","2002-03-23 12:00:00",2002,3,23,1.222,11.889,6.444,1.016,NA,NA,FALSE,FALSE
20020324,"2002-03-24 12:00:00","2002-03-24 12:00:00",2002,3,24,0,12.5,6.389,0,NA,NA,FALSE,FALSE
20020325,"2002-03-25 12:00:00","2002-03-25 12:00:00",2002,3,25,0.222,17.278,9.722,0,NA,NA,FALSE,FALSE
20020326,"2002-03-26 12:00:00","2002-03-26 12:00:00",2002,3,26,4,17.111,12,0.762,NA,NA,FALSE,FALSE
20020327,"2002-03-27 12:00:00","2002-03-27 12:00:00",2002,3,27,6.222,27.278,11.222,1.27,NA,NA,FALSE,FALSE
20020328,"2002-03-28 12:00:00","2002-03-28 12:00:00",2002,3,28,5.611,20.389,13.222,NA,NA,NA,FALSE,FALSE
20020329,"2002-03-29 12:00:00","2002-03-29 12:00:00",2002,3,29,6,19.389,11.556,5.588,NA,NA,FALSE,FALSE
20020330,"2002-03-30 12:00:00","2002-03-30 12:00:00",2002,3,30,5.611,22.222,12.944,0,NA,NA,FALSE,FALSE
20020331,"2002-03-31 12:00:00","2002-03-31 12:00:00",2002,3,31,5.889,19.111,11.111,0.508,NA,NA,FALSE,FALSE
20020401,"2002-04-01 12:00:00","2002-04-01 12:00:00",2002,4,1,5.722,25.278,15.5,0,NA,NA,FALSE,FALSE
20020402,"2002-04-02 12:00:00","2002-04-02 12:00:00",2002,4,2,7.5,25.389,18,0.508,NA,NA,FALSE,FALSE
20020403,"2002-04-03 12:00:00","2002-04-03 12:00:00",2002,4,3,8.722,24,16.111,0,NA,NA,FALSE,FALSE
20020404,"2002-04-04 12:00:00","2002-04-04 12:00:00",2002,4,4,7.222,24.278,14.389,0,NA,NA,FALSE,FALSE
20020405,"2002-04-05 12:00:00","2002-04-05 12:00:00",2002,4,5,7,22.5,17.167,NA,NA,NA,FALSE,FALSE
20020406,"2002-04-06 12:00:00","2002-04-06 12:00:00",2002,4,6,12,16.5,14,66.04,NA,NA,FALSE,FALSE
20020407,"2002-04-07 12:00:00","2002-04-07 12:00:00",2002,4,7,7.611,20.389,13.167,0,NA,NA,FALSE,FALSE
20020408,"2002-04-08 12:00:00","2002-04-08 12:00:00",2002,4,8,5.722,15.889,10.056,0,NA,NA,FALSE,FALSE
20020409,"2002-04-09 12:00:00","2002-04-09 12:00:00",2002,4,9,4.778,13.889,8.722,0,NA,NA,FALSE,FALSE
20020410,"2002-04-10 12:00:00","2002-04-10 12:00:00",2002,4,10,4.5,16,10.167,0,NA,NA,FALSE,FALSE
20020411,"2002-04-11 12:00:00","2002-04-11 12:00:00",2002,4,11,4.5,17,10.444,0,NA,NA,FALSE,FALSE
20020412,"2002-04-12 12:00:00","2002-04-12 12:00:00",2002,4,12,6.722,18.889,12,NA,NA,NA,FALSE,FALSE
20020413,"2002-04-13 12:00:00","2002-04-13 12:00:00",2002,4,13,6.389,20.222,14.556,0,NA,NA,FALSE,FALSE
20020414,"2002-04-14 12:00:00","2002-04-14 12:00:00",2002,4,14,10.889,23.389,18.5,1.016,NA,NA,FALSE,FALSE
20020415,"2002-04-15 12:00:00","2002-04-15 12:00:00",2002,4,15,16.222,19.389,18.667,0.254,NA,NA,FALSE,FALSE
20020416,"2002-04-16 12:00:00","2002-04-16 12:00:00",2002,4,16,9.889,20.389,13.778,0,NA,NA,FALSE,FALSE
20020417,"2002-04-17 12:00:00","2002-04-17 12:00:00",2002,4,17,5,15.722,10.278,11.938,NA,NA,FALSE,FALSE
20020418,"2002-04-18 12:00:00","2002-04-18 12:00:00",2002,4,18,4.278,16.5,10.5,0,NA,NA,FALSE,FALSE
20020419,"2002-04-19 12:00:00","2002-04-19 12:00:00",2002,4,19,4.222,20.889,13.444,0,NA,NA,FALSE,FALSE
20020420,"2002-04-20 12:00:00","2002-04-20 12:00:00",2002,4,20,7.222,21.611,15.611,NA,NA,NA,FALSE,FALSE
20020421,"2002-04-21 12:00:00","2002-04-21 12:00:00",2002,4,21,11.722,27.778,19.778,0.508,NA,NA,FALSE,FALSE
20020422,"2002-04-22 12:00:00","2002-04-22 12:00:00",2002,4,22,13.389,26.611,20.444,0,NA,NA,FALSE,FALSE
20020423,"2002-04-23 12:00:00","2002-04-23 12:00:00",2002,4,23,9.389,23.222,16,4.572,NA,NA,FALSE,FALSE
20020424,"2002-04-24 12:00:00","2002-04-24 12:00:00",2002,4,24,5.222,16.5,9.667,0,NA,NA,FALSE,FALSE
20020425,"2002-04-25 12:00:00","2002-04-25 12:00:00",2002,4,25,4.889,19.111,11.611,0,NA,NA,FALSE,FALSE
20020426,"2002-04-26 12:00:00","2002-04-26 12:00:00",2002,4,26,5.611,20.611,14.444,0,NA,NA,FALSE,FALSE
20020427,"2002-04-27 12:00:00","2002-04-27 12:00:00",2002,4,27,10.389,22,15.5,0,NA,NA,FALSE,FALSE
20020428,"2002-04-28 12:00:00","2002-04-28 12:00:00",2002,4,28,10.5,21.111,16.889,NA,NA,NA,FALSE,FALSE
20020429,"2002-04-29 12:00:00","2002-04-29 12:00:00",2002,4,29,15.722,20,18.611,1.016,NA,NA,FALSE,FALSE
20020430,"2002-04-30 12:00:00","2002-04-30 12:00:00",2002,4,30,15,17.722,16.667,17.018,NA,NA,FALSE,FALSE
20020501,"2002-05-01 12:00:00","2002-05-01 12:00:00",2002,5,1,11.5,19.222,15,5.588,NA,NA,FALSE,FALSE
20020502,"2002-05-02 12:00:00","2002-05-02 12:00:00",2002,5,2,11.111,23.778,18.833,NA,NA,NA,FALSE,FALSE
20020503,"2002-05-03 12:00:00","2002-05-03 12:00:00",2002,5,3,13.278,19.611,17.111,10.668,NA,NA,FALSE,FALSE
20020504,"2002-05-04 12:00:00","2002-05-04 12:00:00",2002,5,4,13.778,26.278,19.722,0.508,NA,NA,FALSE,FALSE
20020505,"2002-05-05 12:00:00","2002-05-05 12:00:00",2002,5,5,13.778,24.222,19.278,0,NA,NA,FALSE,FALSE
20020506,"2002-05-06 12:00:00","2002-05-06 12:00:00",2002,5,6,11.722,18.222,13.889,5.08,NA,NA,FALSE,FALSE
20020507,"2002-05-07 12:00:00","2002-05-07 12:00:00",2002,5,7,12.611,16.889,14.278,22.098,NA,NA,FALSE,FALSE
20020508,"2002-05-08 12:00:00","2002-05-08 12:00:00",2002,5,8,12.389,19.222,15.944,0.508,NA,NA,FALSE,FALSE
20020509,"2002-05-09 12:00:00","2002-05-09 12:00:00",2002,5,9,14.222,21.778,17.167,0,NA,NA,FALSE,FALSE
20020510,"2002-05-10 12:00:00","2002-05-10 12:00:00",2002,5,10,12.389,22.222,16.167,0,NA,NA,FALSE,FALSE
20020511,"2002-05-11 12:00:00","2002-05-11 12:00:00",2002,5,11,12.278,24.722,17.722,0,NA,NA,FALSE,FALSE
20020512,"2002-05-12 12:00:00","2002-05-12 12:00:00",2002,5,12,12.778,27.222,18.944,0,NA,NA,FALSE,FALSE
20020513,"2002-05-13 12:00:00","2002-05-13 12:00:00",2002,5,13,12.611,27.222,20.833,0,NA,NA,FALSE,FALSE
20020514,"2002-05-14 12:00:00","2002-05-14 12:00:00",2002,5,14,14.111,23.722,18,2.032,NA,NA,FALSE,FALSE
20020515,"2002-05-15 12:00:00","2002-05-15 12:00:00",2002,5,15,13.889,17.889,16.556,51.054,NA,NA,FALSE,FALSE
20020516,"2002-05-16 12:00:00","2002-05-16 12:00:00",2002,5,16,14.722,17.389,15.722,4.572,NA,NA,FALSE,FALSE
20020517,"2002-05-17 12:00:00","2002-05-17 12:00:00",2002,5,17,14.5,16.278,15.167,2.032,NA,NA,FALSE,FALSE
20020518,"2002-05-18 12:00:00","2002-05-18 12:00:00",2002,5,18,13.278,20.778,16.167,0.508,NA,NA,FALSE,FALSE
20020519,"2002-05-19 12:00:00","2002-05-19 12:00:00",2002,5,19,11.5,23.611,16.889,0,NA,NA,FALSE,FALSE
20020520,"2002-05-20 12:00:00","2002-05-20 12:00:00",2002,5,20,11.5,27.5,19.389,0,NA,NA,FALSE,FALSE
20020521,"2002-05-21 12:00:00","2002-05-21 12:00:00",2002,5,21,13.889,28.889,21.056,NA,NA,NA,FALSE,FALSE
20020522,"2002-05-22 12:00:00","2002-05-22 12:00:00",2002,5,22,12.278,25,18.056,0.508,NA,NA,FALSE,FALSE
20020523,"2002-05-23 12:00:00","2002-05-23 12:00:00",2002,5,23,12.222,28.611,20.722,0,NA,NA,FALSE,FALSE
20020524,"2002-05-24 12:00:00","2002-05-24 12:00:00",2002,5,24,12.889,27.111,19.722,0,NA,NA,FALSE,FALSE
20020525,"2002-05-25 12:00:00","2002-05-25 12:00:00",2002,5,25,12.611,28.611,20.833,0,NA,NA,FALSE,FALSE
20020526,"2002-05-26 12:00:00","2002-05-26 12:00:00",2002,5,26,12.278,25.778,19.167,0,NA,NA,FALSE,FALSE
20020527,"2002-05-27 12:00:00","2002-05-27 12:00:00",2002,5,27,12.111,27.389,19.944,0,NA,NA,FALSE,FALSE
20020528,"2002-05-28 12:00:00","2002-05-28 12:00:00",2002,5,28,12.222,24.111,17.778,0,NA,NA,FALSE,FALSE
20020529,"2002-05-29 12:00:00","2002-05-29 12:00:00",2002,5,29,12.778,28.389,22.167,0,NA,NA,FALSE,FALSE
20020530,"2002-05-30 12:00:00","2002-05-30 12:00:00",2002,5,30,15.722,23.278,19,0,NA,NA,FALSE,FALSE
20020531,"2002-05-31 12:00:00","2002-05-31 12:00:00",2002,5,31,15.278,26.722,20.667,NA,NA,NA,FALSE,FALSE
20020601,"2002-06-01 12:00:00","2002-06-01 12:00:00",2002,6,1,16.111,29.722,23.111,0.508,NA,NA,FALSE,FALSE
20020602,"2002-06-02 12:00:00","2002-06-02 12:00:00",2002,6,2,18.111,28.778,22.222,14.986,NA,NA,FALSE,FALSE
20020603,"2002-06-03 12:00:00","2002-06-03 12:00:00",2002,6,3,16.278,29.389,22,0,NA,NA,FALSE,FALSE
20020604,"2002-06-04 12:00:00","2002-06-04 12:00:00",2002,6,4,16.222,30.111,23.278,0,NA,NA,FALSE,FALSE
20020605,"2002-06-05 12:00:00","2002-06-05 12:00:00",2002,6,5,18.389,31.5,24.944,0,NA,NA,FALSE,FALSE
20020606,"2002-06-06 12:00:00","2002-06-06 12:00:00",2002,6,6,18.889,33.5,26.222,0,NA,NA,FALSE,FALSE
20020607,"2002-06-07 12:00:00","2002-06-07 12:00:00",2002,6,7,18.611,32.5,25.556,0,NA,NA,FALSE,FALSE
20020608,"2002-06-08 12:00:00","2002-06-08 12:00:00",2002,6,8,18.222,29.722,23.222,0,NA,NA,FALSE,FALSE
20020609,"2002-06-09 12:00:00","2002-06-09 12:00:00",2002,6,9,18.222,30.611,24.778,0,NA,NA,FALSE,FALSE
20020610,"2002-06-10 12:00:00","2002-06-10 12:00:00",2002,6,10,20.778,27.778,23.667,0.508,NA,NA,FALSE,FALSE
20020611,"2002-06-11 12:00:00","2002-06-11 12:00:00",2002,6,11,15.5,27.778,22.056,2.54,NA,NA,FALSE,FALSE
20020612,"2002-06-12 12:00:00","2002-06-12 12:00:00",2002,6,12,15.111,30,23.722,0,NA,NA,FALSE,FALSE
20020613,"2002-06-13 12:00:00","2002-06-13 12:00:00",2002,6,13,15.778,26.889,20.389,0,NA,NA,FALSE,FALSE
20020614,"2002-06-14 12:00:00","2002-06-14 12:00:00",2002,6,14,18.278,27.222,21.333,0,NA,NA,FALSE,FALSE
20020615,"2002-06-15 12:00:00","2002-06-15 12:00:00",2002,6,15,17.889,26.278,21.556,0,NA,NA,FALSE,FALSE
20020616,"2002-06-16 12:00:00","2002-06-16 12:00:00",2002,6,16,17.778,28.389,22.778,0,NA,NA,FALSE,FALSE
20020617,"2002-06-17 12:00:00","2002-06-17 12:00:00",2002,6,17,18.778,29.778,23.944,0,NA,NA,FALSE,FALSE
20020618,"2002-06-18 12:00:00","2002-06-18 12:00:00",2002,6,18,18.5,30.389,25.056,0,NA,NA,FALSE,FALSE
20020619,"2002-06-19 12:00:00","2002-06-19 12:00:00",2002,6,19,19.722,28.889,25.778,0,NA,NA,FALSE,FALSE
20020620,"2002-06-20 12:00:00","2002-06-20 12:00:00",2002,6,20,19.722,29,23.5,2.032,NA,NA,FALSE,FALSE
20020621,"2002-06-21 12:00:00","2002-06-21 12:00:00",2002,6,21,19.611,29.5,22.667,0,NA,NA,FALSE,FALSE
20020622,"2002-06-22 12:00:00","2002-06-22 12:00:00",2002,6,22,19.278,28.389,23.333,0,NA,NA,FALSE,FALSE
20020623,"2002-06-23 12:00:00","2002-06-23 12:00:00",2002,6,23,16.111,21.722,18.722,0.508,NA,NA,FALSE,FALSE
20020624,"2002-06-24 12:00:00","2002-06-24 12:00:00",2002,6,24,15.5,18.389,16.278,37.084,NA,NA,FALSE,FALSE
20020625,"2002-06-25 12:00:00","2002-06-25 12:00:00",2002,6,25,15.611,23,18.722,NA,NA,NA,FALSE,FALSE
20020626,"2002-06-26 12:00:00","2002-06-26 12:00:00",2002,6,26,15.611,25.389,20.167,0,NA,NA,FALSE,FALSE
20020627,"2002-06-27 12:00:00","2002-06-27 12:00:00",2002,6,27,15.5,27.5,21.111,0,NA,NA,FALSE,FALSE
20020628,"2002-06-28 12:00:00","2002-06-28 12:00:00",2002,6,28,15.889,28.778,21.889,0,NA,NA,FALSE,FALSE
20020629,"2002-06-29 12:00:00","2002-06-29 12:00:00",2002,6,29,16.222,29.389,24.722,0,NA,NA,FALSE,FALSE
20020630,"2002-06-30 12:00:00","2002-06-30 12:00:00",2002,6,30,21.889,27,23.722,NA,NA,NA,FALSE,FALSE
20020701,"2002-07-01 12:00:00","2002-07-01 12:00:00",2002,7,1,21.611,27.389,23.333,0,NA,NA,FALSE,FALSE
20020702,"2002-07-02 12:00:00","2002-07-02 12:00:00",2002,7,2,21.389,26.389,24.167,0.762,NA,NA,FALSE,FALSE
20020703,"2002-07-03 12:00:00","2002-07-03 12:00:00",2002,7,3,22.389,32.278,26.389,14.986,NA,NA,FALSE,FALSE
20020704,"2002-07-04 12:00:00","2002-07-04 12:00:00",2002,7,4,22.778,30.222,26.222,0.762,NA,NA,FALSE,FALSE
20020705,"2002-07-05 12:00:00","2002-07-05 12:00:00",2002,7,5,20.278,24.389,22.778,41.91,NA,NA,FALSE,FALSE
20020706,"2002-07-06 12:00:00","2002-07-06 12:00:00",2002,7,6,20.222,23.222,21.056,6.858,NA,NA,FALSE,FALSE
20020707,"2002-07-07 12:00:00","2002-07-07 12:00:00",2002,7,7,20.389,28.5,23.222,0,NA,NA,FALSE,FALSE
20020708,"2002-07-08 12:00:00","2002-07-08 12:00:00",2002,7,8,19.5,23,20.722,3.048,NA,NA,FALSE,FALSE
20020709,"2002-07-09 12:00:00","2002-07-09 12:00:00",2002,7,9,22.111,28.611,24.5,11.938,NA,NA,FALSE,FALSE
20020710,"2002-07-10 12:00:00","2002-07-10 12:00:00",2002,7,10,21.611,30.778,24.889,0,NA,NA,FALSE,FALSE
20020711,"2002-07-11 12:00:00","2002-07-11 12:00:00",2002,7,11,20.889,27.5,23.889,1.778,NA,NA,FALSE,FALSE
20020712,"2002-07-12 12:00:00","2002-07-12 12:00:00",2002,7,12,20.778,30.611,25.056,0,NA,NA,FALSE,FALSE
20020713,"2002-07-13 12:00:00","2002-07-13 12:00:00",2002,7,13,21.278,30.778,26.444,7.112,NA,NA,FALSE,FALSE
20020714,"2002-07-14 12:00:00","2002-07-14 12:00:00",2002,7,14,24,28.722,25.611,2.032,NA,NA,FALSE,FALSE
20020715,"2002-07-15 12:00:00","2002-07-15 12:00:00",2002,7,15,23.722,32.778,27.111,3.048,NA,NA,FALSE,FALSE
20020716,"2002-07-16 12:00:00","2002-07-16 12:00:00",2002,7,16,21.111,32,26.222,0.762,NA,NA,FALSE,FALSE
20020717,"2002-07-17 12:00:00","2002-07-17 12:00:00",2002,7,17,19.722,30.111,24.5,0,NA,NA,FALSE,FALSE
20020718,"2002-07-18 12:00:00","2002-07-18 12:00:00",2002,7,18,19.611,28.278,24.611,NA,NA,NA,FALSE,FALSE
20020719,"2002-07-19 12:00:00","2002-07-19 12:00:00",2002,7,19,21,26.222,23,27.94,NA,NA,FALSE,FALSE
20020720,"2002-07-20 12:00:00","2002-07-20 12:00:00",2002,7,20,20.778,30.778,24.944,5.08,NA,NA,FALSE,FALSE
20020721,"2002-07-21 12:00:00","2002-07-21 12:00:00",2002,7,21,22,28.778,25.167,19.05,NA,NA,FALSE,FALSE
20020722,"2002-07-22 12:00:00","2002-07-22 12:00:00",2002,7,22,22,27,24.556,28.956,NA,NA,FALSE,FALSE
20020723,"2002-07-23 12:00:00","2002-07-23 12:00:00",2002,7,23,22.722,29.778,26.5,0.762,NA,NA,FALSE,FALSE
20020724,"2002-07-24 12:00:00","2002-07-24 12:00:00",2002,7,24,23.389,33.222,27.444,NA,NA,NA,FALSE,FALSE
20020725,"2002-07-25 12:00:00","2002-07-25 12:00:00",2002,7,25,23.278,35.278,29.889,NA,NA,NA,FALSE,FALSE
20020726,"2002-07-26 12:00:00","2002-07-26 12:00:00",2002,7,26,24.222,29.778,26.611,9.398,NA,NA,FALSE,FALSE
20020727,"2002-07-27 12:00:00","2002-07-27 12:00:00",2002,7,27,26.5,34.722,29.944,0,NA,NA,FALSE,FALSE
20020728,"2002-07-28 12:00:00","2002-07-28 12:00:00",2002,7,28,24.889,30.889,26.944,NA,NA,NA,FALSE,FALSE
20020729,"2002-07-29 12:00:00","2002-07-29 12:00:00",2002,7,29,24.111,30.389,26.444,0.762,NA,NA,FALSE,FALSE
20020730,"2002-07-30 12:00:00","2002-07-30 12:00:00",2002,7,30,24.722,32.5,27.667,0,NA,NA,FALSE,FALSE
20020731,"2002-07-31 12:00:00","2002-07-31 12:00:00",2002,7,31,24.5,33.5,28.278,0,NA,NA,FALSE,FALSE
20020801,"2002-08-01 12:00:00","2002-08-01 12:00:00",2002,8,1,23.611,32.778,27.556,0,NA,NA,FALSE,FALSE
20020802,"2002-08-02 12:00:00","2002-08-02 12:00:00",2002,8,2,23.222,32.222,27.278,0,NA,NA,FALSE,FALSE
20020803,"2002-08-03 12:00:00","2002-08-03 12:00:00",2002,8,3,24.111,33,27.722,0,NA,NA,FALSE,FALSE
20020804,"2002-08-04 12:00:00","2002-08-04 12:00:00",2002,8,4,24.722,33.222,28.111,0,NA,NA,FALSE,FALSE
20020805,"2002-08-05 12:00:00","2002-08-05 12:00:00",2002,8,5,25.222,32.389,28.056,NA,NA,NA,FALSE,FALSE
20020806,"2002-08-06 12:00:00","2002-08-06 12:00:00",2002,8,6,24.389,27.778,25.278,55.118,NA,NA,FALSE,FALSE
20020807,"2002-08-07 12:00:00","2002-08-07 12:00:00",2002,8,7,22.5,25.222,23.167,98.044,NA,NA,FALSE,FALSE
20020808,"2002-08-08 12:00:00","2002-08-08 12:00:00",2002,8,8,22.278,26.389,23.833,24.892,NA,NA,FALSE,FALSE
20020809,"2002-08-09 12:00:00","2002-08-09 12:00:00",2002,8,9,22.278,30.5,25.444,22.098,NA,NA,FALSE,FALSE
20020810,"2002-08-10 12:00:00","2002-08-10 12:00:00",2002,8,10,19.889,26.611,21.389,38.1,NA,NA,FALSE,FALSE
20020811,"2002-08-11 12:00:00","2002-08-11 12:00:00",2002,8,11,19.778,23.778,22.111,9.906,NA,NA,FALSE,FALSE
20020812,"2002-08-12 12:00:00","2002-08-12 12:00:00",2002,8,12,20.5,21.611,20.944,73.152,NA,NA,FALSE,FALSE
20020813,"2002-08-13 12:00:00","2002-08-13 12:00:00",2002,8,13,19.778,26.889,22.833,6.096,NA,NA,FALSE,FALSE
20020814,"2002-08-14 12:00:00","2002-08-14 12:00:00",2002,8,14,19.5,21.722,20.611,51.054,NA,NA,FALSE,FALSE
20020815,"2002-08-15 12:00:00","2002-08-15 12:00:00",2002,8,15,20.111,23.889,22.278,34.798,NA,NA,FALSE,FALSE
20020816,"2002-08-16 12:00:00","2002-08-16 12:00:00",2002,8,16,21.278,26.111,23.667,17.018,NA,NA,FALSE,FALSE
20020817,"2002-08-17 12:00:00","2002-08-17 12:00:00",2002,8,17,22.222,31.611,25.722,0.762,NA,NA,FALSE,FALSE
20020818,"2002-08-18 12:00:00","2002-08-18 12:00:00",2002,8,18,23.111,31,25.944,0.508,NA,NA,FALSE,FALSE
20020819,"2002-08-19 12:00:00","2002-08-19 12:00:00",2002,8,19,21.111,28.111,23.778,2.032,NA,NA,FALSE,FALSE
20020820,"2002-08-20 12:00:00","2002-08-20 12:00:00",2002,8,20,20.5,23.111,21.722,6.096,NA,NA,FALSE,FALSE
20020821,"2002-08-21 12:00:00","2002-08-21 12:00:00",2002,8,21,20.722,27.722,23.889,0,NA,NA,FALSE,FALSE
20020822,"2002-08-22 12:00:00","2002-08-22 12:00:00",2002,8,22,20.778,24.722,22.444,6.858,NA,NA,FALSE,FALSE
20020823,"2002-08-23 12:00:00","2002-08-23 12:00:00",2002,8,23,21.222,27.5,24.5,5.08,NA,NA,FALSE,FALSE
20020824,"2002-08-24 12:00:00","2002-08-24 12:00:00",2002,8,24,22.222,31.278,25.833,0,NA,NA,FALSE,FALSE
20020825,"2002-08-25 12:00:00","2002-08-25 12:00:00",2002,8,25,22.778,30.611,26,0,NA,NA,FALSE,FALSE
20020826,"2002-08-26 12:00:00","2002-08-26 12:00:00",2002,8,26,23,29.278,26.778,NA,NA,NA,FALSE,FALSE
20020827,"2002-08-27 12:00:00","2002-08-27 12:00:00",2002,8,27,24.278,30.889,26.833,11.938,NA,NA,FALSE,FALSE
20020828,"2002-08-28 12:00:00","2002-08-28 12:00:00",2002,8,28,23.778,31.611,27.222,6.858,NA,NA,FALSE,FALSE
20020829,"2002-08-29 12:00:00","2002-08-29 12:00:00",2002,8,29,23.778,33.889,28.778,0,NA,NA,FALSE,FALSE
20020830,"2002-08-30 12:00:00","2002-08-30 12:00:00",2002,8,30,23.111,28.278,24.889,3.048,NA,NA,FALSE,FALSE
20020831,"2002-08-31 12:00:00","2002-08-31 12:00:00",2002,8,31,19.611,23,21,124.968,NA,NA,FALSE,FALSE
20020901,"2002-09-01 12:00:00","2002-09-01 12:00:00",2002,9,1,19.278,28.222,22.889,4.572,NA,NA,FALSE,FALSE
20020902,"2002-09-02 12:00:00","2002-09-02 12:00:00",2002,9,2,19.278,31.722,26.389,0,NA,NA,FALSE,FALSE
20020903,"2002-09-03 12:00:00","2002-09-03 12:00:00",2002,9,3,23.222,32.611,27.056,0,NA,NA,FALSE,FALSE
20020904,"2002-09-04 12:00:00","2002-09-04 12:00:00",2002,9,4,22.5,32.778,27,0,NA,NA,FALSE,FALSE
20020905,"2002-09-05 12:00:00","2002-09-05 12:00:00",2002,9,5,22.278,31.389,27.278,0,NA,NA,FALSE,FALSE
20020906,"2002-09-06 12:00:00","2002-09-06 12:00:00",2002,9,6,19.389,29.278,23.222,0,NA,NA,FALSE,FALSE
20020907,"2002-09-07 12:00:00","2002-09-07 12:00:00",2002,9,7,19.222,30.111,23.722,0,NA,NA,FALSE,FALSE
20020908,"2002-09-08 12:00:00","2002-09-08 12:00:00",2002,9,8,17.889,29.611,23.167,0,NA,NA,FALSE,FALSE
20020909,"2002-09-09 12:00:00","2002-09-09 12:00:00",2002,9,9,17.722,28.222,22.667,0,NA,NA,FALSE,FALSE
20020910,"2002-09-10 12:00:00","2002-09-10 12:00:00",2002,9,10,18.389,29.111,24,NA,NA,NA,FALSE,FALSE
20020911,"2002-09-11 12:00:00","2002-09-11 12:00:00",2002,9,11,19.222,29.722,23.333,1.016,NA,NA,FALSE,FALSE
20020912,"2002-09-12 12:00:00","2002-09-12 12:00:00",2002,9,12,18.722,29.5,23,0,NA,NA,FALSE,FALSE
20020913,"2002-09-13 12:00:00","2002-09-13 12:00:00",2002,9,13,17.889,27.222,21.5,0,NA,NA,FALSE,FALSE
20020914,"2002-09-14 12:00:00","2002-09-14 12:00:00",2002,9,14,17.278,25,20.444,NA,NA,NA,FALSE,FALSE
20020915,"2002-09-15 12:00:00","2002-09-15 12:00:00",2002,9,15,14.722,18.389,15.833,0,NA,NA,FALSE,FALSE
20020916,"2002-09-16 12:00:00","2002-09-16 12:00:00",2002,9,16,14.611,18.611,17.167,96.52,NA,NA,FALSE,FALSE
20020917,"2002-09-17 12:00:00","2002-09-17 12:00:00",2002,9,17,16,26.889,20.889,6.604,NA,NA,FALSE,FALSE
20020918,"2002-09-18 12:00:00","2002-09-18 12:00:00",2002,9,18,13.611,26.5,19.778,0,NA,NA,FALSE,FALSE
20020919,"2002-09-19 12:00:00","2002-09-19 12:00:00",2002,9,19,13.278,26.278,19.278,0,NA,NA,FALSE,FALSE
20020920,"2002-09-20 12:00:00","2002-09-20 12:00:00",2002,9,20,13.5,27.611,20.556,0,NA,NA,FALSE,FALSE
20020921,"2002-09-21 12:00:00","2002-09-21 12:00:00",2002,9,21,14.722,25.111,19.611,0,NA,NA,FALSE,FALSE
20020922,"2002-09-22 12:00:00","2002-09-22 12:00:00",2002,9,22,13.278,25.222,18.611,0,NA,NA,FALSE,FALSE
20020923,"2002-09-23 12:00:00","2002-09-23 12:00:00",2002,9,23,12.889,25.722,18.556,0,NA,NA,FALSE,FALSE
20020924,"2002-09-24 12:00:00","2002-09-24 12:00:00",2002,9,24,12.611,26.778,19.667,0,NA,NA,FALSE,FALSE
20020925,"2002-09-25 12:00:00","2002-09-25 12:00:00",2002,9,25,14.722,26.611,20.611,0,NA,NA,FALSE,FALSE
20020926,"2002-09-26 12:00:00","2002-09-26 12:00:00",2002,9,26,14.611,26.889,20.389,0,NA,NA,FALSE,FALSE
20020927,"2002-09-27 12:00:00","2002-09-27 12:00:00",2002,9,27,14.389,21.889,18.278,0,NA,NA,FALSE,FALSE
20020928,"2002-09-28 12:00:00","2002-09-28 12:00:00",2002,9,28,15.111,27.278,20.944,0,NA,NA,FALSE,FALSE
20020929,"2002-09-29 12:00:00","2002-09-29 12:00:00",2002,9,29,15.611,25,19.611,0.508,NA,NA,FALSE,FALSE
20020930,"2002-09-30 12:00:00","2002-09-30 12:00:00",2002,9,30,12.889,25.778,18.389,0,NA,NA,FALSE,FALSE
20021001,"2002-10-01 12:00:00","2002-10-01 12:00:00",2002,10,1,12.5,25,18.167,0,NA,NA,FALSE,FALSE
20021002,"2002-10-02 12:00:00","2002-10-02 12:00:00",2002,10,2,10.5,23.5,16.222,0.508,NA,NA,FALSE,FALSE
20021003,"2002-10-03 12:00:00","2002-10-03 12:00:00",2002,10,3,9.722,26.278,19.722,0,NA,NA,FALSE,FALSE
20021004,"2002-10-04 12:00:00","2002-10-04 12:00:00",2002,10,4,14.778,26.278,19.556,2.032,NA,NA,FALSE,FALSE
20021005,"2002-10-05 12:00:00","2002-10-05 12:00:00",2002,10,5,16.611,28.278,22.167,0,NA,NA,FALSE,FALSE
20021006,"2002-10-06 12:00:00","2002-10-06 12:00:00",2002,10,6,12.111,17.778,15.111,5.08,NA,NA,FALSE,FALSE
20021007,"2002-10-07 12:00:00","2002-10-07 12:00:00",2002,10,7,9.889,19.889,14.167,2.54,NA,NA,FALSE,FALSE
20021008,"2002-10-08 12:00:00","2002-10-08 12:00:00",2002,10,8,7.389,18.778,12.5,1.524,NA,NA,FALSE,FALSE
20021009,"2002-10-09 12:00:00","2002-10-09 12:00:00",2002,10,9,6.889,20.389,13.556,0,NA,NA,FALSE,FALSE
20021010,"2002-10-10 12:00:00","2002-10-10 12:00:00",2002,10,10,7.389,23.722,16,0,NA,NA,FALSE,FALSE
20021011,"2002-10-11 12:00:00","2002-10-11 12:00:00",2002,10,11,10.389,22.389,16.222,0,NA,NA,FALSE,FALSE
20021012,"2002-10-12 12:00:00","2002-10-12 12:00:00",2002,10,12,10.889,26,19.944,NA,NA,NA,FALSE,FALSE
20021013,"2002-10-13 12:00:00","2002-10-13 12:00:00",2002,10,13,13.111,26,18.722,0,NA,NA,FALSE,FALSE
20021014,"2002-10-14 12:00:00","2002-10-14 12:00:00",2002,10,14,12.222,25.278,17.722,NA,NA,NA,FALSE,FALSE
20021015,"2002-10-15 12:00:00","2002-10-15 12:00:00",2002,10,15,8.611,21.389,14.944,10.922,NA,NA,FALSE,FALSE
20021016,"2002-10-16 12:00:00","2002-10-16 12:00:00",2002,10,16,7.5,23.5,14.778,0.254,NA,NA,FALSE,FALSE
20021017,"2002-10-17 12:00:00","2002-10-17 12:00:00",2002,10,17,9.222,28.278,19.167,0,NA,NA,FALSE,FALSE
20021018,"2002-10-18 12:00:00","2002-10-18 12:00:00",2002,10,18,14.5,18.778,17.389,1.016,NA,NA,FALSE,FALSE
20021019,"2002-10-19 12:00:00","2002-10-19 12:00:00",2002,10,19,16.389,22.778,18.833,0.508,NA,NA,FALSE,FALSE
20021020,"2002-10-20 12:00:00","2002-10-20 12:00:00",2002,10,20,13.278,19.389,15.111,0.254,NA,NA,FALSE,FALSE
20021021,"2002-10-21 12:00:00","2002-10-21 12:00:00",2002,10,21,5.722,19.111,11.889,3.048,NA,NA,FALSE,FALSE
20021022,"2002-10-22 12:00:00","2002-10-22 12:00:00",2002,10,22,4.278,13,7.611,0,NA,NA,FALSE,FALSE
20021023,"2002-10-23 12:00:00","2002-10-23 12:00:00",2002,10,23,4.222,12.722,7.778,0,NA,NA,FALSE,FALSE
20021024,"2002-10-24 12:00:00","2002-10-24 12:00:00",2002,10,24,6.778,18.611,12.278,0,NA,NA,FALSE,FALSE
20021025,"2002-10-25 12:00:00","2002-10-25 12:00:00",2002,10,25,6.389,20.778,13.778,0,NA,NA,FALSE,FALSE
20021026,"2002-10-26 12:00:00","2002-10-26 12:00:00",2002,10,26,5.639,16.4445,NA,NA,NA,NA,TRUE,TRUE
20021027,"2002-10-27 12:00:00","2002-10-27 12:00:00",2002,10,27,4.889,12.111,8.111,4.572,NA,NA,FALSE,FALSE
20021028,"2002-10-28 12:00:00","2002-10-28 12:00:00",2002,10,28,5.111,9.222,6.167,1.016,NA,NA,FALSE,FALSE
20021029,"2002-10-29 12:00:00","2002-10-29 12:00:00",2002,10,29,1,12.611,5.944,0.508,NA,NA,FALSE,FALSE
20021030,"2002-10-30 12:00:00","2002-10-30 12:00:00",2002,10,30,1,18.5,11.611,0,NA,NA,FALSE,FALSE
20021031,"2002-10-31 12:00:00","2002-10-31 12:00:00",2002,10,31,8,18.5,13.167,0,NA,NA,FALSE,FALSE
20021101,"2002-11-01 12:00:00","2002-11-01 12:00:00",2002,11,1,3.722,10.111,7,NA,NA,NA,FALSE,FALSE
20021102,"2002-11-02 12:00:00","2002-11-02 12:00:00",2002,11,2,2.722,10.222,6.333,0,NA,NA,FALSE,FALSE
20021103,"2002-11-03 12:00:00","2002-11-03 12:00:00",2002,11,3,0.889,9.111,4.333,1.016,NA,NA,FALSE,FALSE
20021104,"2002-11-04 12:00:00","2002-11-04 12:00:00",2002,11,4,-10.778,10,3.722,7.112,NA,NA,FALSE,FALSE
20021105,"2002-11-05 12:00:00","2002-11-05 12:00:00",2002,11,5,-0.722,12.222,6.556,0.508,NA,NA,FALSE,FALSE
20021106,"2002-11-06 12:00:00","2002-11-06 12:00:00",2002,11,6,3.389,19.222,12.944,0,NA,NA,FALSE,FALSE
20021107,"2002-11-07 12:00:00","2002-11-07 12:00:00",2002,11,7,7.111,16.889,11.944,16.002,NA,NA,FALSE,FALSE
20021108,"2002-11-08 12:00:00","2002-11-08 12:00:00",2002,11,8,0.778,7.722,3.722,2.032,NA,NA,FALSE,FALSE
20021109,"2002-11-09 12:00:00","2002-11-09 12:00:00",2002,11,9,2.389,8.611,4.722,6.604,NA,NA,FALSE,FALSE
20021110,"2002-11-10 12:00:00","2002-11-10 12:00:00",2002,11,10,2.111,16.722,12.389,0,NA,NA,FALSE,FALSE
20021111,"2002-11-11 12:00:00","2002-11-11 12:00:00",2002,11,11,7.389,20.778,14,0,NA,NA,FALSE,FALSE
20021112,"2002-11-12 12:00:00","2002-11-12 12:00:00",2002,11,12,3.5,12.389,7.556,NA,NA,NA,FALSE,FALSE
20021113,"2002-11-13 12:00:00","2002-11-13 12:00:00",2002,11,13,0.778,10.611,4.889,0,NA,NA,FALSE,FALSE
20021114,"2002-11-14 12:00:00","2002-11-14 12:00:00",2002,11,14,0.5,10.722,7,0,NA,NA,FALSE,FALSE
20021115,"2002-11-15 12:00:00","2002-11-15 12:00:00",2002,11,15,0.889,8,3.5,0,NA,NA,FALSE,FALSE
20021116,"2002-11-16 12:00:00","2002-11-16 12:00:00",2002,11,16,-0.111,12.278,5.056,0,NA,NA,FALSE,FALSE
20021117,"2002-11-17 12:00:00","2002-11-17 12:00:00",2002,11,17,-1,9.111,5.222,1.016,NA,NA,FALSE,FALSE
20021118,"2002-11-18 12:00:00","2002-11-18 12:00:00",2002,11,18,-1.722,5.611,0.611,NA,NA,NA,FALSE,FALSE
20021119,"2002-11-19 12:00:00","2002-11-19 12:00:00",2002,11,19,-3.278,7.889,2.444,0,NA,NA,FALSE,FALSE
20021120,"2002-11-20 12:00:00","2002-11-20 12:00:00",2002,11,20,-0.111,10.111,6.444,0,NA,NA,FALSE,FALSE
20021121,"2002-11-21 12:00:00","2002-11-21 12:00:00",2002,11,21,-0.222,10,4.5,0,NA,NA,FALSE,FALSE
20021122,"2002-11-22 12:00:00","2002-11-22 12:00:00",2002,11,22,-0.722,13.611,6.278,0,NA,NA,FALSE,FALSE
20021123,"2002-11-23 12:00:00","2002-11-23 12:00:00",2002,11,23,0.778,16.5,8.111,0,NA,NA,FALSE,FALSE
20021124,"2002-11-24 12:00:00","2002-11-24 12:00:00",2002,11,24,2.278,19.722,6.444,0,NA,NA,FALSE,FALSE
20021125,"2002-11-25 12:00:00","2002-11-25 12:00:00",2002,11,25,-1.722,9.5,3.556,0,NA,NA,FALSE,FALSE
20021126,"2002-11-26 12:00:00","2002-11-26 12:00:00",2002,11,26,-1.778,5.5,3.111,2.032,NA,NA,FALSE,FALSE
20021127,"2002-11-27 12:00:00","2002-11-27 12:00:00",2002,11,27,-2.278,6.722,2.167,0,NA,NA,FALSE,FALSE
20021128,"2002-11-28 12:00:00","2002-11-28 12:00:00",2002,11,28,-3.222,11,5.056,0,NA,NA,FALSE,FALSE
20021129,"2002-11-29 12:00:00","2002-11-29 12:00:00",2002,11,29,0.778,16.278,10.222,NA,NA,NA,FALSE,FALSE
20021130,"2002-11-30 12:00:00","2002-11-30 12:00:00",2002,11,30,-1.722,14.111,6.056,0.508,NA,NA,FALSE,FALSE
20021201,"2002-12-01 12:00:00","2002-12-01 12:00:00",2002,12,1,-2.389,13.778,4.889,0,NA,NA,FALSE,FALSE
20021202,"2002-12-02 12:00:00","2002-12-02 12:00:00",2002,12,2,-0.111,13.778,7.278,0,NA,NA,FALSE,FALSE
20021203,"2002-12-03 12:00:00","2002-12-03 12:00:00",2002,12,3,2.889,10.611,9.444,3.048,NA,NA,FALSE,FALSE
20021204,"2002-12-04 12:00:00","2002-12-04 12:00:00",2002,12,4,2.111,16,10.111,3.048,NA,NA,FALSE,FALSE
20021205,"2002-12-05 12:00:00","2002-12-05 12:00:00",2002,12,5,1.722,14.389,7.333,0,NA,NA,FALSE,FALSE
20021206,"2002-12-06 12:00:00","2002-12-06 12:00:00",2002,12,6,1.278,10,7.944,0,NA,NA,FALSE,FALSE
20021207,"2002-12-07 12:00:00","2002-12-07 12:00:00",2002,12,7,4.5,7.5,6,0.508,NA,NA,FALSE,FALSE
20021208,"2002-12-08 12:00:00","2002-12-08 12:00:00",2002,12,8,-0.778,4.778,2.556,7.112,NA,NA,FALSE,FALSE
20021209,"2002-12-09 12:00:00","2002-12-09 12:00:00",2002,12,9,-4.889,0.389,-2.278,2.54,NA,NA,FALSE,FALSE
20021210,"2002-12-10 12:00:00","2002-12-10 12:00:00",2002,12,10,-5.111,1.111,-2.167,0,NA,NA,FALSE,FALSE
20021211,"2002-12-11 12:00:00","2002-12-11 12:00:00",2002,12,11,-4.778,3.278,-1.444,1.016,NA,NA,FALSE,FALSE
20021212,"2002-12-12 12:00:00","2002-12-12 12:00:00",2002,12,12,-5.222,3.778,-0.389,0,NA,NA,FALSE,FALSE
20021213,"2002-12-13 12:00:00","2002-12-13 12:00:00",2002,12,13,-5.111,5.722,0.444,0,NA,NA,FALSE,FALSE
20021214,"2002-12-14 12:00:00","2002-12-14 12:00:00",2002,12,14,-5.5,8.611,1.667,0,NA,NA,FALSE,FALSE
20021215,"2002-12-15 12:00:00","2002-12-15 12:00:00",2002,12,15,-2.778,13.222,9.333,0.508,NA,NA,FALSE,FALSE
20021216,"2002-12-16 12:00:00","2002-12-16 12:00:00",2002,12,16,2.722,11.222,6.778,3.048,NA,NA,FALSE,FALSE
20021217,"2002-12-17 12:00:00","2002-12-17 12:00:00",2002,12,17,2.389,11.222,6.556,0,NA,NA,FALSE,FALSE
20021218,"2002-12-18 12:00:00","2002-12-18 12:00:00",2002,12,18,4,9.389,6.611,0,NA,NA,FALSE,FALSE
20021219,"2002-12-19 12:00:00","2002-12-19 12:00:00",2002,12,19,0.722,15.389,6.722,0,NA,NA,FALSE,FALSE
20021220,"2002-12-20 12:00:00","2002-12-20 12:00:00",2002,12,20,0,13.111,8.778,0,NA,NA,FALSE,FALSE
20021221,"2002-12-21 12:00:00","2002-12-21 12:00:00",2002,12,21,3.278,15.889,8.889,0,NA,NA,FALSE,FALSE
20021222,"2002-12-22 12:00:00","2002-12-22 12:00:00",2002,12,22,2.889,15.611,8.333,0,NA,NA,FALSE,FALSE
20021223,"2002-12-23 12:00:00","2002-12-23 12:00:00",2002,12,23,1.389,10.722,6.889,0.508,NA,NA,FALSE,FALSE
20021224,"2002-12-24 12:00:00","2002-12-24 12:00:00",2002,12,24,0.778,5.611,4.222,3.556,NA,NA,FALSE,FALSE
20021225,"2002-12-25 12:00:00","2002-12-25 12:00:00",2002,12,25,-2.722,4,-1.611,1.524,NA,NA,FALSE,FALSE
20021226,"2002-12-26 12:00:00","2002-12-26 12:00:00",2002,12,26,-3,1.778,-1,1.016,NA,NA,FALSE,FALSE
20021227,"2002-12-27 12:00:00","2002-12-27 12:00:00",2002,12,27,-5.111,4.111,-0.333,0,NA,NA,FALSE,FALSE
20021228,"2002-12-28 12:00:00","2002-12-28 12:00:00",2002,12,28,-2.111,6.722,2.556,0,NA,NA,FALSE,FALSE
20021229,"2002-12-29 12:00:00","2002-12-29 12:00:00",2002,12,29,-1.889,6.5,0.778,0,NA,NA,FALSE,FALSE
20021230,"2002-12-30 12:00:00","2002-12-30 12:00:00",2002,12,30,-3.278,5.278,0.333,0,NA,NA,FALSE,FALSE
20021231,"2002-12-31 12:00:00","2002-12-31 12:00:00",2002,12,31,-4.111,5,1.222,0,NA,NA,FALSE,FALSE
20030101,"2003-01-01 12:00:00","2003-01-01 12:00:00",2003,1,1,-4.889,3.5,-1.222,NA,NA,NA,FALSE,FALSE
20030102,"2003-01-02 12:00:00","2003-01-02 12:00:00",2003,1,2,-6.611,4.722,0.333,0,NA,NA,FALSE,FALSE
20030103,"2003-01-03 12:00:00","2003-01-03 12:00:00",2003,1,3,-5.222,0.111,-2.167,2.032,NA,NA,FALSE,FALSE
20030104,"2003-01-04 12:00:00","2003-01-04 12:00:00",2003,1,4,-8.889,-3.611,-5.889,4.572,NA,NA,FALSE,FALSE
20030105,"2003-01-05 12:00:00","2003-01-05 12:00:00",2003,1,5,-9.778,-4.222,-8,7.62,NA,NA,FALSE,FALSE
20030106,"2003-01-06 12:00:00","2003-01-06 12:00:00",2003,1,6,-10.278,0.389,-5.722,0.254,NA,NA,FALSE,FALSE
20030107,"2003-01-07 12:00:00","2003-01-07 12:00:00",2003,1,7,-9.889,3,-3.722,0,NA,NA,FALSE,FALSE
20030108,"2003-01-08 12:00:00","2003-01-08 12:00:00",2003,1,8,-6.222,4,-2.278,0,NA,NA,FALSE,FALSE
20030109,"2003-01-09 12:00:00","2003-01-09 12:00:00",2003,1,9,-7.778,5.389,1.111,0,NA,NA,FALSE,FALSE
20030110,"2003-01-10 12:00:00","2003-01-10 12:00:00",2003,1,10,-1.722,5.278,1.167,0,NA,NA,FALSE,FALSE
20030111,"2003-01-11 12:00:00","2003-01-11 12:00:00",2003,1,11,-3,7.5,2.389,0,NA,NA,FALSE,FALSE
20030112,"2003-01-12 12:00:00","2003-01-12 12:00:00",2003,1,12,-2.611,9.389,2.889,0,NA,NA,FALSE,FALSE
20030113,"2003-01-13 12:00:00","2003-01-13 12:00:00",2003,1,13,-1.111,11.889,5.611,0,NA,NA,FALSE,FALSE
20030114,"2003-01-14 12:00:00","2003-01-14 12:00:00",2003,1,14,-4.111,3.5,0.222,0,NA,NA,FALSE,FALSE
20030115,"2003-01-15 12:00:00","2003-01-15 12:00:00",2003,1,15,-6.889,4.278,-1.722,0,NA,NA,FALSE,FALSE
20030116,"2003-01-16 12:00:00","2003-01-16 12:00:00",2003,1,16,-4.611,7.222,1.278,0,NA,NA,FALSE,FALSE
20030117,"2003-01-17 12:00:00","2003-01-17 12:00:00",2003,1,17,-2,12.722,5.722,2.032,NA,NA,FALSE,FALSE
20030118,"2003-01-18 12:00:00","2003-01-18 12:00:00",2003,1,18,-0.5,8.778,3.167,0,NA,NA,FALSE,FALSE
20030119,"2003-01-19 12:00:00","2003-01-19 12:00:00",2003,1,19,-0.111,5.389,2,NA,NA,NA,FALSE,FALSE
20030120,"2003-01-20 12:00:00","2003-01-20 12:00:00",2003,1,20,-0.889,3.278,0.5,0.508,NA,NA,FALSE,FALSE
20030121,"2003-01-21 12:00:00","2003-01-21 12:00:00",2003,1,21,-2.889,4.778,-0.167,0,NA,NA,FALSE,FALSE
20030122,"2003-01-22 12:00:00","2003-01-22 12:00:00",2003,1,22,-3.278,0.389,-1.167,4.064,NA,NA,FALSE,FALSE
20030123,"2003-01-23 12:00:00","2003-01-23 12:00:00",2003,1,23,-4.222,3.389,0.444,2.032,NA,NA,FALSE,FALSE
20030124,"2003-01-24 12:00:00","2003-01-24 12:00:00",2003,1,24,-4.111,5.278,0.111,0.254,NA,NA,FALSE,FALSE
20030125,"2003-01-25 12:00:00","2003-01-25 12:00:00",2003,1,25,-4.889,6.389,3.5,0,NA,NA,FALSE,FALSE
20030126,"2003-01-26 12:00:00","2003-01-26 12:00:00",2003,1,26,3.111,4.278,3.667,1.016,NA,NA,FALSE,FALSE
20030127,"2003-01-27 12:00:00","2003-01-27 12:00:00",2003,1,27,-4.222,2.778,-1.278,12.954,NA,NA,FALSE,FALSE
20030128,"2003-01-28 12:00:00","2003-01-28 12:00:00",2003,1,28,-7.5,-0.278,-4.5,3.048,NA,NA,FALSE,FALSE
20030129,"2003-01-29 12:00:00","2003-01-29 12:00:00",2003,1,29,-8.889,-4.278,-7.389,6.096,NA,NA,FALSE,FALSE
20030130,"2003-01-30 12:00:00","2003-01-30 12:00:00",2003,1,30,-9.389,1.778,-3.222,1.524,NA,NA,FALSE,FALSE
20030131,"2003-01-31 12:00:00","2003-01-31 12:00:00",2003,1,31,-5.222,4,-0.889,0,NA,NA,FALSE,FALSE
20030201,"2003-02-01 12:00:00","2003-02-01 12:00:00",2003,2,1,-6.111,5.889,-1.111,0,NA,NA,FALSE,FALSE
20030202,"2003-02-02 12:00:00","2003-02-02 12:00:00",2003,2,2,-6.778,5.278,-0.333,0,NA,NA,FALSE,FALSE
20030203,"2003-02-03 12:00:00","2003-02-03 12:00:00",2003,2,3,-5.5,6.389,1.111,0,NA,NA,FALSE,FALSE
20030204,"2003-02-04 12:00:00","2003-02-04 12:00:00",2003,2,4,-2.111,5.111,0.889,NA,NA,NA,FALSE,FALSE
20030205,"2003-02-05 12:00:00","2003-02-05 12:00:00",2003,2,5,-2.222,3.889,0.222,0.254,NA,NA,FALSE,FALSE
20030206,"2003-02-06 12:00:00","2003-02-06 12:00:00",2003,2,6,-3.389,8.278,1.556,0.508,NA,NA,FALSE,FALSE
20030207,"2003-02-07 12:00:00","2003-02-07 12:00:00",2003,2,7,-2.5,8.611,4.778,0,NA,NA,FALSE,FALSE
20030208,"2003-02-08 12:00:00","2003-02-08 12:00:00",2003,2,8,3.389,6.611,4.778,11.43,NA,NA,FALSE,FALSE
20030209,"2003-02-09 12:00:00","2003-02-09 12:00:00",2003,2,9,2.889,13.722,7.333,7.874,NA,NA,FALSE,FALSE
20030210,"2003-02-10 12:00:00","2003-02-10 12:00:00",2003,2,10,2.111,14.722,7.389,0,NA,NA,FALSE,FALSE
20030211,"2003-02-11 12:00:00","2003-02-11 12:00:00",2003,2,11,-5,5.278,-0.944,6.604,NA,NA,FALSE,FALSE
20030212,"2003-02-12 12:00:00","2003-02-12 12:00:00",2003,2,12,-5.889,2.722,-2.444,0,NA,NA,FALSE,FALSE
20030213,"2003-02-13 12:00:00","2003-02-13 12:00:00",2003,2,13,-3.5,5.889,1.111,0,NA,NA,FALSE,FALSE
20030214,"2003-02-14 12:00:00","2003-02-14 12:00:00",2003,2,14,-3.5,10,3.667,0,NA,NA,FALSE,FALSE
20030215,"2003-02-15 12:00:00","2003-02-15 12:00:00",2003,2,15,1.222,8,5.389,0,NA,NA,FALSE,FALSE
20030216,"2003-02-16 12:00:00","2003-02-16 12:00:00",2003,2,16,-0.722,10.722,4.778,0,NA,NA,FALSE,FALSE
20030217,"2003-02-17 12:00:00","2003-02-17 12:00:00",2003,2,17,-1.111,12.722,4.667,0,NA,NA,FALSE,FALSE
20030218,"2003-02-18 12:00:00","2003-02-18 12:00:00",2003,2,18,-1.389,12.389,6.333,0,NA,NA,FALSE,FALSE
20030219,"2003-02-19 12:00:00","2003-02-19 12:00:00",2003,2,19,0.389,6.5,2.611,NA,NA,NA,FALSE,FALSE
20030220,"2003-02-20 12:00:00","2003-02-20 12:00:00",2003,2,20,-0.611,10.278,4.944,0,NA,NA,FALSE,FALSE
20030221,"2003-02-21 12:00:00","2003-02-21 12:00:00",2003,2,21,0.722,10.389,8.389,NA,NA,NA,FALSE,FALSE
20030222,"2003-02-22 12:00:00","2003-02-22 12:00:00",2003,2,22,5.5,9.611,7.778,8.382,NA,NA,FALSE,FALSE
20030223,"2003-02-23 12:00:00","2003-02-23 12:00:00",2003,2,23,4.111,7.5,5.944,10.414,NA,NA,FALSE,FALSE
20030224,"2003-02-24 12:00:00","2003-02-24 12:00:00",2003,2,24,0.278,8.889,3.722,6.604,NA,NA,FALSE,FALSE
20030225,"2003-02-25 12:00:00","2003-02-25 12:00:00",2003,2,25,-0.611,13.722,6.833,0,NA,NA,FALSE,FALSE
20030226,"2003-02-26 12:00:00","2003-02-26 12:00:00",2003,2,26,1.222,14.222,6.222,0,NA,NA,FALSE,FALSE
20030227,"2003-02-27 12:00:00","2003-02-27 12:00:00",2003,2,27,0.222,14.778,7.556,0,NA,NA,FALSE,FALSE
20030228,"2003-02-28 12:00:00","2003-02-28 12:00:00",2003,2,28,1.889,13.611,7.722,NA,NA,NA,FALSE,FALSE
20030301,"2003-03-01 12:00:00","2003-03-01 12:00:00",2003,3,1,0.778,10.722,5.278,10.414,NA,NA,FALSE,FALSE
20030302,"2003-03-02 12:00:00","2003-03-02 12:00:00",2003,3,2,5.389,12.722,7.778,0,NA,NA,FALSE,FALSE
20030303,"2003-03-03 12:00:00","2003-03-03 12:00:00",2003,3,3,-3.611,5.722,-0.056,8.382,NA,NA,FALSE,FALSE
20030304,"2003-03-04 12:00:00","2003-03-04 12:00:00",2003,3,4,-4.278,5.889,1.111,0,NA,NA,FALSE,FALSE
20030305,"2003-03-05 12:00:00","2003-03-05 12:00:00",2003,3,5,-0.778,8.722,4.444,NA,NA,NA,FALSE,FALSE
20030306,"2003-03-06 12:00:00","2003-03-06 12:00:00",2003,3,6,1.111,5.222,3.667,7.874,NA,NA,FALSE,FALSE
20030307,"2003-03-07 12:00:00","2003-03-07 12:00:00",2003,3,7,1.722,5.5,2.778,7.874,NA,NA,FALSE,FALSE
20030308,"2003-03-08 12:00:00","2003-03-08 12:00:00",2003,3,8,-1.278,7.889,2.778,0,NA,NA,FALSE,FALSE
20030309,"2003-03-09 12:00:00","2003-03-09 12:00:00",2003,3,9,-1.611,10.722,5,0,NA,NA,FALSE,FALSE
20030310,"2003-03-10 12:00:00","2003-03-10 12:00:00",2003,3,10,0.889,12.722,6,0,NA,NA,FALSE,FALSE
20030311,"2003-03-11 12:00:00","2003-03-11 12:00:00",2003,3,11,0.611,13.111,7.5,0,NA,NA,FALSE,FALSE
20030312,"2003-03-12 12:00:00","2003-03-12 12:00:00",2003,3,12,1.722,14.778,7.5,0,NA,NA,FALSE,FALSE
20030313,"2003-03-13 12:00:00","2003-03-13 12:00:00",2003,3,13,0.278,14.5,6.444,0,NA,NA,FALSE,FALSE
20030314,"2003-03-14 12:00:00","2003-03-14 12:00:00",2003,3,14,2.778,11.889,5.667,2.032,NA,NA,FALSE,FALSE
20030315,"2003-03-15 12:00:00","2003-03-15 12:00:00",2003,3,15,4.5,9.611,8.278,5.08,NA,NA,FALSE,FALSE
20030316,"2003-03-16 12:00:00","2003-03-16 12:00:00",2003,3,16,4,8.5,6.778,5.588,NA,NA,FALSE,FALSE
20030317,"2003-03-17 12:00:00","2003-03-17 12:00:00",2003,3,17,2.5,8,5.278,17.018,NA,NA,FALSE,FALSE
20030318,"2003-03-18 12:00:00","2003-03-18 12:00:00",2003,3,18,1.778,10.611,5.444,0,NA,NA,FALSE,FALSE
20030319,"2003-03-19 12:00:00","2003-03-19 12:00:00",2003,3,19,0,13.111,5.278,0,NA,NA,FALSE,FALSE
20030320,"2003-03-20 12:00:00","2003-03-20 12:00:00",2003,3,20,-0.389,14.278,7.667,0,NA,NA,FALSE,FALSE
20030321,"2003-03-21 12:00:00","2003-03-21 12:00:00",2003,3,21,2.5,15.389,10.278,0,NA,NA,FALSE,FALSE
20030322,"2003-03-22 12:00:00","2003-03-22 12:00:00",2003,3,22,5.111,16,10.222,0,NA,NA,FALSE,FALSE
20030323,"2003-03-23 12:00:00","2003-03-23 12:00:00",2003,3,23,5.222,16.222,10.222,0,NA,NA,FALSE,FALSE
20030324,"2003-03-24 12:00:00","2003-03-24 12:00:00",2003,3,24,5,16.889,11.333,0,NA,NA,FALSE,FALSE
20030325,"2003-03-25 12:00:00","2003-03-25 12:00:00",2003,3,25,3.889,14.611,8.944,0,NA,NA,FALSE,FALSE
20030326,"2003-03-26 12:00:00","2003-03-26 12:00:00",2003,3,26,3.722,19.5,13.111,NA,NA,NA,FALSE,FALSE
20030327,"2003-03-27 12:00:00","2003-03-27 12:00:00",2003,3,27,2.778,13.5,6.778,6.604,NA,NA,FALSE,FALSE
20030328,"2003-03-28 12:00:00","2003-03-28 12:00:00",2003,3,28,1.5,11.611,5.778,0,NA,NA,FALSE,FALSE
20030329,"2003-03-29 12:00:00","2003-03-29 12:00:00",2003,3,29,0.778,15.778,9,0,NA,NA,FALSE,FALSE
20030330,"2003-03-30 12:00:00","2003-03-30 12:00:00",2003,3,30,4.5,21,16.111,0,NA,NA,FALSE,FALSE
20030331,"2003-03-31 12:00:00","2003-03-31 12:00:00",2003,3,31,14.222,20.111,17.278,0,NA,NA,FALSE,FALSE
20030401,"2003-04-01 12:00:00","2003-04-01 12:00:00",2003,4,1,11.389,22.889,16.444,0,NA,NA,FALSE,FALSE
20030402,"2003-04-02 12:00:00","2003-04-02 12:00:00",2003,4,2,9.5,21.222,14.611,0,NA,NA,FALSE,FALSE
20030403,"2003-04-03 12:00:00","2003-04-03 12:00:00",2003,4,3,8.778,21.222,13.333,0,NA,NA,FALSE,FALSE
20030404,"2003-04-04 12:00:00","2003-04-04 12:00:00",2003,4,4,5.278,15.389,11,0,NA,NA,FALSE,FALSE
20030405,"2003-04-05 12:00:00","2003-04-05 12:00:00",2003,4,5,4.889,19.5,11.667,0,NA,NA,FALSE,FALSE
20030406,"2003-04-06 12:00:00","2003-04-06 12:00:00",2003,4,6,4.5,20.722,12.611,0,NA,NA,FALSE,FALSE
20030407,"2003-04-07 12:00:00","2003-04-07 12:00:00",2003,4,7,5.389,15.722,11,13.97,NA,NA,FALSE,FALSE
20030408,"2003-04-08 12:00:00","2003-04-08 12:00:00",2003,4,8,6.222,10.111,8.556,3.048,NA,NA,FALSE,FALSE
20030409,"2003-04-09 12:00:00","2003-04-09 12:00:00",2003,4,9,5.222,14.611,8.333,0,NA,NA,FALSE,FALSE
20030410,"2003-04-10 12:00:00","2003-04-10 12:00:00",2003,4,10,4.889,17.5,12.167,NA,NA,NA,FALSE,FALSE
20030411,"2003-04-11 12:00:00","2003-04-11 12:00:00",2003,4,11,7.389,15.889,13.167,12.954,NA,NA,FALSE,FALSE
20030412,"2003-04-12 12:00:00","2003-04-12 12:00:00",2003,4,12,7.278,19.778,11.833,1.016,NA,NA,FALSE,FALSE
20030413,"2003-04-13 12:00:00","2003-04-13 12:00:00",2003,4,13,7.278,20.611,14.667,0,NA,NA,FALSE,FALSE
20030414,"2003-04-14 12:00:00","2003-04-14 12:00:00",2003,4,14,5.278,20.722,13.111,0,NA,NA,FALSE,FALSE
20030415,"2003-04-15 12:00:00","2003-04-15 12:00:00",2003,4,15,5,22.778,14.889,0,NA,NA,FALSE,FALSE
20030416,"2003-04-16 12:00:00","2003-04-16 12:00:00",2003,4,16,8.111,25,17.889,0,NA,NA,FALSE,FALSE
20030417,"2003-04-17 12:00:00","2003-04-17 12:00:00",2003,4,17,14.389,26.778,21.111,0,NA,NA,FALSE,FALSE
20030418,"2003-04-18 12:00:00","2003-04-18 12:00:00",2003,4,18,9.889,21.278,16.611,45.974,NA,NA,FALSE,FALSE
20030419,"2003-04-19 12:00:00","2003-04-19 12:00:00",2003,4,19,9.278,13.778,11.667,23.876,NA,NA,FALSE,FALSE
20030420,"2003-04-20 12:00:00","2003-04-20 12:00:00",2003,4,20,6.889,11.611,9.722,14.986,NA,NA,FALSE,FALSE
20030421,"2003-04-21 12:00:00","2003-04-21 12:00:00",2003,4,21,6.778,20.5,13.556,0,NA,NA,FALSE,FALSE
20030422,"2003-04-22 12:00:00","2003-04-22 12:00:00",2003,4,22,11.611,18,13.778,0,NA,NA,FALSE,FALSE
20030423,"2003-04-23 12:00:00","2003-04-23 12:00:00",2003,4,23,11.278,14,12.944,14.986,NA,NA,FALSE,FALSE
20030424,"2003-04-24 12:00:00","2003-04-24 12:00:00",2003,4,24,11,17.111,14.111,18.034,NA,NA,FALSE,FALSE
20030425,"2003-04-25 12:00:00","2003-04-25 12:00:00",2003,4,25,10.111,14.278,12.833,19.05,NA,NA,FALSE,FALSE
20030426,"2003-04-26 12:00:00","2003-04-26 12:00:00",2003,4,26,10.111,22.222,15.5,27.432,NA,NA,FALSE,FALSE
20030427,"2003-04-27 12:00:00","2003-04-27 12:00:00",2003,4,27,10.111,23.611,16.667,0,NA,NA,FALSE,FALSE
20030428,"2003-04-28 12:00:00","2003-04-28 12:00:00",2003,4,28,10.778,25.222,19.278,NA,NA,NA,FALSE,FALSE
20030429,"2003-04-29 12:00:00","2003-04-29 12:00:00",2003,4,29,10.778,18.278,14.333,1.524,NA,NA,FALSE,FALSE
20030430,"2003-04-30 12:00:00","2003-04-30 12:00:00",2003,4,30,8.5,20.222,14.111,47.498,NA,NA,FALSE,FALSE
20030501,"2003-05-01 12:00:00","2003-05-01 12:00:00",2003,5,1,8,24.5,16.833,0,NA,NA,FALSE,FALSE
20030502,"2003-05-02 12:00:00","2003-05-02 12:00:00",2003,5,2,10.111,25.722,17.889,0,NA,NA,FALSE,FALSE
20030503,"2003-05-03 12:00:00","2003-05-03 12:00:00",2003,5,3,11.111,26.722,19.889,0,NA,NA,FALSE,FALSE
20030504,"2003-05-04 12:00:00","2003-05-04 12:00:00",2003,5,4,13,22,17.833,NA,NA,NA,FALSE,FALSE
20030505,"2003-05-05 12:00:00","2003-05-05 12:00:00",2003,5,5,12.611,27.722,21.5,0,NA,NA,FALSE,FALSE
20030506,"2003-05-06 12:00:00","2003-05-06 12:00:00",2003,5,6,16.722,19.722,19,0.254,NA,NA,FALSE,FALSE
20030507,"2003-05-07 12:00:00","2003-05-07 12:00:00",2003,5,7,12.778,21.722,17.667,1.016,NA,NA,FALSE,FALSE
20030508,"2003-05-08 12:00:00","2003-05-08 12:00:00",2003,5,8,10.278,13.278,11.667,15.494,NA,NA,FALSE,FALSE
20030509,"2003-05-09 12:00:00","2003-05-09 12:00:00",2003,5,9,10.278,20.5,14.556,4.572,NA,NA,FALSE,FALSE
20030510,"2003-05-10 12:00:00","2003-05-10 12:00:00",2003,5,10,10.278,21.722,15.889,0,NA,NA,FALSE,FALSE
20030511,"2003-05-11 12:00:00","2003-05-11 12:00:00",2003,5,11,10.778,24.278,17.278,0,NA,NA,FALSE,FALSE
20030512,"2003-05-12 12:00:00","2003-05-12 12:00:00",2003,5,12,11.778,24.278,18.722,0,NA,NA,FALSE,FALSE
20030513,"2003-05-13 12:00:00","2003-05-13 12:00:00",2003,5,13,14.111,26.222,21.056,NA,NA,NA,FALSE,FALSE
20030514,"2003-05-14 12:00:00","2003-05-14 12:00:00",2003,5,14,17.389,24,19.778,0,NA,NA,FALSE,FALSE
20030515,"2003-05-15 12:00:00","2003-05-15 12:00:00",2003,5,15,15.222,24.611,19.111,NA,NA,NA,FALSE,FALSE
20030516,"2003-05-16 12:00:00","2003-05-16 12:00:00",2003,5,16,15,26.889,19.556,0,NA,NA,FALSE,FALSE
20030517,"2003-05-17 12:00:00","2003-05-17 12:00:00",2003,5,17,14.778,25.722,19.833,0,NA,NA,FALSE,FALSE
20030518,"2003-05-18 12:00:00","2003-05-18 12:00:00",2003,5,18,14.778,26.222,20.333,0,NA,NA,FALSE,FALSE
20030519,"2003-05-19 12:00:00","2003-05-19 12:00:00",2003,5,19,14,26.389,19.278,0,NA,NA,FALSE,FALSE
20030520,"2003-05-20 12:00:00","2003-05-20 12:00:00",2003,5,20,13.722,24.778,18.778,0,NA,NA,FALSE,FALSE
20030521,"2003-05-21 12:00:00","2003-05-21 12:00:00",2003,5,21,13.611,26.389,20.056,0,NA,NA,FALSE,FALSE
20030522,"2003-05-22 12:00:00","2003-05-22 12:00:00",2003,5,22,15.278,27.389,20.111,0,NA,NA,FALSE,FALSE
20030523,"2003-05-23 12:00:00","2003-05-23 12:00:00",2003,5,23,14.778,28.278,22.556,0,NA,NA,FALSE,FALSE
20030524,"2003-05-24 12:00:00","2003-05-24 12:00:00",2003,5,24,14.222,23,17.556,4.064,NA,NA,FALSE,FALSE
20030525,"2003-05-25 12:00:00","2003-05-25 12:00:00",2003,5,25,14.611,20.722,17.722,3.048,NA,NA,FALSE,FALSE
20030526,"2003-05-26 12:00:00","2003-05-26 12:00:00",2003,5,26,14.889,24.778,19.944,11.43,NA,NA,FALSE,FALSE
20030527,"2003-05-27 12:00:00","2003-05-27 12:00:00",2003,5,27,16.111,28.5,22.889,0,NA,NA,FALSE,FALSE
20030528,"2003-05-28 12:00:00","2003-05-28 12:00:00",2003,5,28,17.5,28.778,23.667,0,NA,NA,FALSE,FALSE
20030529,"2003-05-29 12:00:00","2003-05-29 12:00:00",2003,5,29,17.889,24.778,20.778,5.08,NA,NA,FALSE,FALSE
20030530,"2003-05-30 12:00:00","2003-05-30 12:00:00",2003,5,30,17.889,22.278,19.778,101.6,NA,NA,FALSE,FALSE
20030531,"2003-05-31 12:00:00","2003-05-31 12:00:00",2003,5,31,17,28.278,22.389,0,NA,NA,FALSE,FALSE
20030601,"2003-06-01 12:00:00","2003-06-01 12:00:00",2003,6,1,14.278,29,21.333,0,NA,NA,FALSE,FALSE
20030602,"2003-06-02 12:00:00","2003-06-02 12:00:00",2003,6,2,14,27.611,21.778,0,NA,NA,FALSE,FALSE
20030603,"2003-06-03 12:00:00","2003-06-03 12:00:00",2003,6,3,15.611,26.389,21.056,0,NA,NA,FALSE,FALSE
20030604,"2003-06-04 12:00:00","2003-06-04 12:00:00",2003,6,4,13.389,27.222,19.778,0,NA,NA,FALSE,FALSE
20030605,"2003-06-05 12:00:00","2003-06-05 12:00:00",2003,6,5,12.889,28.722,21.333,0,NA,NA,FALSE,FALSE
20030606,"2003-06-06 12:00:00","2003-06-06 12:00:00",2003,6,6,15.278,26.278,20.778,0,NA,NA,FALSE,FALSE
20030607,"2003-06-07 12:00:00","2003-06-07 12:00:00",2003,6,7,15.778,28.278,22.722,0,NA,NA,FALSE,FALSE
20030608,"2003-06-08 12:00:00","2003-06-08 12:00:00",2003,6,8,17.278,30,24.056,0,NA,NA,FALSE,FALSE
20030609,"2003-06-09 12:00:00","2003-06-09 12:00:00",2003,6,9,18.611,29.389,24.944,0,NA,NA,FALSE,FALSE
20030610,"2003-06-10 12:00:00","2003-06-10 12:00:00",2003,6,10,20.611,26,23.389,0,NA,NA,FALSE,FALSE
20030611,"2003-06-11 12:00:00","2003-06-11 12:00:00",2003,6,11,18.889,25.389,21.5,6.096,NA,NA,FALSE,FALSE
20030612,"2003-06-12 12:00:00","2003-06-12 12:00:00",2003,6,12,16.722,21.778,18.889,29.972,NA,NA,FALSE,FALSE
20030613,"2003-06-13 12:00:00","2003-06-13 12:00:00",2003,6,13,16.722,23.889,20.389,0.508,NA,NA,FALSE,FALSE
20030614,"2003-06-14 12:00:00","2003-06-14 12:00:00",2003,6,14,17.611,25.778,20.944,0,NA,NA,FALSE,FALSE
20030615,"2003-06-15 12:00:00","2003-06-15 12:00:00",2003,6,15,17.222,24.5,21.111,0.508,NA,NA,FALSE,FALSE
20030616,"2003-06-16 12:00:00","2003-06-16 12:00:00",2003,6,16,18.111,26.389,21.833,0,NA,NA,FALSE,FALSE
20030617,"2003-06-17 12:00:00","2003-06-17 12:00:00",2003,6,17,17.778,25.778,21.611,0,NA,NA,FALSE,FALSE
20030618,"2003-06-18 12:00:00","2003-06-18 12:00:00",2003,6,18,17.722,24.889,21.667,0,NA,NA,FALSE,FALSE
20030619,"2003-06-19 12:00:00","2003-06-19 12:00:00",2003,6,19,18.278,24.722,20.722,16.51,NA,NA,FALSE,FALSE
20030620,"2003-06-20 12:00:00","2003-06-20 12:00:00",2003,6,20,18.111,26.278,22.333,4.572,NA,NA,FALSE,FALSE
20030621,"2003-06-21 12:00:00","2003-06-21 12:00:00",2003,6,21,19.5,28.5,24.389,0,NA,NA,FALSE,FALSE
20030622,"2003-06-22 12:00:00","2003-06-22 12:00:00",2003,6,22,19.5,28.278,24.056,8.89,NA,NA,FALSE,FALSE
20030623,"2003-06-23 12:00:00","2003-06-23 12:00:00",2003,6,23,19.722,22.5,21.278,21.59,NA,NA,FALSE,FALSE
20030624,"2003-06-24 12:00:00","2003-06-24 12:00:00",2003,6,24,18.611,22.389,19.778,8.89,NA,NA,FALSE,FALSE
20030625,"2003-06-25 12:00:00","2003-06-25 12:00:00",2003,6,25,17.222,26,20.667,0,NA,NA,FALSE,FALSE
20030626,"2003-06-26 12:00:00","2003-06-26 12:00:00",2003,6,26,16.889,28.722,23.556,NA,NA,NA,FALSE,FALSE
20030627,"2003-06-27 12:00:00","2003-06-27 12:00:00",2003,6,27,18.5,23.778,21.056,25.908,NA,NA,FALSE,FALSE
20030628,"2003-06-28 12:00:00","2003-06-28 12:00:00",2003,6,28,17.778,23.889,20.278,38.1,NA,NA,FALSE,FALSE
20030629,"2003-06-29 12:00:00","2003-06-29 12:00:00",2003,6,29,17.5,27.389,22.667,0,NA,NA,FALSE,FALSE
20030630,"2003-06-30 12:00:00","2003-06-30 12:00:00",2003,6,30,18.389,22.278,20.222,0.254,NA,NA,FALSE,FALSE
20030701,"2003-07-01 12:00:00","2003-07-01 12:00:00",2003,7,1,17.778,26.5,21.111,29.972,NA,NA,FALSE,FALSE
20030702,"2003-07-02 12:00:00","2003-07-02 12:00:00",2003,7,2,17.5,27,22.778,0.508,NA,NA,FALSE,FALSE
20030703,"2003-07-03 12:00:00","2003-07-03 12:00:00",2003,7,3,18.278,22.5,20.111,60.452,NA,NA,FALSE,FALSE
20030704,"2003-07-04 12:00:00","2003-07-04 12:00:00",2003,7,4,18.5,22.389,19.833,0,NA,NA,FALSE,FALSE
20030705,"2003-07-05 12:00:00","2003-07-05 12:00:00",2003,7,5,18.778,24.278,21.778,41.91,NA,NA,FALSE,FALSE
20030706,"2003-07-06 12:00:00","2003-07-06 12:00:00",2003,7,6,20.278,22.389,21.444,11.43,NA,NA,FALSE,FALSE
20030707,"2003-07-07 12:00:00","2003-07-07 12:00:00",2003,7,7,20.278,24,22,30.988,NA,NA,FALSE,FALSE
20030708,"2003-07-08 12:00:00","2003-07-08 12:00:00",2003,7,8,20.5,24.722,23.167,8.89,NA,NA,FALSE,FALSE
20030709,"2003-07-09 12:00:00","2003-07-09 12:00:00",2003,7,9,22,27.222,24.167,75.946,NA,NA,FALSE,FALSE
20030710,"2003-07-10 12:00:00","2003-07-10 12:00:00",2003,7,10,20.889,24.278,22.111,28.448,NA,NA,FALSE,FALSE
20030711,"2003-07-11 12:00:00","2003-07-11 12:00:00",2003,7,11,20.278,25.889,22.944,56.388,NA,NA,FALSE,FALSE
20030712,"2003-07-12 12:00:00","2003-07-12 12:00:00",2003,7,12,20.111,23.722,21.556,1.016,NA,NA,FALSE,FALSE
20030713,"2003-07-13 12:00:00","2003-07-13 12:00:00",2003,7,13,17.722,21.889,19.5,66.548,NA,NA,FALSE,FALSE
20030714,"2003-07-14 12:00:00","2003-07-14 12:00:00",2003,7,14,17.5,23.778,20.833,14.478,NA,NA,FALSE,FALSE
20030715,"2003-07-15 12:00:00","2003-07-15 12:00:00",2003,7,15,18.722,26.611,22.833,0.254,NA,NA,FALSE,FALSE
20030716,"2003-07-16 12:00:00","2003-07-16 12:00:00",2003,7,16,19.278,27.5,22.944,0,NA,NA,FALSE,FALSE
20030717,"2003-07-17 12:00:00","2003-07-17 12:00:00",2003,7,17,19.5,23.5,20.944,10.922,NA,NA,FALSE,FALSE
20030718,"2003-07-18 12:00:00","2003-07-18 12:00:00",2003,7,18,19.889,23.611,21.167,38.608,NA,NA,FALSE,FALSE
20030719,"2003-07-19 12:00:00","2003-07-19 12:00:00",2003,7,19,19.778,29,24.167,5.08,NA,NA,FALSE,FALSE
20030720,"2003-07-20 12:00:00","2003-07-20 12:00:00",2003,7,20,21.278,28.222,24.833,12.954,NA,NA,FALSE,FALSE
20030721,"2003-07-21 12:00:00","2003-07-21 12:00:00",2003,7,21,21.778,28.611,25.722,0,NA,NA,FALSE,FALSE
20030722,"2003-07-22 12:00:00","2003-07-22 12:00:00",2003,7,22,23,27,24.722,4.064,NA,NA,FALSE,FALSE
20030723,"2003-07-23 12:00:00","2003-07-23 12:00:00",2003,7,23,21.111,29.111,24,59.436,NA,NA,FALSE,FALSE
20030724,"2003-07-24 12:00:00","2003-07-24 12:00:00",2003,7,24,20.778,30.5,26,0,NA,NA,FALSE,FALSE
20030725,"2003-07-25 12:00:00","2003-07-25 12:00:00",2003,7,25,23.222,31.278,26.222,0.508,NA,NA,FALSE,FALSE
20030726,"2003-07-26 12:00:00","2003-07-26 12:00:00",2003,7,26,21.778,27.389,24.667,4.572,NA,NA,FALSE,FALSE
20030727,"2003-07-27 12:00:00","2003-07-27 12:00:00",2003,7,27,20.889,27.722,23.5,0,NA,NA,FALSE,FALSE
20030728,"2003-07-28 12:00:00","2003-07-28 12:00:00",2003,7,28,20.611,26.889,24.278,0,NA,NA,FALSE,FALSE
20030729,"2003-07-29 12:00:00","2003-07-29 12:00:00",2003,7,29,22.611,27.611,23.944,19.558,NA,NA,FALSE,FALSE
20030730,"2003-07-30 12:00:00","2003-07-30 12:00:00",2003,7,30,22.278,30.5,25.111,0.508,NA,NA,FALSE,FALSE
20030731,"2003-07-31 12:00:00","2003-07-31 12:00:00",2003,7,31,22.389,30.722,25.556,0,NA,NA,FALSE,FALSE
20030801,"2003-08-01 12:00:00","2003-08-01 12:00:00",2003,8,1,21.889,30.778,25.389,0,NA,NA,FALSE,FALSE
20030802,"2003-08-02 12:00:00","2003-08-02 12:00:00",2003,8,2,21.889,31.389,27.444,0,NA,NA,FALSE,FALSE
20030803,"2003-08-03 12:00:00","2003-08-03 12:00:00",2003,8,3,24.889,31.722,27.833,0,NA,NA,FALSE,FALSE
20030804,"2003-08-04 12:00:00","2003-08-04 12:00:00",2003,8,4,24.5,31.611,27.5,1.016,NA,NA,FALSE,FALSE
20030805,"2003-08-05 12:00:00","2003-08-05 12:00:00",2003,8,5,22.389,30.778,25.5,14.986,NA,NA,FALSE,FALSE
20030806,"2003-08-06 12:00:00","2003-08-06 12:00:00",2003,8,6,22.278,31.222,27.444,NA,NA,NA,FALSE,FALSE
20030807,"2003-08-07 12:00:00","2003-08-07 12:00:00",2003,8,7,19.222,26.611,21.111,13.462,NA,NA,FALSE,FALSE
20030808,"2003-08-08 12:00:00","2003-08-08 12:00:00",2003,8,8,19.278,29,24,14.478,NA,NA,FALSE,FALSE
20030809,"2003-08-09 12:00:00","2003-08-09 12:00:00",2003,8,9,20.222,30.111,24.667,0,NA,NA,FALSE,FALSE
20030810,"2003-08-10 12:00:00","2003-08-10 12:00:00",2003,8,10,20.611,30.5,24.056,3.048,NA,NA,FALSE,FALSE
20030811,"2003-08-11 12:00:00","2003-08-11 12:00:00",2003,8,11,19.722,26.278,22.667,15.494,NA,NA,FALSE,FALSE
20030812,"2003-08-12 12:00:00","2003-08-12 12:00:00",2003,8,12,19.278,28.5,23.667,0,NA,NA,FALSE,FALSE
20030813,"2003-08-13 12:00:00","2003-08-13 12:00:00",2003,8,13,18.889,25.5,21.667,0,NA,NA,FALSE,FALSE
20030814,"2003-08-14 12:00:00","2003-08-14 12:00:00",2003,8,14,17.889,29.5,23.833,0,NA,NA,FALSE,FALSE
20030815,"2003-08-15 12:00:00","2003-08-15 12:00:00",2003,8,15,17.889,28.278,23.889,0,NA,NA,FALSE,FALSE
20030816,"2003-08-16 12:00:00","2003-08-16 12:00:00",2003,8,16,19.5,21.722,20.5,1.524,NA,NA,FALSE,FALSE
20030817,"2003-08-17 12:00:00","2003-08-17 12:00:00",2003,8,17,19.722,24,21.444,23.876,NA,NA,FALSE,FALSE
20030818,"2003-08-18 12:00:00","2003-08-18 12:00:00",2003,8,18,20.222,22.722,21.722,36.576,NA,NA,FALSE,FALSE
20030819,"2003-08-19 12:00:00","2003-08-19 12:00:00",2003,8,19,23.722,30.389,26.222,127,NA,NA,FALSE,FALSE
20030820,"2003-08-20 12:00:00","2003-08-20 12:00:00",2003,8,20,23.389,29.5,26.667,0.508,NA,NA,FALSE,FALSE
20030821,"2003-08-21 12:00:00","2003-08-21 12:00:00",2003,8,21,24.722,30.278,27.278,1.016,NA,NA,FALSE,FALSE
20030822,"2003-08-22 12:00:00","2003-08-22 12:00:00",2003,8,22,24.389,31.222,27.389,0,NA,NA,FALSE,FALSE
20030823,"2003-08-23 12:00:00","2003-08-23 12:00:00",2003,8,23,24.278,30.611,26.611,0,NA,NA,FALSE,FALSE
20030824,"2003-08-24 12:00:00","2003-08-24 12:00:00",2003,8,24,22,29.722,26.5,2.032,NA,NA,FALSE,FALSE
20030825,"2003-08-25 12:00:00","2003-08-25 12:00:00",2003,8,25,21.722,26.389,23.333,49.022,NA,NA,FALSE,FALSE
20030826,"2003-08-26 12:00:00","2003-08-26 12:00:00",2003,8,26,21,26.889,24.278,0,NA,NA,FALSE,FALSE
20030827,"2003-08-27 12:00:00","2003-08-27 12:00:00",2003,8,27,20.722,25.111,23.167,65.024,NA,NA,FALSE,FALSE
20030828,"2003-08-28 12:00:00","2003-08-28 12:00:00",2003,8,28,19.889,27,22.667,29.464,NA,NA,FALSE,FALSE
20030829,"2003-08-29 12:00:00","2003-08-29 12:00:00",2003,8,29,19.222,26.722,22.167,0.508,NA,NA,FALSE,FALSE
20030830,"2003-08-30 12:00:00","2003-08-30 12:00:00",2003,8,30,18.722,20.611,19.667,6.604,NA,NA,FALSE,FALSE
20030831,"2003-08-31 12:00:00","2003-08-31 12:00:00",2003,8,31,18.389,23,20.222,6.604,NA,NA,FALSE,FALSE
20030901,"2003-09-01 12:00:00","2003-09-01 12:00:00",2003,9,1,18.278,27.722,24.167,0,NA,NA,FALSE,FALSE
20030902,"2003-09-02 12:00:00","2003-09-02 12:00:00",2003,9,2,22.5,26,23.5,41.91,NA,NA,FALSE,FALSE
20030903,"2003-09-03 12:00:00","2003-09-03 12:00:00",2003,9,3,20.889,28.389,24.111,0,NA,NA,FALSE,FALSE
20030904,"2003-09-04 12:00:00","2003-09-04 12:00:00",2003,9,4,20.778,31.5,26.778,0,NA,NA,FALSE,FALSE
20030905,"2003-09-05 12:00:00","2003-09-05 12:00:00",2003,9,5,22.278,29.611,25.611,NA,NA,NA,FALSE,FALSE
20030906,"2003-09-06 12:00:00","2003-09-06 12:00:00",2003,9,6,22.111,29.222,24.722,30.48,NA,NA,FALSE,FALSE
20030907,"2003-09-07 12:00:00","2003-09-07 12:00:00",2003,9,7,22.222,30.722,26.389,0,NA,NA,FALSE,FALSE
20030908,"2003-09-08 12:00:00","2003-09-08 12:00:00",2003,9,8,22.5,29.111,25.444,9.906,NA,NA,FALSE,FALSE
20030909,"2003-09-09 12:00:00","2003-09-09 12:00:00",2003,9,9,19.722,29,23.667,0,NA,NA,FALSE,FALSE
20030910,"2003-09-10 12:00:00","2003-09-10 12:00:00",2003,9,10,19.722,23.611,21.667,0.508,NA,NA,FALSE,FALSE
20030911,"2003-09-11 12:00:00","2003-09-11 12:00:00",2003,9,11,20,23.722,21.333,0.254,NA,NA,FALSE,FALSE
20030912,"2003-09-12 12:00:00","2003-09-12 12:00:00",2003,9,12,20,22.722,21.944,24.384,NA,NA,FALSE,FALSE
20030913,"2003-09-13 12:00:00","2003-09-13 12:00:00",2003,9,13,17.111,25.722,20.889,53.594,NA,NA,FALSE,FALSE
20030914,"2003-09-14 12:00:00","2003-09-14 12:00:00",2003,9,14,15.778,27.222,21.056,0,NA,NA,FALSE,FALSE
20030915,"2003-09-15 12:00:00","2003-09-15 12:00:00",2003,9,15,15.778,27.722,22.222,0,NA,NA,FALSE,FALSE
20030916,"2003-09-16 12:00:00","2003-09-16 12:00:00",2003,9,16,18,28.5,23.556,0,NA,NA,FALSE,FALSE
20030917,"2003-09-17 12:00:00","2003-09-17 12:00:00",2003,9,17,18.778,29.111,24.778,0,NA,NA,FALSE,FALSE
20030918,"2003-09-18 12:00:00","2003-09-18 12:00:00",2003,9,18,21.222,27.222,23.167,27.94,NA,NA,FALSE,FALSE
20030919,"2003-09-19 12:00:00","2003-09-19 12:00:00",2003,9,19,19.222,26.778,22.333,0.508,NA,NA,FALSE,FALSE
20030920,"2003-09-20 12:00:00","2003-09-20 12:00:00",2003,9,20,14.778,21.222,18.056,0,NA,NA,FALSE,FALSE
20030921,"2003-09-21 12:00:00","2003-09-21 12:00:00",2003,9,21,13.111,24.611,18.056,2.032,NA,NA,FALSE,FALSE
20030922,"2003-09-22 12:00:00","2003-09-22 12:00:00",2003,9,22,12.778,23.722,18.389,0,NA,NA,FALSE,FALSE
20030923,"2003-09-23 12:00:00","2003-09-23 12:00:00",2003,9,23,12.778,24.5,19.167,0,NA,NA,FALSE,FALSE
20030924,"2003-09-24 12:00:00","2003-09-24 12:00:00",2003,9,24,13.278,23.5,18.5,0,NA,NA,FALSE,FALSE
20030925,"2003-09-25 12:00:00","2003-09-25 12:00:00",2003,9,25,13.111,26.222,18.556,0,NA,NA,FALSE,FALSE
20030926,"2003-09-26 12:00:00","2003-09-26 12:00:00",2003,9,26,14.611,27,19.889,0,NA,NA,FALSE,FALSE
20030927,"2003-09-27 12:00:00","2003-09-27 12:00:00",2003,9,27,14,27.5,20.944,0,NA,NA,FALSE,FALSE
20030928,"2003-09-28 12:00:00","2003-09-28 12:00:00",2003,9,28,15,25.722,19.667,0,NA,NA,FALSE,FALSE
20030929,"2003-09-29 12:00:00","2003-09-29 12:00:00",2003,9,29,14.778,26.722,20.889,0,NA,NA,FALSE,FALSE
20030930,"2003-09-30 12:00:00","2003-09-30 12:00:00",2003,9,30,16,24.722,19.611,0,NA,NA,FALSE,FALSE
20031001,"2003-10-01 12:00:00","2003-10-01 12:00:00",2003,10,1,15.278,20.111,17.722,0.508,NA,NA,FALSE,FALSE
20031002,"2003-10-02 12:00:00","2003-10-02 12:00:00",2003,10,2,13.778,22.111,17.611,0,NA,NA,FALSE,FALSE
20031003,"2003-10-03 12:00:00","2003-10-03 12:00:00",2003,10,3,12.278,20.611,16.389,0,NA,NA,FALSE,FALSE
20031004,"2003-10-04 12:00:00","2003-10-04 12:00:00",2003,10,4,11.778,20.278,15.778,0,NA,NA,FALSE,FALSE
20031005,"2003-10-05 12:00:00","2003-10-05 12:00:00",2003,10,5,10.611,18.111,14.778,0,NA,NA,FALSE,FALSE
20031006,"2003-10-06 12:00:00","2003-10-06 12:00:00",2003,10,6,10.5,23.222,17,0,NA,NA,FALSE,FALSE
20031007,"2003-10-07 12:00:00","2003-10-07 12:00:00",2003,10,7,11,24.222,16.944,0,NA,NA,FALSE,FALSE
20031008,"2003-10-08 12:00:00","2003-10-08 12:00:00",2003,10,8,10.778,24.778,18.056,0,NA,NA,FALSE,FALSE
20031009,"2003-10-09 12:00:00","2003-10-09 12:00:00",2003,10,9,12.111,26.111,19.389,0,NA,NA,FALSE,FALSE
20031010,"2003-10-10 12:00:00","2003-10-10 12:00:00",2003,10,10,13.389,27,19.889,0,NA,NA,FALSE,FALSE
20031011,"2003-10-11 12:00:00","2003-10-11 12:00:00",2003,10,11,13.389,26.611,20.611,0,NA,NA,FALSE,FALSE
20031012,"2003-10-12 12:00:00","2003-10-12 12:00:00",2003,10,12,15.389,25.278,20.667,0.508,NA,NA,FALSE,FALSE
20031013,"2003-10-13 12:00:00","2003-10-13 12:00:00",2003,10,13,13.389,18.389,15.389,13.462,NA,NA,FALSE,FALSE
20031014,"2003-10-14 12:00:00","2003-10-14 12:00:00",2003,10,14,9.778,19.722,13.778,17.018,NA,NA,FALSE,FALSE
20031015,"2003-10-15 12:00:00","2003-10-15 12:00:00",2003,10,15,8.278,17.389,12.278,0,NA,NA,FALSE,FALSE
20031016,"2003-10-16 12:00:00","2003-10-16 12:00:00",2003,10,16,7.5,19.5,12.778,0,NA,NA,FALSE,FALSE
20031017,"2003-10-17 12:00:00","2003-10-17 12:00:00",2003,10,17,7.222,19.5,13.111,0,NA,NA,FALSE,FALSE
20031018,"2003-10-18 12:00:00","2003-10-18 12:00:00",2003,10,18,6.889,21.111,13.111,0,NA,NA,FALSE,FALSE
20031019,"2003-10-19 12:00:00","2003-10-19 12:00:00",2003,10,19,6.278,18.722,12.056,0,NA,NA,FALSE,FALSE
20031020,"2003-10-20 12:00:00","2003-10-20 12:00:00",2003,10,20,7.278,19.722,12.167,0,NA,NA,FALSE,FALSE
20031021,"2003-10-21 12:00:00","2003-10-21 12:00:00",2003,10,21,5.5,20,14.444,0,NA,NA,FALSE,FALSE
20031022,"2003-10-22 12:00:00","2003-10-22 12:00:00",2003,10,22,10.722,19.722,13.833,0,NA,NA,FALSE,FALSE
20031023,"2003-10-23 12:00:00","2003-10-23 12:00:00",2003,10,23,5.222,13.778,9.333,0,NA,NA,FALSE,FALSE
20031024,"2003-10-24 12:00:00","2003-10-24 12:00:00",2003,10,24,3.722,17.222,11.444,0,NA,NA,FALSE,FALSE
20031025,"2003-10-25 12:00:00","2003-10-25 12:00:00",2003,10,25,6.222,18.889,11.611,0,NA,NA,FALSE,FALSE
20031026,"2003-10-26 12:00:00","2003-10-26 12:00:00",2003,10,26,4.889,18,10.722,0,NA,NA,FALSE,FALSE
20031027,"2003-10-27 12:00:00","2003-10-27 12:00:00",2003,10,27,4.5,21.278,15.333,NA,NA,NA,FALSE,FALSE
20031028,"2003-10-28 12:00:00","2003-10-28 12:00:00",2003,10,28,8.278,15.389,10.5,5.08,NA,NA,FALSE,FALSE
20031029,"2003-10-29 12:00:00","2003-10-29 12:00:00",2003,10,29,5.5,15.611,10.167,0,NA,NA,FALSE,FALSE
20031030,"2003-10-30 12:00:00","2003-10-30 12:00:00",2003,10,30,5.111,18.611,12.333,0,NA,NA,FALSE,FALSE
20031031,"2003-10-31 12:00:00","2003-10-31 12:00:00",2003,10,31,6.611,21,13.944,0,NA,NA,FALSE,FALSE
20031101,"2003-11-01 12:00:00","2003-11-01 12:00:00",2003,11,1,8.389,22.111,15.556,0,NA,NA,FALSE,FALSE
20031102,"2003-11-02 12:00:00","2003-11-02 12:00:00",2003,11,2,10.389,22.611,16.833,0,NA,NA,FALSE,FALSE
20031103,"2003-11-03 12:00:00","2003-11-03 12:00:00",2003,11,3,4.222,16.611,10.333,0,NA,NA,FALSE,FALSE
20031104,"2003-11-04 12:00:00","2003-11-04 12:00:00",2003,11,4,4,20.222,13.111,0,NA,NA,FALSE,FALSE
20031105,"2003-11-05 12:00:00","2003-11-05 12:00:00",2003,11,5,7.722,19.889,14.333,0,NA,NA,FALSE,FALSE
20031106,"2003-11-06 12:00:00","2003-11-06 12:00:00",2003,11,6,8.889,23,15.556,0,NA,NA,FALSE,FALSE
20031107,"2003-11-07 12:00:00","2003-11-07 12:00:00",2003,11,7,9.611,21.5,16.556,0,NA,NA,FALSE,FALSE
20031108,"2003-11-08 12:00:00","2003-11-08 12:00:00",2003,11,8,9.722,13,11.111,6.096,NA,NA,FALSE,FALSE
20031109,"2003-11-09 12:00:00","2003-11-09 12:00:00",2003,11,9,8.889,11.611,10.889,1.016,NA,NA,FALSE,FALSE
20031110,"2003-11-10 12:00:00","2003-11-10 12:00:00",2003,11,10,10,13,11.333,3.556,NA,NA,FALSE,FALSE
20031111,"2003-11-11 12:00:00","2003-11-11 12:00:00",2003,11,11,8.5,13.278,10.056,9.906,NA,NA,FALSE,FALSE
20031112,"2003-11-12 12:00:00","2003-11-12 12:00:00",2003,11,12,8.111,12.722,10.111,1.016,NA,NA,FALSE,FALSE
20031113,"2003-11-13 12:00:00","2003-11-13 12:00:00",2003,11,13,4.278,14,8.556,0.254,NA,NA,FALSE,FALSE
20031114,"2003-11-14 12:00:00","2003-11-14 12:00:00",2003,11,14,4,15.389,11.778,0,NA,NA,FALSE,FALSE
20031115,"2003-11-15 12:00:00","2003-11-15 12:00:00",2003,11,15,8,18,11.944,0.508,NA,NA,FALSE,FALSE
20031116,"2003-11-16 12:00:00","2003-11-16 12:00:00",2003,11,16,1.889,11.222,6.5,0,NA,NA,FALSE,FALSE
20031117,"2003-11-17 12:00:00","2003-11-17 12:00:00",2003,11,17,1.5,15.5,8.611,0,NA,NA,FALSE,FALSE
20031118,"2003-11-18 12:00:00","2003-11-18 12:00:00",2003,11,18,5.111,15.111,11.833,0.508,NA,NA,FALSE,FALSE
20031119,"2003-11-19 12:00:00","2003-11-19 12:00:00",2003,11,19,10.5,17.722,14.389,5.588,NA,NA,FALSE,FALSE
20031120,"2003-11-20 12:00:00","2003-11-20 12:00:00",2003,11,20,10.389,14.5,12.5,0,NA,NA,FALSE,FALSE
20031121,"2003-11-21 12:00:00","2003-11-21 12:00:00",2003,11,21,0.778,12.5,6.111,3.556,NA,NA,FALSE,FALSE
20031122,"2003-11-22 12:00:00","2003-11-22 12:00:00",2003,11,22,-1.222,6.5,2.333,0,NA,NA,FALSE,FALSE
20031123,"2003-11-23 12:00:00","2003-11-23 12:00:00",2003,11,23,-1.889,10.611,5.167,0,NA,NA,FALSE,FALSE
20031124,"2003-11-24 12:00:00","2003-11-24 12:00:00",2003,11,24,2.778,17.222,11.556,0,NA,NA,FALSE,FALSE
20031125,"2003-11-25 12:00:00","2003-11-25 12:00:00",2003,11,25,5.889,16.278,10.167,0,NA,NA,FALSE,FALSE
20031126,"2003-11-26 12:00:00","2003-11-26 12:00:00",2003,11,26,5.389,17.278,12.444,NA,NA,NA,FALSE,FALSE
20031127,"2003-11-27 12:00:00","2003-11-27 12:00:00",2003,11,27,8.722,13.722,10.556,1.524,NA,NA,FALSE,FALSE
20031128,"2003-11-28 12:00:00","2003-11-28 12:00:00",2003,11,28,9,18.111,13.056,5.08,NA,NA,FALSE,FALSE
20031129,"2003-11-29 12:00:00","2003-11-29 12:00:00",2003,11,29,7.889,9.389,8.722,0.508,NA,NA,FALSE,FALSE
20031130,"2003-11-30 12:00:00","2003-11-30 12:00:00",2003,11,30,3.778,13.611,8.389,0,NA,NA,FALSE,FALSE
20031201,"2003-12-01 12:00:00","2003-12-01 12:00:00",2003,12,1,1.889,14.889,7.778,0,NA,NA,FALSE,FALSE
20031202,"2003-12-02 12:00:00","2003-12-02 12:00:00",2003,12,2,1.5,12.778,6.944,0,NA,NA,FALSE,FALSE
20031203,"2003-12-03 12:00:00","2003-12-03 12:00:00",2003,12,3,1.222,11.889,5.944,0,NA,NA,FALSE,FALSE
20031204,"2003-12-04 12:00:00","2003-12-04 12:00:00",2003,12,4,1.722,12.222,7,0,NA,NA,FALSE,FALSE
20031205,"2003-12-05 12:00:00","2003-12-05 12:00:00",2003,12,5,4.222,14.889,11.333,NA,NA,NA,FALSE,FALSE
20031206,"2003-12-06 12:00:00","2003-12-06 12:00:00",2003,12,6,-1.222,10.722,5.167,22.098,NA,NA,FALSE,FALSE
20031207,"2003-12-07 12:00:00","2003-12-07 12:00:00",2003,12,7,-1.889,2.222,-0.5,0,NA,NA,FALSE,FALSE
20031208,"2003-12-08 12:00:00","2003-12-08 12:00:00",2003,12,8,-1.889,6.778,3.167,0,NA,NA,FALSE,FALSE
20031209,"2003-12-09 12:00:00","2003-12-09 12:00:00",2003,12,9,-2.778,4.722,0.278,0,NA,NA,FALSE,FALSE
20031210,"2003-12-10 12:00:00","2003-12-10 12:00:00",2003,12,10,-3.222,8.389,3.222,NA,NA,NA,FALSE,FALSE
20031211,"2003-12-11 12:00:00","2003-12-11 12:00:00",2003,12,11,0.111,7.722,3.722,1.524,NA,NA,FALSE,FALSE
20031212,"2003-12-12 12:00:00","2003-12-12 12:00:00",2003,12,12,1.111,4.722,2.111,2.032,NA,NA,FALSE,FALSE
20031213,"2003-12-13 12:00:00","2003-12-13 12:00:00",2003,12,13,2.611,5,3.667,1.016,NA,NA,FALSE,FALSE
20031214,"2003-12-14 12:00:00","2003-12-14 12:00:00",2003,12,14,2.5,7.278,4.778,0,NA,NA,FALSE,FALSE
20031215,"2003-12-15 12:00:00","2003-12-15 12:00:00",2003,12,15,-2.611,6.278,1.556,0,NA,NA,FALSE,FALSE
20031216,"2003-12-16 12:00:00","2003-12-16 12:00:00",2003,12,16,-3.722,7.722,3.833,NA,NA,NA,FALSE,FALSE
20031217,"2003-12-17 12:00:00","2003-12-17 12:00:00",2003,12,17,0.111,5.5,2.611,0,NA,NA,FALSE,FALSE
20031218,"2003-12-18 12:00:00","2003-12-18 12:00:00",2003,12,18,-2.111,2.778,0.389,0,NA,NA,FALSE,FALSE
20031219,"2003-12-19 12:00:00","2003-12-19 12:00:00",2003,12,19,-4.778,1.111,-2.5,2.54,NA,NA,FALSE,FALSE
20031220,"2003-12-20 12:00:00","2003-12-20 12:00:00",2003,12,20,-14.389,1,-2.167,2.032,NA,NA,FALSE,FALSE
20031221,"2003-12-21 12:00:00","2003-12-21 12:00:00",2003,12,21,-6.778,5,0.722,0,NA,NA,FALSE,FALSE
20031222,"2003-12-22 12:00:00","2003-12-22 12:00:00",2003,12,22,-1,10,4.5,0,NA,NA,FALSE,FALSE
20031223,"2003-12-23 12:00:00","2003-12-23 12:00:00",2003,12,23,-0.111,10.611,5.389,0,NA,NA,FALSE,FALSE
20031224,"2003-12-24 12:00:00","2003-12-24 12:00:00",2003,12,24,0.111,12.278,4.944,0,NA,NA,FALSE,FALSE
20031225,"2003-12-25 12:00:00","2003-12-25 12:00:00",2003,12,25,-0.722,8,2.056,NA,NA,NA,FALSE,FALSE
20031226,"2003-12-26 12:00:00","2003-12-26 12:00:00",2003,12,26,-3.611,0.5,-1.5,0,NA,NA,FALSE,FALSE
20031227,"2003-12-27 12:00:00","2003-12-27 12:00:00",2003,12,27,-4.278,2.778,-1,1.016,NA,NA,FALSE,FALSE
20031228,"2003-12-28 12:00:00","2003-12-28 12:00:00",2003,12,28,-5.111,7.222,2.556,0,NA,NA,FALSE,FALSE
20031229,"2003-12-29 12:00:00","2003-12-29 12:00:00",2003,12,29,0.722,9.611,4.167,0,NA,NA,FALSE,FALSE
20031230,"2003-12-30 12:00:00","2003-12-30 12:00:00",2003,12,30,-0.5,4.611,2.389,0,NA,NA,FALSE,FALSE
20031231,"2003-12-31 12:00:00","2003-12-31 12:00:00",2003,12,31,0.722,6.278,3.389,0.254,NA,NA,FALSE,FALSE
20040101,"2004-01-01 12:00:00","2004-01-01 12:00:00",2004,1,1,-1.278,8.278,3.556,0.254,NA,NA,FALSE,FALSE
20040102,"2004-01-02 12:00:00","2004-01-02 12:00:00",2004,1,2,-1.111,7.389,2.667,0.508,NA,NA,FALSE,FALSE
20040103,"2004-01-03 12:00:00","2004-01-03 12:00:00",2004,1,3,-2.5,9,2.5,0,NA,NA,FALSE,FALSE
20040104,"2004-01-04 12:00:00","2004-01-04 12:00:00",2004,1,4,-3.389,8.611,1.722,0,NA,NA,FALSE,FALSE
20040105,"2004-01-05 12:00:00","2004-01-05 12:00:00",2004,1,5,-3.222,10.278,2.833,0,NA,NA,FALSE,FALSE
20040106,"2004-01-06 12:00:00","2004-01-06 12:00:00",2004,1,6,-1.5,10.222,4.778,0,NA,NA,FALSE,FALSE
20040107,"2004-01-07 12:00:00","2004-01-07 12:00:00",2004,1,7,-2.889,8.111,2.278,0,NA,NA,FALSE,FALSE
20040108,"2004-01-08 12:00:00","2004-01-08 12:00:00",2004,1,8,-3.111,7.5,2.444,0,NA,NA,FALSE,FALSE
20040109,"2004-01-09 12:00:00","2004-01-09 12:00:00",2004,1,9,-1.611,8.889,2.778,0,NA,NA,FALSE,FALSE
20040110,"2004-01-10 12:00:00","2004-01-10 12:00:00",2004,1,10,-3.5,6.722,0.944,0,NA,NA,FALSE,FALSE
20040111,"2004-01-11 12:00:00","2004-01-11 12:00:00",2004,1,11,-3.889,7.611,0.722,0,NA,NA,FALSE,FALSE
20040112,"2004-01-12 12:00:00","2004-01-12 12:00:00",2004,1,12,-3.389,6.111,-0.333,1.016,NA,NA,FALSE,FALSE
20040113,"2004-01-13 12:00:00","2004-01-13 12:00:00",2004,1,13,-4.222,0.222,-2.278,1.016,NA,NA,FALSE,FALSE
20040114,"2004-01-14 12:00:00","2004-01-14 12:00:00",2004,1,14,-4.778,3.778,-1.056,0.508,NA,NA,FALSE,FALSE
20040115,"2004-01-15 12:00:00","2004-01-15 12:00:00",2004,1,15,-4.889,6.111,1.5,0,NA,NA,FALSE,FALSE
20040116,"2004-01-16 12:00:00","2004-01-16 12:00:00",2004,1,16,-0.278,5.722,2.778,0,NA,NA,FALSE,FALSE
20040117,"2004-01-17 12:00:00","2004-01-17 12:00:00",2004,1,17,-1.389,2.889,0.611,2.032,NA,NA,FALSE,FALSE
20040118,"2004-01-18 12:00:00","2004-01-18 12:00:00",2004,1,18,-1.5,4.111,0.389,0.254,NA,NA,FALSE,FALSE
20040119,"2004-01-19 12:00:00","2004-01-19 12:00:00",2004,1,19,-1.111,3.722,0.778,0.508,NA,NA,FALSE,FALSE
20040120,"2004-01-20 12:00:00","2004-01-20 12:00:00",2004,1,20,-7,3.389,-1.389,0,NA,NA,FALSE,FALSE
20040121,"2004-01-21 12:00:00","2004-01-21 12:00:00",2004,1,21,-11.389,-2,-8.667,0.508,NA,NA,FALSE,FALSE
20040122,"2004-01-22 12:00:00","2004-01-22 12:00:00",2004,1,22,-10.722,-4.389,-7.944,2.032,NA,NA,FALSE,FALSE
20040123,"2004-01-23 12:00:00","2004-01-23 12:00:00",2004,1,23,-11.722,-0.222,-5.056,0,NA,NA,FALSE,FALSE
20040124,"2004-01-24 12:00:00","2004-01-24 12:00:00",2004,1,24,-20,0.222,-3.833,0,NA,NA,FALSE,FALSE
20040125,"2004-01-25 12:00:00","2004-01-25 12:00:00",2004,1,25,-6.111,-0.889,-4,1.524,NA,NA,FALSE,FALSE
20040126,"2004-01-26 12:00:00","2004-01-26 12:00:00",2004,1,26,-6.389,1.222,-2.556,0.508,NA,NA,FALSE,FALSE
20040127,"2004-01-27 12:00:00","2004-01-27 12:00:00",2004,1,27,-5.722,2.5,-1.667,0,NA,NA,FALSE,FALSE
20040128,"2004-01-28 12:00:00","2004-01-28 12:00:00",2004,1,28,-5.278,5.722,0,0,NA,NA,FALSE,FALSE
20040129,"2004-01-29 12:00:00","2004-01-29 12:00:00",2004,1,29,-3.889,8,1.667,0,NA,NA,FALSE,FALSE
20040130,"2004-01-30 12:00:00","2004-01-30 12:00:00",2004,1,30,-4.111,8.111,1.333,0,NA,NA,FALSE,FALSE
20040131,"2004-01-31 12:00:00","2004-01-31 12:00:00",2004,1,31,-4.222,10.222,2.611,0,NA,NA,FALSE,FALSE
20040201,"2004-02-01 12:00:00","2004-02-01 12:00:00",2004,2,1,-2.222,11.722,4.5,0,NA,NA,FALSE,FALSE
20040202,"2004-02-02 12:00:00","2004-02-02 12:00:00",2004,2,2,-2.722,3.722,-0.278,NA,NA,NA,FALSE,FALSE
20040203,"2004-02-03 12:00:00","2004-02-03 12:00:00",2004,2,3,-6.222,1.722,-1.667,0.508,NA,NA,FALSE,FALSE
20040204,"2004-02-04 12:00:00","2004-02-04 12:00:00",2004,2,4,-12.611,4.722,0.611,0.508,NA,NA,FALSE,FALSE
20040205,"2004-02-05 12:00:00","2004-02-05 12:00:00",2004,2,5,-5.111,1.111,-2.611,2.032,NA,NA,FALSE,FALSE
20040206,"2004-02-06 12:00:00","2004-02-06 12:00:00",2004,2,6,-8.778,2.5,-0.611,1.016,NA,NA,FALSE,FALSE
20040207,"2004-02-07 12:00:00","2004-02-07 12:00:00",2004,2,7,-5.611,1.778,-2.056,1.524,NA,NA,FALSE,FALSE
20040208,"2004-02-08 12:00:00","2004-02-08 12:00:00",2004,2,8,-6.389,8.611,1.444,0,NA,NA,FALSE,FALSE
20040209,"2004-02-09 12:00:00","2004-02-09 12:00:00",2004,2,9,-5.111,3.889,-1.111,0,NA,NA,FALSE,FALSE
20040210,"2004-02-10 12:00:00","2004-02-10 12:00:00",2004,2,10,-6.5,6.889,0.444,0,NA,NA,FALSE,FALSE
20040211,"2004-02-11 12:00:00","2004-02-11 12:00:00",2004,2,11,-4.222,10.611,3.333,0,NA,NA,FALSE,FALSE
20040212,"2004-02-12 12:00:00","2004-02-12 12:00:00",2004,2,12,-2.5,8,1.111,0,NA,NA,FALSE,FALSE
20040213,"2004-02-13 12:00:00","2004-02-13 12:00:00",2004,2,13,-2.611,10.111,6.611,0,NA,NA,FALSE,FALSE
20040214,"2004-02-14 12:00:00","2004-02-14 12:00:00",2004,2,14,0.889,9.722,3.667,0,NA,NA,FALSE,FALSE
20040215,"2004-02-15 12:00:00","2004-02-15 12:00:00",2004,2,15,-0.889,10,4,0,NA,NA,FALSE,FALSE
20040216,"2004-02-16 12:00:00","2004-02-16 12:00:00",2004,2,16,-2.611,13.778,7.667,0,NA,NA,FALSE,FALSE
20040217,"2004-02-17 12:00:00","2004-02-17 12:00:00",2004,2,17,-2.722,12.222,4.722,0,NA,NA,FALSE,FALSE
20040218,"2004-02-18 12:00:00","2004-02-18 12:00:00",2004,2,18,-3.222,16.278,7.111,0,NA,NA,FALSE,FALSE
20040219,"2004-02-19 12:00:00","2004-02-19 12:00:00",2004,2,19,0.278,17.222,9.5,0,NA,NA,FALSE,FALSE
20040220,"2004-02-20 12:00:00","2004-02-20 12:00:00",2004,2,20,2.611,21.111,13.778,NA,NA,NA,FALSE,FALSE
20040221,"2004-02-21 12:00:00","2004-02-21 12:00:00",2004,2,21,12,18.611,15.222,1.016,NA,NA,FALSE,FALSE
20040222,"2004-02-22 12:00:00","2004-02-22 12:00:00",2004,2,22,1.722,15.389,3.944,40.894,NA,NA,FALSE,FALSE
20040223,"2004-02-23 12:00:00","2004-02-23 12:00:00",2004,2,23,-1.278,8.222,2.667,2.54,NA,NA,FALSE,FALSE
20040224,"2004-02-24 12:00:00","2004-02-24 12:00:00",2004,2,24,-1.5,10.889,4.833,0,NA,NA,FALSE,FALSE
20040225,"2004-02-25 12:00:00","2004-02-25 12:00:00",2004,2,25,1,14.278,6.667,0,NA,NA,FALSE,FALSE
20040226,"2004-02-26 12:00:00","2004-02-26 12:00:00",2004,2,26,-0.389,7.889,3.111,NA,NA,NA,FALSE,FALSE
20040227,"2004-02-27 12:00:00","2004-02-27 12:00:00",2004,2,27,-1.222,8.611,4.222,0,NA,NA,FALSE,FALSE
20040228,"2004-02-28 12:00:00","2004-02-28 12:00:00",2004,2,28,-0.111,13.722,8.833,0.508,NA,NA,FALSE,FALSE
20040229,"2004-02-29 12:00:00","2004-02-29 12:00:00",2004,2,29,2.722,11.611,5.611,1.524,NA,NA,FALSE,FALSE
20040301,"2004-03-01 12:00:00","2004-03-01 12:00:00",2004,3,1,0.111,9.889,4.5,0,NA,NA,FALSE,FALSE
20040302,"2004-03-02 12:00:00","2004-03-02 12:00:00",2004,3,2,-2.222,6.778,1.778,0,NA,NA,FALSE,FALSE
20040303,"2004-03-03 12:00:00","2004-03-03 12:00:00",2004,3,3,-3.389,2.722,-1.222,0.508,NA,NA,FALSE,FALSE
20040304,"2004-03-04 12:00:00","2004-03-04 12:00:00",2004,3,4,-4.611,6.611,2.778,0,NA,NA,FALSE,FALSE
20040305,"2004-03-05 12:00:00","2004-03-05 12:00:00",2004,3,5,-1.778,8.278,2.889,4.064,NA,NA,FALSE,FALSE
20040306,"2004-03-06 12:00:00","2004-03-06 12:00:00",2004,3,6,-4.722,1.278,-3.111,2.54,NA,NA,FALSE,FALSE
20040307,"2004-03-07 12:00:00","2004-03-07 12:00:00",2004,3,7,-5.111,4.889,0.278,0,NA,NA,FALSE,FALSE
20040308,"2004-03-08 12:00:00","2004-03-08 12:00:00",2004,3,8,-3,9.611,3.944,0,NA,NA,FALSE,FALSE
20040309,"2004-03-09 12:00:00","2004-03-09 12:00:00",2004,3,9,-0.778,16.222,10.667,0,NA,NA,FALSE,FALSE
20040310,"2004-03-10 12:00:00","2004-03-10 12:00:00",2004,3,10,7.278,18.389,12.778,0,NA,NA,FALSE,FALSE
20040311,"2004-03-11 12:00:00","2004-03-11 12:00:00",2004,3,11,5.889,14.222,8.167,0,NA,NA,FALSE,FALSE
20040312,"2004-03-12 12:00:00","2004-03-12 12:00:00",2004,3,12,1.778,16,8.667,0,NA,NA,FALSE,FALSE
20040313,"2004-03-13 12:00:00","2004-03-13 12:00:00",2004,3,13,0.611,17.389,8.944,0,NA,NA,FALSE,FALSE
20040314,"2004-03-14 12:00:00","2004-03-14 12:00:00",2004,3,14,2.222,16.111,8.278,0,NA,NA,FALSE,FALSE
20040315,"2004-03-15 12:00:00","2004-03-15 12:00:00",2004,3,15,1.389,20,12.556,0,NA,NA,FALSE,FALSE
20040316,"2004-03-16 12:00:00","2004-03-16 12:00:00",2004,3,16,6.5,22.278,17.556,NA,NA,NA,FALSE,FALSE
20040317,"2004-03-17 12:00:00","2004-03-17 12:00:00",2004,3,17,-0.889,10.5,4.167,12.954,NA,NA,FALSE,FALSE
20040318,"2004-03-18 12:00:00","2004-03-18 12:00:00",2004,3,18,-1.222,8.889,3.167,6.604,NA,NA,FALSE,FALSE
20040319,"2004-03-19 12:00:00","2004-03-19 12:00:00",2004,3,19,-0.889,11.278,6.722,0,NA,NA,FALSE,FALSE
20040320,"2004-03-20 12:00:00","2004-03-20 12:00:00",2004,3,20,4.611,15.389,8.667,0,NA,NA,FALSE,FALSE
20040321,"2004-03-21 12:00:00","2004-03-21 12:00:00",2004,3,21,4.278,18,10.889,0,NA,NA,FALSE,FALSE
20040322,"2004-03-22 12:00:00","2004-03-22 12:00:00",2004,3,22,3.778,16.111,9.556,0,NA,NA,FALSE,FALSE
20040323,"2004-03-23 12:00:00","2004-03-23 12:00:00",2004,3,23,3.222,17.611,9.5,0,NA,NA,FALSE,FALSE
20040324,"2004-03-24 12:00:00","2004-03-24 12:00:00",2004,3,24,2.5,14.611,9.389,0,NA,NA,FALSE,FALSE
20040325,"2004-03-25 12:00:00","2004-03-25 12:00:00",2004,3,25,2.5,14.611,8.111,0,NA,NA,FALSE,FALSE
20040326,"2004-03-26 12:00:00","2004-03-26 12:00:00",2004,3,26,1.889,18.5,10.5,0,NA,NA,FALSE,FALSE
20040327,"2004-03-27 12:00:00","2004-03-27 12:00:00",2004,3,27,3.389,18.611,10.722,0,NA,NA,FALSE,FALSE
20040328,"2004-03-28 12:00:00","2004-03-28 12:00:00",2004,3,28,3.222,21.111,13.944,0,NA,NA,FALSE,FALSE
20040329,"2004-03-29 12:00:00","2004-03-29 12:00:00",2004,3,29,7.722,22.278,15.556,0.508,NA,NA,FALSE,FALSE
20040330,"2004-03-30 12:00:00","2004-03-30 12:00:00",2004,3,30,3.5,16.5,8.167,7.112,NA,NA,FALSE,FALSE
20040331,"2004-03-31 12:00:00","2004-03-31 12:00:00",2004,3,31,3,14.722,8.833,0,NA,NA,FALSE,FALSE
20040401,"2004-04-01 12:00:00","2004-04-01 12:00:00",2004,4,1,2.722,16.278,9.389,11.938,NA,NA,FALSE,FALSE
20040402,"2004-04-02 12:00:00","2004-04-02 12:00:00",2004,4,2,5.278,14.111,8.889,3.048,NA,NA,FALSE,FALSE
20040403,"2004-04-03 12:00:00","2004-04-03 12:00:00",2004,4,3,1,10.111,5.722,0,NA,NA,FALSE,FALSE
20040404,"2004-04-04 12:00:00","2004-04-04 12:00:00",2004,4,4,0.722,13.389,6.889,0,NA,NA,FALSE,FALSE
20040405,"2004-04-05 12:00:00","2004-04-05 12:00:00",2004,4,5,0.389,18.222,10.056,0,NA,NA,FALSE,FALSE
20040406,"2004-04-06 12:00:00","2004-04-06 12:00:00",2004,4,6,3.111,18.389,13.278,NA,NA,NA,FALSE,FALSE
20040407,"2004-04-07 12:00:00","2004-04-07 12:00:00",2004,4,7,5,15.222,10.333,0,NA,NA,FALSE,FALSE
20040408,"2004-04-08 12:00:00","2004-04-08 12:00:00",2004,4,8,3.222,19.389,11,0,NA,NA,FALSE,FALSE
20040409,"2004-04-09 12:00:00","2004-04-09 12:00:00",2004,4,9,2.722,22.389,13.5,0,NA,NA,FALSE,FALSE
20040410,"2004-04-10 12:00:00","2004-04-10 12:00:00",2004,4,10,5.722,24.722,16.167,0,NA,NA,FALSE,FALSE
20040411,"2004-04-11 12:00:00","2004-04-11 12:00:00",2004,4,11,11.611,18.778,15.778,0,NA,NA,FALSE,FALSE
20040412,"2004-04-12 12:00:00","2004-04-12 12:00:00",2004,4,12,9.389,24.389,17.222,0,NA,NA,FALSE,FALSE
20040413,"2004-04-13 12:00:00","2004-04-13 12:00:00",2004,4,13,10,25.278,17.167,0,NA,NA,FALSE,FALSE
20040414,"2004-04-14 12:00:00","2004-04-14 12:00:00",2004,4,14,8.389,24.5,16.167,0,NA,NA,FALSE,FALSE
20040415,"2004-04-15 12:00:00","2004-04-15 12:00:00",2004,4,15,8.278,24,16,0,NA,NA,FALSE,FALSE
20040416,"2004-04-16 12:00:00","2004-04-16 12:00:00",2004,4,16,8.222,25.222,16.556,0,NA,NA,FALSE,FALSE
20040417,"2004-04-17 12:00:00","2004-04-17 12:00:00",2004,4,17,7.611,27.778,18.833,0,NA,NA,FALSE,FALSE
20040418,"2004-04-18 12:00:00","2004-04-18 12:00:00",2004,4,18,9.5,22,16.944,9.906,NA,NA,FALSE,FALSE
20040419,"2004-04-19 12:00:00","2004-04-19 12:00:00",2004,4,19,11.222,18.5,13.611,8.89,NA,NA,FALSE,FALSE
20040420,"2004-04-20 12:00:00","2004-04-20 12:00:00",2004,4,20,10.889,24.389,17.278,0,NA,NA,FALSE,FALSE
20040421,"2004-04-21 12:00:00","2004-04-21 12:00:00",2004,4,21,10.889,28.611,20.444,0,NA,NA,FALSE,FALSE
20040422,"2004-04-22 12:00:00","2004-04-22 12:00:00",2004,4,22,10,24.278,16.889,NA,NA,NA,FALSE,FALSE
20040423,"2004-04-23 12:00:00","2004-04-23 12:00:00",2004,4,23,6,18,11.5,0,NA,NA,FALSE,FALSE
20040424,"2004-04-24 12:00:00","2004-04-24 12:00:00",2004,4,24,3.722,18.389,11.5,0,NA,NA,FALSE,FALSE
20040425,"2004-04-25 12:00:00","2004-04-25 12:00:00",2004,4,25,3.722,22.611,14.556,0,NA,NA,FALSE,FALSE
20040426,"2004-04-26 12:00:00","2004-04-26 12:00:00",2004,4,26,8.5,15.389,13.167,26.924,NA,NA,FALSE,FALSE
20040427,"2004-04-27 12:00:00","2004-04-27 12:00:00",2004,4,27,4.111,9.278,7.5,5.08,NA,NA,FALSE,FALSE
20040428,"2004-04-28 12:00:00","2004-04-28 12:00:00",2004,4,28,4.111,20.389,12.833,0,NA,NA,FALSE,FALSE
20040429,"2004-04-29 12:00:00","2004-04-29 12:00:00",2004,4,29,6.222,23.722,17.611,0,NA,NA,FALSE,FALSE
20040430,"2004-04-30 12:00:00","2004-04-30 12:00:00",2004,4,30,14.278,22.611,19.111,0,NA,NA,FALSE,FALSE
20040501,"2004-05-01 12:00:00","2004-05-01 12:00:00",2004,5,1,16.111,23.889,19.556,0,NA,NA,FALSE,FALSE
20040502,"2004-05-02 12:00:00","2004-05-02 12:00:00",2004,5,2,17,20.278,18.611,NA,NA,NA,FALSE,FALSE
20040503,"2004-05-03 12:00:00","2004-05-03 12:00:00",2004,5,3,8.389,19.778,14.444,0,NA,NA,FALSE,FALSE
20040504,"2004-05-04 12:00:00","2004-05-04 12:00:00",2004,5,4,8.389,20.389,14,17.018,NA,NA,FALSE,FALSE
20040505,"2004-05-05 12:00:00","2004-05-05 12:00:00",2004,5,5,8.5,22.722,15.722,0,NA,NA,FALSE,FALSE
20040506,"2004-05-06 12:00:00","2004-05-06 12:00:00",2004,5,6,10.889,24.889,17.722,0,NA,NA,FALSE,FALSE
20040507,"2004-05-07 12:00:00","2004-05-07 12:00:00",2004,5,7,10.889,26.222,19.889,0,NA,NA,FALSE,FALSE
20040508,"2004-05-08 12:00:00","2004-05-08 12:00:00",2004,5,8,13.778,23.222,17.444,6.096,NA,NA,FALSE,FALSE
20040509,"2004-05-09 12:00:00","2004-05-09 12:00:00",2004,5,9,14.111,20.722,17.278,25.4,NA,NA,FALSE,FALSE
20040510,"2004-05-10 12:00:00","2004-05-10 12:00:00",2004,5,10,11.889,16.111,14,6.096,NA,NA,FALSE,FALSE
20040511,"2004-05-11 12:00:00","2004-05-11 12:00:00",2004,5,11,11.778,24.778,19.667,0.508,NA,NA,FALSE,FALSE
20040512,"2004-05-12 12:00:00","2004-05-12 12:00:00",2004,5,12,15.5,19.778,18.111,0,NA,NA,FALSE,FALSE
20040513,"2004-05-13 12:00:00","2004-05-13 12:00:00",2004,5,13,10.778,23.722,15.722,14.986,NA,NA,FALSE,FALSE
20040514,"2004-05-14 12:00:00","2004-05-14 12:00:00",2004,5,14,10.611,25.278,19.444,0,NA,NA,FALSE,FALSE
20040515,"2004-05-15 12:00:00","2004-05-15 12:00:00",2004,5,15,13.278,14.889,14.278,7.112,NA,NA,FALSE,FALSE
20040516,"2004-05-16 12:00:00","2004-05-16 12:00:00",2004,5,16,13.722,20.889,16.389,5.08,NA,NA,FALSE,FALSE
20040517,"2004-05-17 12:00:00","2004-05-17 12:00:00",2004,5,17,10.889,18.778,15,0,NA,NA,FALSE,FALSE
20040518,"2004-05-18 12:00:00","2004-05-18 12:00:00",2004,5,18,10.778,25.5,19.889,0,NA,NA,FALSE,FALSE
20040519,"2004-05-19 12:00:00","2004-05-19 12:00:00",2004,5,19,13.722,24.611,18.278,0,NA,NA,FALSE,FALSE
20040520,"2004-05-20 12:00:00","2004-05-20 12:00:00",2004,5,20,13.222,25.889,20.278,NA,NA,NA,FALSE,FALSE
20040521,"2004-05-21 12:00:00","2004-05-21 12:00:00",2004,5,21,10.722,21.889,16.389,1.016,NA,NA,FALSE,FALSE
20040522,"2004-05-22 12:00:00","2004-05-22 12:00:00",2004,5,22,10.389,25,18.333,0,NA,NA,FALSE,FALSE
20040523,"2004-05-23 12:00:00","2004-05-23 12:00:00",2004,5,23,12,23.5,17.611,0,NA,NA,FALSE,FALSE
20040524,"2004-05-24 12:00:00","2004-05-24 12:00:00",2004,5,24,11.722,25.278,18.667,0,NA,NA,FALSE,FALSE
20040525,"2004-05-25 12:00:00","2004-05-25 12:00:00",2004,5,25,12.278,28.389,21.333,0,NA,NA,FALSE,FALSE
20040526,"2004-05-26 12:00:00","2004-05-26 12:00:00",2004,5,26,14.722,23.5,19.833,0,NA,NA,FALSE,FALSE
20040527,"2004-05-27 12:00:00","2004-05-27 12:00:00",2004,5,27,18.278,24.389,21.889,0.508,NA,NA,FALSE,FALSE
20040528,"2004-05-28 12:00:00","2004-05-28 12:00:00",2004,5,28,19.722,24.222,21.556,11.938,NA,NA,FALSE,FALSE
20040529,"2004-05-29 12:00:00","2004-05-29 12:00:00",2004,5,29,19.5,29.111,23,10.922,NA,NA,FALSE,FALSE
20040530,"2004-05-30 12:00:00","2004-05-30 12:00:00",2004,5,30,16.278,26.5,20.222,0,NA,NA,FALSE,FALSE
20040531,"2004-05-31 12:00:00","2004-05-31 12:00:00",2004,5,31,12.222,24.389,18.333,1.016,NA,NA,FALSE,FALSE
20040601,"2004-06-01 12:00:00","2004-06-01 12:00:00",2004,6,1,11.389,28.222,21.833,0,NA,NA,FALSE,FALSE
20040602,"2004-06-02 12:00:00","2004-06-02 12:00:00",2004,6,2,16,28.389,22.778,0,NA,NA,FALSE,FALSE
20040603,"2004-06-03 12:00:00","2004-06-03 12:00:00",2004,6,3,16.278,32.111,23.889,0,NA,NA,FALSE,FALSE
20040604,"2004-06-04 12:00:00","2004-06-04 12:00:00",2004,6,4,17.111,30.722,23.722,0,NA,NA,FALSE,FALSE
20040605,"2004-06-05 12:00:00","2004-06-05 12:00:00",2004,6,5,18,32.389,24.722,0,NA,NA,FALSE,FALSE
20040606,"2004-06-06 12:00:00","2004-06-06 12:00:00",2004,6,6,19.278,31.111,24.889,NA,NA,NA,FALSE,FALSE
20040607,"2004-06-07 12:00:00","2004-06-07 12:00:00",2004,6,7,16.778,23.222,19.278,1.016,NA,NA,FALSE,FALSE
20040608,"2004-06-08 12:00:00","2004-06-08 12:00:00",2004,6,8,15.889,19.111,17.389,7.62,NA,NA,FALSE,FALSE
20040609,"2004-06-09 12:00:00","2004-06-09 12:00:00",2004,6,9,15.278,25,20.056,3.048,NA,NA,FALSE,FALSE
20040610,"2004-06-10 12:00:00","2004-06-10 12:00:00",2004,6,10,15.111,30.222,23.611,0,NA,NA,FALSE,FALSE
20040611,"2004-06-11 12:00:00","2004-06-11 12:00:00",2004,6,11,18,30,23.056,0,NA,NA,FALSE,FALSE
20040612,"2004-06-12 12:00:00","2004-06-12 12:00:00",2004,6,12,17.889,30.722,23.667,0,NA,NA,FALSE,FALSE
20040613,"2004-06-13 12:00:00","2004-06-13 12:00:00",2004,6,13,17.222,30.5,23.5,0,NA,NA,FALSE,FALSE
20040614,"2004-06-14 12:00:00","2004-06-14 12:00:00",2004,6,14,17.222,30.5,24.278,0,NA,NA,FALSE,FALSE
20040615,"2004-06-15 12:00:00","2004-06-15 12:00:00",2004,6,15,18,30.778,24.333,0,NA,NA,FALSE,FALSE
20040616,"2004-06-16 12:00:00","2004-06-16 12:00:00",2004,6,16,17.5,28.5,22.778,0,NA,NA,FALSE,FALSE
20040617,"2004-06-17 12:00:00","2004-06-17 12:00:00",2004,6,17,17.111,19.778,18.944,10.414,NA,NA,FALSE,FALSE
20040618,"2004-06-18 12:00:00","2004-06-18 12:00:00",2004,6,18,19,26.778,22.611,20.574,NA,NA,FALSE,FALSE
20040619,"2004-06-19 12:00:00","2004-06-19 12:00:00",2004,6,19,19.5,23.222,22.111,7.112,NA,NA,FALSE,FALSE
20040620,"2004-06-20 12:00:00","2004-06-20 12:00:00",2004,6,20,20.778,24.611,22.722,43.942,NA,NA,FALSE,FALSE
20040621,"2004-06-21 12:00:00","2004-06-21 12:00:00",2004,6,21,18.778,22.278,20.278,45.974,NA,NA,FALSE,FALSE
20040622,"2004-06-22 12:00:00","2004-06-22 12:00:00",2004,6,22,18.5,28.778,24.444,0,NA,NA,FALSE,FALSE
20040623,"2004-06-23 12:00:00","2004-06-23 12:00:00",2004,6,23,21.611,29.778,24.889,0,NA,NA,FALSE,FALSE
20040624,"2004-06-24 12:00:00","2004-06-24 12:00:00",2004,6,24,19.111,24.611,20.778,11.938,NA,NA,FALSE,FALSE
20040625,"2004-06-25 12:00:00","2004-06-25 12:00:00",2004,6,25,18.889,23.111,21.722,1.016,NA,NA,FALSE,FALSE
20040626,"2004-06-26 12:00:00","2004-06-26 12:00:00",2004,6,26,20.5,27.778,23.556,1.016,NA,NA,FALSE,FALSE
20040627,"2004-06-27 12:00:00","2004-06-27 12:00:00",2004,6,27,20,28.5,23.556,0,NA,NA,FALSE,FALSE
20040628,"2004-06-28 12:00:00","2004-06-28 12:00:00",2004,6,28,20,27,22.667,0,NA,NA,FALSE,FALSE
20040629,"2004-06-29 12:00:00","2004-06-29 12:00:00",2004,6,29,20.111,27.722,23.389,0,NA,NA,FALSE,FALSE
20040630,"2004-06-30 12:00:00","2004-06-30 12:00:00",2004,6,30,20.722,29.722,24.778,0,NA,NA,FALSE,FALSE
20040701,"2004-07-01 12:00:00","2004-07-01 12:00:00",2004,7,1,21.222,30,25.722,NA,NA,NA,FALSE,FALSE
20040702,"2004-07-02 12:00:00","2004-07-02 12:00:00",2004,7,2,22.778,24.389,24.056,0,NA,NA,FALSE,FALSE
20040703,"2004-07-03 12:00:00","2004-07-03 12:00:00",2004,7,3,21.722,28.889,24.444,3.556,NA,NA,FALSE,FALSE
20040704,"2004-07-04 12:00:00","2004-07-04 12:00:00",2004,7,4,19.389,26.222,22.278,123.952,NA,NA,FALSE,FALSE
20040705,"2004-07-05 12:00:00","2004-07-05 12:00:00",2004,7,5,20.778,27.111,24.111,10.414,NA,NA,FALSE,FALSE
20040706,"2004-07-06 12:00:00","2004-07-06 12:00:00",2004,7,6,22.278,30.278,25.889,0,NA,NA,FALSE,FALSE
20040707,"2004-07-07 12:00:00","2004-07-07 12:00:00",2004,7,7,20.889,28.5,24.167,22.606,NA,NA,FALSE,FALSE
20040708,"2004-07-08 12:00:00","2004-07-08 12:00:00",2004,7,8,19.611,27.389,22.944,10.922,NA,NA,FALSE,FALSE
20040709,"2004-07-09 12:00:00","2004-07-09 12:00:00",2004,7,9,19.722,29.278,24.056,0,NA,NA,FALSE,FALSE
20040710,"2004-07-10 12:00:00","2004-07-10 12:00:00",2004,7,10,20.389,30.722,24.889,0,NA,NA,FALSE,FALSE
20040711,"2004-07-11 12:00:00","2004-07-11 12:00:00",2004,7,11,21.111,26.222,23.944,5.08,NA,NA,FALSE,FALSE
20040712,"2004-07-12 12:00:00","2004-07-12 12:00:00",2004,7,12,24.389,30.722,26.833,0,NA,NA,FALSE,FALSE
20040713,"2004-07-13 12:00:00","2004-07-13 12:00:00",2004,7,13,23.278,29.222,25.722,NA,NA,NA,FALSE,FALSE
20040714,"2004-07-14 12:00:00","2004-07-14 12:00:00",2004,7,14,20.222,24.611,22.278,19.558,NA,NA,FALSE,FALSE
20040715,"2004-07-15 12:00:00","2004-07-15 12:00:00",2004,7,15,23,27.611,24.278,104.902,NA,NA,FALSE,FALSE
20040716,"2004-07-16 12:00:00","2004-07-16 12:00:00",2004,7,16,25,29,26.278,35.052,NA,NA,FALSE,FALSE
20040717,"2004-07-17 12:00:00","2004-07-17 12:00:00",2004,7,17,24.778,28.389,25.833,0.254,NA,NA,FALSE,FALSE
20040718,"2004-07-18 12:00:00","2004-07-18 12:00:00",2004,7,18,24.889,29.722,26.778,6.096,NA,NA,FALSE,FALSE
20040719,"2004-07-19 12:00:00","2004-07-19 12:00:00",2004,7,19,25.278,31.278,27.833,0,NA,NA,FALSE,FALSE
20040720,"2004-07-20 12:00:00","2004-07-20 12:00:00",2004,7,20,25.278,30.278,26.833,0,NA,NA,FALSE,FALSE
20040721,"2004-07-21 12:00:00","2004-07-21 12:00:00",2004,7,21,24.389,32.778,28,0,NA,NA,FALSE,FALSE
20040722,"2004-07-22 12:00:00","2004-07-22 12:00:00",2004,7,22,24.111,34.778,28.333,0,NA,NA,FALSE,FALSE
20040723,"2004-07-23 12:00:00","2004-07-23 12:00:00",2004,7,23,23.278,35.222,28.556,0,NA,NA,FALSE,FALSE
20040724,"2004-07-24 12:00:00","2004-07-24 12:00:00",2004,7,24,23.222,34.111,28.667,0,NA,NA,FALSE,FALSE
20040725,"2004-07-25 12:00:00","2004-07-25 12:00:00",2004,7,25,24.111,32.611,27.611,0,NA,NA,FALSE,FALSE
20040726,"2004-07-26 12:00:00","2004-07-26 12:00:00",2004,7,26,24.111,31.778,28.222,0,NA,NA,FALSE,FALSE
20040727,"2004-07-27 12:00:00","2004-07-27 12:00:00",2004,7,27,25,32.722,28.333,0,NA,NA,FALSE,FALSE
20040728,"2004-07-28 12:00:00","2004-07-28 12:00:00",2004,7,28,24.278,33.722,27.611,67.056,NA,NA,FALSE,FALSE
20040729,"2004-07-29 12:00:00","2004-07-29 12:00:00",2004,7,29,24.222,33,28.444,0,NA,NA,FALSE,FALSE
20040730,"2004-07-30 12:00:00","2004-07-30 12:00:00",2004,7,30,24.722,34.222,29,0,NA,NA,FALSE,FALSE
20040731,"2004-07-31 12:00:00","2004-07-31 12:00:00",2004,7,31,24.389,35,29.278,0,NA,NA,FALSE,FALSE
20040801,"2004-08-01 12:00:00","2004-08-01 12:00:00",2004,8,1,24.389,34.389,29,0,NA,NA,FALSE,FALSE
20040802,"2004-08-02 12:00:00","2004-08-02 12:00:00",2004,8,2,24.389,32.889,28.722,0,NA,NA,FALSE,FALSE
20040803,"2004-08-03 12:00:00","2004-08-03 12:00:00",2004,8,3,25,33.5,28,14.986,NA,NA,FALSE,FALSE
20040804,"2004-08-04 12:00:00","2004-08-04 12:00:00",2004,8,4,23.778,32.722,26.722,3.048,NA,NA,FALSE,FALSE
20040805,"2004-08-05 12:00:00","2004-08-05 12:00:00",2004,8,5,23.722,33.278,29.444,0,NA,NA,FALSE,FALSE
20040806,"2004-08-06 12:00:00","2004-08-06 12:00:00",2004,8,6,23.722,32,28.556,0,NA,NA,FALSE,FALSE
20040807,"2004-08-07 12:00:00","2004-08-07 12:00:00",2004,8,7,24,33.611,28.278,0,NA,NA,FALSE,FALSE
20040808,"2004-08-08 12:00:00","2004-08-08 12:00:00",2004,8,8,24,32.611,28.5,0,NA,NA,FALSE,FALSE
20040809,"2004-08-09 12:00:00","2004-08-09 12:00:00",2004,8,9,24.5,34.222,28.5,0,NA,NA,FALSE,FALSE
20040810,"2004-08-10 12:00:00","2004-08-10 12:00:00",2004,8,10,22.5,32.5,25.889,4.064,NA,NA,FALSE,FALSE
20040811,"2004-08-11 12:00:00","2004-08-11 12:00:00",2004,8,11,22.278,34.111,28.722,0,NA,NA,FALSE,FALSE
20040812,"2004-08-12 12:00:00","2004-08-12 12:00:00",2004,8,12,24.111,34.722,28.944,0,NA,NA,FALSE,FALSE
20040813,"2004-08-13 12:00:00","2004-08-13 12:00:00",2004,8,13,24.5,33.5,26.611,7.874,NA,NA,FALSE,FALSE
20040814,"2004-08-14 12:00:00","2004-08-14 12:00:00",2004,8,14,24.278,33.778,28.778,4.064,NA,NA,FALSE,FALSE
20040815,"2004-08-15 12:00:00","2004-08-15 12:00:00",2004,8,15,23.722,31.111,26.444,7.62,NA,NA,FALSE,FALSE
20040816,"2004-08-16 12:00:00","2004-08-16 12:00:00",2004,8,16,24.389,29.778,27.333,0,NA,NA,FALSE,FALSE
20040817,"2004-08-17 12:00:00","2004-08-17 12:00:00",2004,8,17,24.778,32.722,28.111,0,NA,NA,FALSE,FALSE
20040818,"2004-08-18 12:00:00","2004-08-18 12:00:00",2004,8,18,20.722,27.111,22.278,14.986,NA,NA,FALSE,FALSE
20040819,"2004-08-19 12:00:00","2004-08-19 12:00:00",2004,8,19,21.222,26.389,22.722,319.532,NA,NA,FALSE,FALSE
20040820,"2004-08-20 12:00:00","2004-08-20 12:00:00",2004,8,20,21.111,29.278,23.833,0.254,NA,NA,FALSE,FALSE
20040821,"2004-08-21 12:00:00","2004-08-21 12:00:00",2004,8,21,20,28,23.556,41.91,NA,NA,FALSE,FALSE
20040822,"2004-08-22 12:00:00","2004-08-22 12:00:00",2004,8,22,19.611,22.111,20.278,73.914,NA,NA,FALSE,FALSE
20040823,"2004-08-23 12:00:00","2004-08-23 12:00:00",2004,8,23,19.611,26.889,22.944,72.898,NA,NA,FALSE,FALSE
20040824,"2004-08-24 12:00:00","2004-08-24 12:00:00",2004,8,24,21.778,29.889,25.056,1.016,NA,NA,FALSE,FALSE
20040825,"2004-08-25 12:00:00","2004-08-25 12:00:00",2004,8,25,21.611,30.278,25.611,0,NA,NA,FALSE,FALSE
20040826,"2004-08-26 12:00:00","2004-08-26 12:00:00",2004,8,26,21.111,26.722,24.167,3.048,NA,NA,FALSE,FALSE
20040827,"2004-08-27 12:00:00","2004-08-27 12:00:00",2004,8,27,19.889,30.278,24.667,2.032,NA,NA,FALSE,FALSE
20040828,"2004-08-28 12:00:00","2004-08-28 12:00:00",2004,8,28,19.722,31.389,25.778,0,NA,NA,FALSE,FALSE
20040829,"2004-08-29 12:00:00","2004-08-29 12:00:00",2004,8,29,21.111,33.778,27.667,0,NA,NA,FALSE,FALSE
20040830,"2004-08-30 12:00:00","2004-08-30 12:00:00",2004,8,30,19.5,30,24.556,0,NA,NA,FALSE,FALSE
20040831,"2004-08-31 12:00:00","2004-08-31 12:00:00",2004,8,31,19,29.722,25.056,0,NA,NA,FALSE,FALSE
20040901,"2004-09-01 12:00:00","2004-09-01 12:00:00",2004,9,1,20.778,29,24.5,0,NA,NA,FALSE,FALSE
20040902,"2004-09-02 12:00:00","2004-09-02 12:00:00",2004,9,2,18.889,29.389,23.556,0,NA,NA,FALSE,FALSE
20040903,"2004-09-03 12:00:00","2004-09-03 12:00:00",2004,9,3,18.611,30.111,24.222,0,NA,NA,FALSE,FALSE
20040904,"2004-09-04 12:00:00","2004-09-04 12:00:00",2004,9,4,20.222,30.611,25.556,0,NA,NA,FALSE,FALSE
20040905,"2004-09-05 12:00:00","2004-09-05 12:00:00",2004,9,5,20.778,30.722,25.389,0,NA,NA,FALSE,FALSE
20040906,"2004-09-06 12:00:00","2004-09-06 12:00:00",2004,9,6,22.389,29.5,24.722,0,NA,NA,FALSE,FALSE
20040907,"2004-09-07 12:00:00","2004-09-07 12:00:00",2004,9,7,19.5,24.778,21.111,2.032,NA,NA,FALSE,FALSE
20040908,"2004-09-08 12:00:00","2004-09-08 12:00:00",2004,9,8,18.889,26.222,21.333,0.508,NA,NA,FALSE,FALSE
20040909,"2004-09-09 12:00:00","2004-09-09 12:00:00",2004,9,9,19,24.722,22,0,NA,NA,FALSE,FALSE
20040910,"2004-09-10 12:00:00","2004-09-10 12:00:00",2004,9,10,16.778,26.5,21.056,0.508,NA,NA,FALSE,FALSE
20040911,"2004-09-11 12:00:00","2004-09-11 12:00:00",2004,9,11,14,25.389,21.111,52.578,NA,NA,FALSE,FALSE
20040912,"2004-09-12 12:00:00","2004-09-12 12:00:00",2004,9,12,21.889,25.389,23.278,67.056,NA,NA,FALSE,FALSE
20040913,"2004-09-13 12:00:00","2004-09-13 12:00:00",2004,9,13,18.889,24.889,22.222,0.508,NA,NA,FALSE,FALSE
20040914,"2004-09-14 12:00:00","2004-09-14 12:00:00",2004,9,14,20.722,30.389,24.722,0.254,NA,NA,FALSE,FALSE
20040915,"2004-09-15 12:00:00","2004-09-15 12:00:00",2004,9,15,22.278,28.278,24.611,2.032,NA,NA,FALSE,FALSE
20040916,"2004-09-16 12:00:00","2004-09-16 12:00:00",2004,9,16,22.278,28.389,24.5,10.414,NA,NA,FALSE,FALSE
20040917,"2004-09-17 12:00:00","2004-09-17 12:00:00",2004,9,17,21.111,27.389,22.944,0.508,NA,NA,FALSE,FALSE
20040918,"2004-09-18 12:00:00","2004-09-18 12:00:00",2004,9,18,19.389,27.222,21.722,32.004,NA,NA,FALSE,FALSE
20040919,"2004-09-19 12:00:00","2004-09-19 12:00:00",2004,9,19,15.222,26.389,20.556,7.874,NA,NA,FALSE,FALSE
20040920,"2004-09-20 12:00:00","2004-09-20 12:00:00",2004,9,20,14.611,20.5,16.722,0,NA,NA,FALSE,FALSE
20040921,"2004-09-21 12:00:00","2004-09-21 12:00:00",2004,9,21,13.222,22.222,17.556,40.386,NA,NA,FALSE,FALSE
20040922,"2004-09-22 12:00:00","2004-09-22 12:00:00",2004,9,22,12.778,24.722,20,0,NA,NA,FALSE,FALSE
20040923,"2004-09-23 12:00:00","2004-09-23 12:00:00",2004,9,23,15.889,25.222,19.889,0,NA,NA,FALSE,FALSE
20040924,"2004-09-24 12:00:00","2004-09-24 12:00:00",2004,9,24,15.611,26.889,21.389,0,NA,NA,FALSE,FALSE
20040925,"2004-09-25 12:00:00","2004-09-25 12:00:00",2004,9,25,15.722,26.389,20.889,0,NA,NA,FALSE,FALSE
20040926,"2004-09-26 12:00:00","2004-09-26 12:00:00",2004,9,26,17.222,26,20.722,0,NA,NA,FALSE,FALSE
20040927,"2004-09-27 12:00:00","2004-09-27 12:00:00",2004,9,27,17.722,28,21.167,1.524,NA,NA,FALSE,FALSE
20040928,"2004-09-28 12:00:00","2004-09-28 12:00:00",2004,9,28,17.5,25,20.556,0,NA,NA,FALSE,FALSE
20040929,"2004-09-29 12:00:00","2004-09-29 12:00:00",2004,9,29,15.611,27.278,21.278,0.508,NA,NA,FALSE,FALSE
20040930,"2004-09-30 12:00:00","2004-09-30 12:00:00",2004,9,30,14.722,28.222,21.333,0,NA,NA,FALSE,FALSE
20041001,"2004-10-01 12:00:00","2004-10-01 12:00:00",2004,10,1,12.111,24.889,17.222,0.508,NA,NA,FALSE,FALSE
20041002,"2004-10-02 12:00:00","2004-10-02 12:00:00",2004,10,2,9.389,17.278,12.944,0,NA,NA,FALSE,FALSE
20041003,"2004-10-03 12:00:00","2004-10-03 12:00:00",2004,10,3,8.722,20.389,13.944,0,NA,NA,FALSE,FALSE
20041004,"2004-10-04 12:00:00","2004-10-04 12:00:00",2004,10,4,9.111,23.278,17.111,0,NA,NA,FALSE,FALSE
20041005,"2004-10-05 12:00:00","2004-10-05 12:00:00",2004,10,5,11.111,23.611,17.111,0,NA,NA,FALSE,FALSE
20041006,"2004-10-06 12:00:00","2004-10-06 12:00:00",2004,10,6,10.611,25,18.556,0,NA,NA,FALSE,FALSE
20041007,"2004-10-07 12:00:00","2004-10-07 12:00:00",2004,10,7,14.5,21.778,18.556,0,NA,NA,FALSE,FALSE
20041008,"2004-10-08 12:00:00","2004-10-08 12:00:00",2004,10,8,15.278,26.5,19.611,0,NA,NA,FALSE,FALSE
20041009,"2004-10-09 12:00:00","2004-10-09 12:00:00",2004,10,9,12.222,25,18.5,0,NA,NA,FALSE,FALSE
20041010,"2004-10-10 12:00:00","2004-10-10 12:00:00",2004,10,10,12,25.5,18.333,0,NA,NA,FALSE,FALSE
20041011,"2004-10-11 12:00:00","2004-10-11 12:00:00",2004,10,11,12,24.611,17.833,NA,NA,NA,FALSE,FALSE
20041012,"2004-10-12 12:00:00","2004-10-12 12:00:00",2004,10,12,8.722,20.5,14.389,0,NA,NA,FALSE,FALSE
20041013,"2004-10-13 12:00:00","2004-10-13 12:00:00",2004,10,13,8.222,20.5,13.944,NA,NA,NA,FALSE,FALSE
20041014,"2004-10-14 12:00:00","2004-10-14 12:00:00",2004,10,14,5.778,16.389,11,1.524,NA,NA,FALSE,FALSE
20041015,"2004-10-15 12:00:00","2004-10-15 12:00:00",2004,10,15,5.389,21,14.389,0,NA,NA,FALSE,FALSE
20041016,"2004-10-16 12:00:00","2004-10-16 12:00:00",2004,10,16,10.389,23.778,17.778,0,NA,NA,FALSE,FALSE
20041017,"2004-10-17 12:00:00","2004-10-17 12:00:00",2004,10,17,12.5,23.111,17.222,0,NA,NA,FALSE,FALSE
20041018,"2004-10-18 12:00:00","2004-10-18 12:00:00",2004,10,18,12.722,21.111,16.333,1.016,NA,NA,FALSE,FALSE
20041019,"2004-10-19 12:00:00","2004-10-19 12:00:00",2004,10,19,12.5,19.611,17.389,0,NA,NA,FALSE,FALSE
20041020,"2004-10-20 12:00:00","2004-10-20 12:00:00",2004,10,20,11.278,24.5,17.722,0,NA,NA,FALSE,FALSE
20041021,"2004-10-21 12:00:00","2004-10-21 12:00:00",2004,10,21,11.222,23.278,17.056,0,NA,NA,FALSE,FALSE
20041022,"2004-10-22 12:00:00","2004-10-22 12:00:00",2004,10,22,7.5,18.889,13.056,0,NA,NA,FALSE,FALSE
20041023,"2004-10-23 12:00:00","2004-10-23 12:00:00",2004,10,23,7.278,20,13.611,0,NA,NA,FALSE,FALSE
20041024,"2004-10-24 12:00:00","2004-10-24 12:00:00",2004,10,24,8.722,22.111,15.167,0,NA,NA,FALSE,FALSE
20041025,"2004-10-25 12:00:00","2004-10-25 12:00:00",2004,10,25,9.611,22.389,16.944,0,NA,NA,FALSE,FALSE
20041026,"2004-10-26 12:00:00","2004-10-26 12:00:00",2004,10,26,5.389,18.278,11.556,0,NA,NA,FALSE,FALSE
20041027,"2004-10-27 12:00:00","2004-10-27 12:00:00",2004,10,27,4.222,18.111,11.222,0,NA,NA,FALSE,FALSE
20041028,"2004-10-28 12:00:00","2004-10-28 12:00:00",2004,10,28,6.722,20.5,14.333,0,NA,NA,FALSE,FALSE
20041029,"2004-10-29 12:00:00","2004-10-29 12:00:00",2004,10,29,10.222,21.778,15.556,0,NA,NA,FALSE,FALSE
20041030,"2004-10-30 12:00:00","2004-10-30 12:00:00",2004,10,30,10.389,23.611,16.944,0,NA,NA,FALSE,FALSE
20041031,"2004-10-31 12:00:00","2004-10-31 12:00:00",2004,10,31,9.778,24,15.833,0,NA,NA,FALSE,FALSE
20041101,"2004-11-01 12:00:00","2004-11-01 12:00:00",2004,11,1,9.611,20,15.167,6.096,NA,NA,FALSE,FALSE
20041102,"2004-11-02 12:00:00","2004-11-02 12:00:00",2004,11,2,-4,16.389,12.556,0.508,NA,NA,FALSE,FALSE
20041103,"2004-11-03 12:00:00","2004-11-03 12:00:00",2004,11,3,9.222,15.722,12,4.572,NA,NA,FALSE,FALSE
20041104,"2004-11-04 12:00:00","2004-11-04 12:00:00",2004,11,4,6.5,18.889,12,0,NA,NA,FALSE,FALSE
20041105,"2004-11-05 12:00:00","2004-11-05 12:00:00",2004,11,5,5.611,18.889,13.944,NA,NA,NA,FALSE,FALSE
20041106,"2004-11-06 12:00:00","2004-11-06 12:00:00",2004,11,6,3.889,18.278,10.111,0.508,NA,NA,FALSE,FALSE
20041107,"2004-11-07 12:00:00","2004-11-07 12:00:00",2004,11,7,3.778,21,12.056,0,NA,NA,FALSE,FALSE
20041108,"2004-11-08 12:00:00","2004-11-08 12:00:00",2004,11,8,6.111,21.389,13.444,0,NA,NA,FALSE,FALSE
20041109,"2004-11-09 12:00:00","2004-11-09 12:00:00",2004,11,9,7.889,24.889,17.944,0,NA,NA,FALSE,FALSE
20041110,"2004-11-10 12:00:00","2004-11-10 12:00:00",2004,11,10,14.611,20.222,17.278,35.052,NA,NA,FALSE,FALSE
20041111,"2004-11-11 12:00:00","2004-11-11 12:00:00",2004,11,11,10.222,15.5,13.056,0.508,NA,NA,FALSE,FALSE
20041112,"2004-11-12 12:00:00","2004-11-12 12:00:00",2004,11,12,1.389,10.111,5.889,0,NA,NA,FALSE,FALSE
20041113,"2004-11-13 12:00:00","2004-11-13 12:00:00",2004,11,13,0.778,8.5,6.389,2.032,NA,NA,FALSE,FALSE
20041114,"2004-11-14 12:00:00","2004-11-14 12:00:00",2004,11,14,5.111,14.222,9.056,4.064,NA,NA,FALSE,FALSE
20041115,"2004-11-15 12:00:00","2004-11-15 12:00:00",2004,11,15,2.278,10.222,6,0,NA,NA,FALSE,FALSE
20041116,"2004-11-16 12:00:00","2004-11-16 12:00:00",2004,11,16,1.778,14.611,7.778,0,NA,NA,FALSE,FALSE
20041117,"2004-11-17 12:00:00","2004-11-17 12:00:00",2004,11,17,4,15.889,10.444,0,NA,NA,FALSE,FALSE
20041118,"2004-11-18 12:00:00","2004-11-18 12:00:00",2004,11,18,4.778,17.389,10.278,0,NA,NA,FALSE,FALSE
20041119,"2004-11-19 12:00:00","2004-11-19 12:00:00",2004,11,19,3.5,15.111,9,0,NA,NA,FALSE,FALSE
20041120,"2004-11-20 12:00:00","2004-11-20 12:00:00",2004,11,20,3.389,14,8.111,0,NA,NA,FALSE,FALSE
20041121,"2004-11-21 12:00:00","2004-11-21 12:00:00",2004,11,21,1.389,13.778,7.278,0,NA,NA,FALSE,FALSE
20041122,"2004-11-22 12:00:00","2004-11-22 12:00:00",2004,11,22,2.111,14.278,7.278,0,NA,NA,FALSE,FALSE
20041123,"2004-11-23 12:00:00","2004-11-23 12:00:00",2004,11,23,1.611,16.222,8.778,0,NA,NA,FALSE,FALSE
20041124,"2004-11-24 12:00:00","2004-11-24 12:00:00",2004,11,24,3.611,18.611,10.389,0,NA,NA,FALSE,FALSE
20041125,"2004-11-25 12:00:00","2004-11-25 12:00:00",2004,11,25,5,19.111,14,NA,NA,NA,FALSE,FALSE
20041126,"2004-11-26 12:00:00","2004-11-26 12:00:00",2004,11,26,4,8.5,6.222,10.414,NA,NA,FALSE,FALSE
20041127,"2004-11-27 12:00:00","2004-11-27 12:00:00",2004,11,27,2.278,13.278,7.222,2.032,NA,NA,FALSE,FALSE
20041128,"2004-11-28 12:00:00","2004-11-28 12:00:00",2004,11,28,2.222,14.5,7.333,0,NA,NA,FALSE,FALSE
20041129,"2004-11-29 12:00:00","2004-11-29 12:00:00",2004,11,29,1.5,12.389,6.278,0,NA,NA,FALSE,FALSE
20041130,"2004-11-30 12:00:00","2004-11-30 12:00:00",2004,11,30,0.389,10.778,6.167,0,NA,NA,FALSE,FALSE
20041201,"2004-12-01 12:00:00","2004-12-01 12:00:00",2004,12,1,1.278,12.5,7.111,0,NA,NA,FALSE,FALSE
20041202,"2004-12-02 12:00:00","2004-12-02 12:00:00",2004,12,2,3.222,17.889,10.611,0,NA,NA,FALSE,FALSE
20041203,"2004-12-03 12:00:00","2004-12-03 12:00:00",2004,12,3,6,19,14.444,NA,NA,NA,FALSE,FALSE
20041204,"2004-12-04 12:00:00","2004-12-04 12:00:00",2004,12,4,6,13.611,10.5,2.032,NA,NA,FALSE,FALSE
20041205,"2004-12-05 12:00:00","2004-12-05 12:00:00",2004,12,5,0.778,9.5,5.167,22.098,NA,NA,FALSE,FALSE
20041206,"2004-12-06 12:00:00","2004-12-06 12:00:00",2004,12,6,0.5,10.722,7.056,0,NA,NA,FALSE,FALSE
20041207,"2004-12-07 12:00:00","2004-12-07 12:00:00",2004,12,7,0,10.111,5.278,0.254,NA,NA,FALSE,FALSE
20041208,"2004-12-08 12:00:00","2004-12-08 12:00:00",2004,12,8,-0.722,12,5.722,0,NA,NA,FALSE,FALSE
20041209,"2004-12-09 12:00:00","2004-12-09 12:00:00",2004,12,9,0.778,14.722,7.778,0,NA,NA,FALSE,FALSE
20041210,"2004-12-10 12:00:00","2004-12-10 12:00:00",2004,12,10,1.778,13.778,6.5,0,NA,NA,FALSE,FALSE
20041211,"2004-12-11 12:00:00","2004-12-11 12:00:00",2004,12,11,1,12.889,7.5,0,NA,NA,FALSE,FALSE
20041212,"2004-12-12 12:00:00","2004-12-12 12:00:00",2004,12,12,2,13.222,7.222,0,NA,NA,FALSE,FALSE
20041213,"2004-12-13 12:00:00","2004-12-13 12:00:00",2004,12,13,-1,10.222,4.222,0,NA,NA,FALSE,FALSE
20041214,"2004-12-14 12:00:00","2004-12-14 12:00:00",2004,12,14,-1.222,14.278,7.667,0,NA,NA,FALSE,FALSE
20041215,"2004-12-15 12:00:00","2004-12-15 12:00:00",2004,12,15,5.222,16.222,11.611,0,NA,NA,FALSE,FALSE
20041216,"2004-12-16 12:00:00","2004-12-16 12:00:00",2004,12,16,0.722,12.611,6.167,0,NA,NA,FALSE,FALSE
20041217,"2004-12-17 12:00:00","2004-12-17 12:00:00",2004,12,17,0.5,14.778,8,0,NA,NA,FALSE,FALSE
20041218,"2004-12-18 12:00:00","2004-12-18 12:00:00",2004,12,18,2.278,12.611,6.444,0,NA,NA,FALSE,FALSE
20041219,"2004-12-19 12:00:00","2004-12-19 12:00:00",2004,12,19,2.222,12.778,8.222,0,NA,NA,FALSE,FALSE
20041220,"2004-12-20 12:00:00","2004-12-20 12:00:00",2004,12,20,-3.222,3.778,-0.167,3.556,NA,NA,FALSE,FALSE
20041221,"2004-12-21 12:00:00","2004-12-21 12:00:00",2004,12,21,-3.889,7.222,2,0,NA,NA,FALSE,FALSE
20041222,"2004-12-22 12:00:00","2004-12-22 12:00:00",2004,12,22,-3.111,6.222,0.833,0,NA,NA,FALSE,FALSE
20041223,"2004-12-23 12:00:00","2004-12-23 12:00:00",2004,12,23,-3.611,2.889,-1,0,NA,NA,FALSE,FALSE
20041224,"2004-12-24 12:00:00","2004-12-24 12:00:00",2004,12,24,-3.389,3.111,1.667,NA,NA,NA,FALSE,FALSE
20041225,"2004-12-25 12:00:00","2004-12-25 12:00:00",2004,12,25,2,6.222,3,0,NA,NA,FALSE,FALSE
20041226,"2004-12-26 12:00:00","2004-12-26 12:00:00",2004,12,26,-0.778,4.111,0.889,0,NA,NA,FALSE,FALSE
20041227,"2004-12-27 12:00:00","2004-12-27 12:00:00",2004,12,27,-3.389,4.611,-0.056,0,NA,NA,FALSE,FALSE
20041228,"2004-12-28 12:00:00","2004-12-28 12:00:00",2004,12,28,-3.722,2.389,-1.167,0,NA,NA,FALSE,FALSE
20041229,"2004-12-29 12:00:00","2004-12-29 12:00:00",2004,12,29,-4,1.222,-1.889,NA,NA,NA,FALSE,FALSE
20041230,"2004-12-30 12:00:00","2004-12-30 12:00:00",2004,12,30,-3.111,3.889,0.056,0,NA,NA,FALSE,FALSE
20041231,"2004-12-31 12:00:00","2004-12-31 12:00:00",2004,12,31,-5.5,-0.222,-2.778,0,NA,NA,FALSE,FALSE
20050101,"2005-01-01 12:00:00","2005-01-01 12:00:00",2005,1,1,-3.889,2,-1.056,0,NA,NA,FALSE,FALSE
20050102,"2005-01-02 12:00:00","2005-01-02 12:00:00",2005,1,2,-2.722,6.222,1.444,0,NA,NA,FALSE,FALSE
20050103,"2005-01-03 12:00:00","2005-01-03 12:00:00",2005,1,3,-1.889,11,4.278,NA,NA,NA,FALSE,FALSE
20050104,"2005-01-04 12:00:00","2005-01-04 12:00:00",2005,1,4,-6.222,2,-2.222,NA,NA,NA,FALSE,FALSE
20050105,"2005-01-05 12:00:00","2005-01-05 12:00:00",2005,1,5,-6.778,1.889,-0.556,0,NA,NA,FALSE,FALSE
20050106,"2005-01-06 12:00:00","2005-01-06 12:00:00",2005,1,6,-1.111,7.389,3.611,0,NA,NA,FALSE,FALSE
20050107,"2005-01-07 12:00:00","2005-01-07 12:00:00",2005,1,7,-4.111,4,-0.611,0,NA,NA,FALSE,FALSE
20050108,"2005-01-08 12:00:00","2005-01-08 12:00:00",2005,1,8,-6.278,3.278,-1.611,0,NA,NA,FALSE,FALSE
20050109,"2005-01-09 12:00:00","2005-01-09 12:00:00",2005,1,9,-6.889,-0.389,-3.944,0,NA,NA,FALSE,FALSE
20050110,"2005-01-10 12:00:00","2005-01-10 12:00:00",2005,1,10,-6.389,2.889,-0.444,0,NA,NA,FALSE,FALSE
20050111,"2005-01-11 12:00:00","2005-01-11 12:00:00",2005,1,11,-2.222,2.222,-0.667,0,NA,NA,FALSE,FALSE
20050112,"2005-01-12 12:00:00","2005-01-12 12:00:00",2005,1,12,-3.389,0.722,-1.222,0,NA,NA,FALSE,FALSE
20050113,"2005-01-13 12:00:00","2005-01-13 12:00:00",2005,1,13,-4,1.611,-1.889,0,NA,NA,FALSE,FALSE
20050114,"2005-01-14 12:00:00","2005-01-14 12:00:00",2005,1,14,-4.722,3.111,-1.111,0,NA,NA,FALSE,FALSE
20050115,"2005-01-15 12:00:00","2005-01-15 12:00:00",2005,1,15,-4.111,3.389,0.056,0,NA,NA,FALSE,FALSE
20050116,"2005-01-16 12:00:00","2005-01-16 12:00:00",2005,1,16,-2.778,2.778,0.278,0,NA,NA,FALSE,FALSE
20050117,"2005-01-17 12:00:00","2005-01-17 12:00:00",2005,1,17,-3.222,7.111,1.556,0,NA,NA,FALSE,FALSE
20050118,"2005-01-18 12:00:00","2005-01-18 12:00:00",2005,1,18,-3.722,6.611,2.667,0,NA,NA,FALSE,FALSE
20050119,"2005-01-19 12:00:00","2005-01-19 12:00:00",2005,1,19,-2.111,4.111,-0.167,0,NA,NA,FALSE,FALSE
20050120,"2005-01-20 12:00:00","2005-01-20 12:00:00",2005,1,20,-4.611,1.222,-2.333,1.016,NA,NA,FALSE,FALSE
20050121,"2005-01-21 12:00:00","2005-01-21 12:00:00",2005,1,21,-5.889,2.889,-1.833,0.254,NA,NA,FALSE,FALSE
20050122,"2005-01-22 12:00:00","2005-01-22 12:00:00",2005,1,22,-4.111,5.5,1.222,0.254,NA,NA,FALSE,FALSE
20050123,"2005-01-23 12:00:00","2005-01-23 12:00:00",2005,1,23,0.222,5.889,2.333,3.556,NA,NA,FALSE,FALSE
20050124,"2005-01-24 12:00:00","2005-01-24 12:00:00",2005,1,24,0.222,6.278,2.333,2.032,NA,NA,FALSE,FALSE
20050125,"2005-01-25 12:00:00","2005-01-25 12:00:00",2005,1,25,-1.222,0.611,-0.056,2.54,NA,NA,FALSE,FALSE
20050126,"2005-01-26 12:00:00","2005-01-26 12:00:00",2005,1,26,-1.389,5.889,1.889,0,NA,NA,FALSE,FALSE
20050127,"2005-01-27 12:00:00","2005-01-27 12:00:00",2005,1,27,-2.5,7.222,2.111,0,NA,NA,FALSE,FALSE
20050128,"2005-01-28 12:00:00","2005-01-28 12:00:00",2005,1,28,-2.611,11.111,3.889,0,NA,NA,FALSE,FALSE
20050129,"2005-01-29 12:00:00","2005-01-29 12:00:00",2005,1,29,-4.722,1.778,-1.167,0.508,NA,NA,FALSE,FALSE
20050130,"2005-01-30 12:00:00","2005-01-30 12:00:00",2005,1,30,-5.889,-0.889,-3.5,0,NA,NA,FALSE,FALSE
20050131,"2005-01-31 12:00:00","2005-01-31 12:00:00",2005,1,31,-13.111,1.5,-3.389,0.254,NA,NA,FALSE,FALSE
20050201,"2005-02-01 12:00:00","2005-02-01 12:00:00",2005,2,1,-8,-4.611,-5.611,0.508,NA,NA,FALSE,FALSE
20050202,"2005-02-02 12:00:00","2005-02-02 12:00:00",2005,2,2,-6.5,-0.611,-2.833,0.508,NA,NA,FALSE,FALSE
20050203,"2005-02-03 12:00:00","2005-02-03 12:00:00",2005,2,3,-3.889,2.278,-1.778,0.508,NA,NA,FALSE,FALSE
20050204,"2005-02-04 12:00:00","2005-02-04 12:00:00",2005,2,4,-3.778,5.722,0.444,0,NA,NA,FALSE,FALSE
20050205,"2005-02-05 12:00:00","2005-02-05 12:00:00",2005,2,5,-3.111,4.889,0.222,0,NA,NA,FALSE,FALSE
20050206,"2005-02-06 12:00:00","2005-02-06 12:00:00",2005,2,6,-3.222,7.111,3,0,NA,NA,FALSE,FALSE
20050207,"2005-02-07 12:00:00","2005-02-07 12:00:00",2005,2,7,1.222,8.222,4.5,0.508,NA,NA,FALSE,FALSE
20050208,"2005-02-08 12:00:00","2005-02-08 12:00:00",2005,2,8,-1.611,2.889,1,2.032,NA,NA,FALSE,FALSE
20050209,"2005-02-09 12:00:00","2005-02-09 12:00:00",2005,2,9,-3.722,4.222,0.056,0,NA,NA,FALSE,FALSE
20050210,"2005-02-10 12:00:00","2005-02-10 12:00:00",2005,2,10,-6.778,1.278,-3.222,0,NA,NA,FALSE,FALSE
20050211,"2005-02-11 12:00:00","2005-02-11 12:00:00",2005,2,11,-7,1.889,-2.944,0,NA,NA,FALSE,FALSE
20050212,"2005-02-12 12:00:00","2005-02-12 12:00:00",2005,2,12,-5.778,3.389,-1.444,0,NA,NA,FALSE,FALSE
20050213,"2005-02-13 12:00:00","2005-02-13 12:00:00",2005,2,13,-4.889,5.5,0.167,0,NA,NA,FALSE,FALSE
20050214,"2005-02-14 12:00:00","2005-02-14 12:00:00",2005,2,14,-3.722,7.222,4,2.032,NA,NA,FALSE,FALSE
20050215,"2005-02-15 12:00:00","2005-02-15 12:00:00",2005,2,15,5.5,9.778,7.611,7.874,NA,NA,FALSE,FALSE
20050216,"2005-02-16 12:00:00","2005-02-16 12:00:00",2005,2,16,5.611,8.111,6.778,17.018,NA,NA,FALSE,FALSE
20050217,"2005-02-17 12:00:00","2005-02-17 12:00:00",2005,2,17,5.278,13.611,8.222,0,NA,NA,FALSE,FALSE
20050218,"2005-02-18 12:00:00","2005-02-18 12:00:00",2005,2,18,1.722,5,3.167,5.588,NA,NA,FALSE,FALSE
20050219,"2005-02-19 12:00:00","2005-02-19 12:00:00",2005,2,19,-7.278,3.278,-2.722,4.572,NA,NA,FALSE,FALSE
20050220,"2005-02-20 12:00:00","2005-02-20 12:00:00",2005,2,20,-7.778,0.389,-4.111,0.508,NA,NA,FALSE,FALSE
20050221,"2005-02-21 12:00:00","2005-02-21 12:00:00",2005,2,21,-6.5,1.222,-2.778,0.254,NA,NA,FALSE,FALSE
20050222,"2005-02-22 12:00:00","2005-02-22 12:00:00",2005,2,22,-5.722,9.611,4,0,NA,NA,FALSE,FALSE
20050223,"2005-02-23 12:00:00","2005-02-23 12:00:00",2005,2,23,0,7.389,2.333,0,NA,NA,FALSE,FALSE
20050224,"2005-02-24 12:00:00","2005-02-24 12:00:00",2005,2,24,-2.278,9.278,2.667,0,NA,NA,FALSE,FALSE
20050225,"2005-02-25 12:00:00","2005-02-25 12:00:00",2005,2,25,-5.722,3.278,-1.611,0,NA,NA,FALSE,FALSE
20050226,"2005-02-26 12:00:00","2005-02-26 12:00:00",2005,2,26,-6,1.889,-2.222,0,NA,NA,FALSE,FALSE
20050227,"2005-02-27 12:00:00","2005-02-27 12:00:00",2005,2,27,-5.111,5.222,-0.278,0,NA,NA,FALSE,FALSE
20050228,"2005-02-28 12:00:00","2005-02-28 12:00:00",2005,2,28,-4,8.222,1.778,0,NA,NA,FALSE,FALSE
20050301,"2005-03-01 12:00:00","2005-03-01 12:00:00",2005,3,1,-2.5,7.5,2,0,NA,NA,FALSE,FALSE
20050302,"2005-03-02 12:00:00","2005-03-02 12:00:00",2005,3,2,-2.278,7.111,1.556,0,NA,NA,FALSE,FALSE
20050303,"2005-03-03 12:00:00","2005-03-03 12:00:00",2005,3,3,-3.611,4.778,-0.056,0,NA,NA,FALSE,FALSE
20050304,"2005-03-04 12:00:00","2005-03-04 12:00:00",2005,3,4,-3.778,3.722,-0.278,NA,NA,NA,FALSE,FALSE
20050305,"2005-03-05 12:00:00","2005-03-05 12:00:00",2005,3,5,-4.722,2.389,-2.056,0.254,NA,NA,FALSE,FALSE
20050306,"2005-03-06 12:00:00","2005-03-06 12:00:00",2005,3,6,-4.778,9.222,1.611,0.254,NA,NA,FALSE,FALSE
20050307,"2005-03-07 12:00:00","2005-03-07 12:00:00",2005,3,7,-3.889,13.889,6.444,0,NA,NA,FALSE,FALSE
20050308,"2005-03-08 12:00:00","2005-03-08 12:00:00",2005,3,8,2.222,17.111,9.611,0,NA,NA,FALSE,FALSE
20050309,"2005-03-09 12:00:00","2005-03-09 12:00:00",2005,3,9,6.222,18.722,12.611,0,NA,NA,FALSE,FALSE
20050310,"2005-03-10 12:00:00","2005-03-10 12:00:00",2005,3,10,5.722,20.722,13.111,0,NA,NA,FALSE,FALSE
20050311,"2005-03-11 12:00:00","2005-03-11 12:00:00",2005,3,11,-3.389,3.389,-0.167,1.524,NA,NA,FALSE,FALSE
20050312,"2005-03-12 12:00:00","2005-03-12 12:00:00",2005,3,12,-4.889,1.111,-2.444,0,NA,NA,FALSE,FALSE
20050313,"2005-03-13 12:00:00","2005-03-13 12:00:00",2005,3,13,-5.111,3.722,0.111,0.508,NA,NA,FALSE,FALSE
20050314,"2005-03-14 12:00:00","2005-03-14 12:00:00",2005,3,14,-1.778,10.278,4.389,0,NA,NA,FALSE,FALSE
20050315,"2005-03-15 12:00:00","2005-03-15 12:00:00",2005,3,15,0.222,6.889,4.111,0.508,NA,NA,FALSE,FALSE
20050316,"2005-03-16 12:00:00","2005-03-16 12:00:00",2005,3,16,2.222,17.389,9.611,0.508,NA,NA,FALSE,FALSE
20050317,"2005-03-17 12:00:00","2005-03-17 12:00:00",2005,3,17,3.889,11.778,7.167,21.082,NA,NA,FALSE,FALSE
20050318,"2005-03-18 12:00:00","2005-03-18 12:00:00",2005,3,18,-1.222,7.778,3.389,0,NA,NA,FALSE,FALSE
20050319,"2005-03-19 12:00:00","2005-03-19 12:00:00",2005,3,19,-1.611,14.222,6.222,0,NA,NA,FALSE,FALSE
20050320,"2005-03-20 12:00:00","2005-03-20 12:00:00",2005,3,20,0.278,12,6.111,0,NA,NA,FALSE,FALSE
20050321,"2005-03-21 12:00:00","2005-03-21 12:00:00",2005,3,21,-0.278,16.611,9.944,0.254,NA,NA,FALSE,FALSE
20050322,"2005-03-22 12:00:00","2005-03-22 12:00:00",2005,3,22,4.778,13.611,8,37.084,NA,NA,FALSE,FALSE
20050323,"2005-03-23 12:00:00","2005-03-23 12:00:00",2005,3,23,1.389,14.5,7.056,0.508,NA,NA,FALSE,FALSE
20050324,"2005-03-24 12:00:00","2005-03-24 12:00:00",2005,3,24,0.222,5.389,1.889,1.524,NA,NA,FALSE,FALSE
20050325,"2005-03-25 12:00:00","2005-03-25 12:00:00",2005,3,25,0.222,8.611,5.111,1.016,NA,NA,FALSE,FALSE
20050326,"2005-03-26 12:00:00","2005-03-26 12:00:00",2005,3,26,2.111,16.278,9.389,0,NA,NA,FALSE,FALSE
20050327,"2005-03-27 12:00:00","2005-03-27 12:00:00",2005,3,27,5.278,11.278,9.389,3.048,NA,NA,FALSE,FALSE
20050328,"2005-03-28 12:00:00","2005-03-28 12:00:00",2005,3,28,2.278,16.611,7.167,0,NA,NA,FALSE,FALSE
20050329,"2005-03-29 12:00:00","2005-03-29 12:00:00",2005,3,29,1.222,9.722,4.778,0,NA,NA,FALSE,FALSE
20050330,"2005-03-30 12:00:00","2005-03-30 12:00:00",2005,3,30,0.889,15.778,8.167,0,NA,NA,FALSE,FALSE
20050331,"2005-03-31 12:00:00","2005-03-31 12:00:00",2005,3,31,3.5,19.222,11.5,0,NA,NA,FALSE,FALSE
20050401,"2005-04-01 12:00:00","2005-04-01 12:00:00",2005,4,1,5.111,21.389,13.556,0,NA,NA,FALSE,FALSE
20050402,"2005-04-02 12:00:00","2005-04-02 12:00:00",2005,4,2,4.889,19.5,11.667,0,NA,NA,FALSE,FALSE
20050403,"2005-04-03 12:00:00","2005-04-03 12:00:00",2005,4,3,2,9.611,6.667,0,NA,NA,FALSE,FALSE
20050404,"2005-04-04 12:00:00","2005-04-04 12:00:00",2005,4,4,1.778,16.611,9.778,0,NA,NA,FALSE,FALSE
20050405,"2005-04-05 12:00:00","2005-04-05 12:00:00",2005,4,5,4.278,22.778,14.167,0,NA,NA,FALSE,FALSE
20050406,"2005-04-06 12:00:00","2005-04-06 12:00:00",2005,4,6,8.278,17.778,14.333,7.62,NA,NA,FALSE,FALSE
20050407,"2005-04-07 12:00:00","2005-04-07 12:00:00",2005,4,7,11.222,25.222,16.944,7.62,NA,NA,FALSE,FALSE
20050408,"2005-04-08 12:00:00","2005-04-08 12:00:00",2005,4,8,11.5,27.389,18.222,0,NA,NA,FALSE,FALSE
20050409,"2005-04-09 12:00:00","2005-04-09 12:00:00",2005,4,9,9.611,19.111,16.278,0.508,NA,NA,FALSE,FALSE
20050410,"2005-04-10 12:00:00","2005-04-10 12:00:00",2005,4,10,-6.222,17.389,9.278,29.464,NA,NA,FALSE,FALSE
20050411,"2005-04-11 12:00:00","2005-04-11 12:00:00",2005,4,11,7.278,18.611,12.722,0,NA,NA,FALSE,FALSE
20050412,"2005-04-12 12:00:00","2005-04-12 12:00:00",2005,4,12,5.778,15.222,9.778,NA,NA,NA,FALSE,FALSE
20050413,"2005-04-13 12:00:00","2005-04-13 12:00:00",2005,4,13,3.5,15.222,9.222,0,NA,NA,FALSE,FALSE
20050414,"2005-04-14 12:00:00","2005-04-14 12:00:00",2005,4,14,3.222,18.5,11.611,0,NA,NA,FALSE,FALSE
20050415,"2005-04-15 12:00:00","2005-04-15 12:00:00",2005,4,15,2.389,18,10.222,0,NA,NA,FALSE,FALSE
20050416,"2005-04-16 12:00:00","2005-04-16 12:00:00",2005,4,16,1.722,21.5,12.667,0,NA,NA,FALSE,FALSE
20050417,"2005-04-17 12:00:00","2005-04-17 12:00:00",2005,4,17,4.611,23.389,16.444,NA,NA,NA,FALSE,FALSE
20050418,"2005-04-18 12:00:00","2005-04-18 12:00:00",2005,4,18,11.778,25.5,18.389,0,NA,NA,FALSE,FALSE
20050419,"2005-04-19 12:00:00","2005-04-19 12:00:00",2005,4,19,9.722,23.889,15.556,7.62,NA,NA,FALSE,FALSE
20050420,"2005-04-20 12:00:00","2005-04-20 12:00:00",2005,4,20,9.389,17,12.667,16.51,NA,NA,FALSE,FALSE
20050421,"2005-04-21 12:00:00","2005-04-21 12:00:00",2005,4,21,0.722,16.611,11.667,0,NA,NA,FALSE,FALSE
20050422,"2005-04-22 12:00:00","2005-04-22 12:00:00",2005,4,22,6.778,19.389,13.056,19.05,NA,NA,FALSE,FALSE
20050423,"2005-04-23 12:00:00","2005-04-23 12:00:00",2005,4,23,6.722,21.278,14.278,0,NA,NA,FALSE,FALSE
20050424,"2005-04-24 12:00:00","2005-04-24 12:00:00",2005,4,24,9.222,21.611,15.944,0,NA,NA,FALSE,FALSE
20050425,"2005-04-25 12:00:00","2005-04-25 12:00:00",2005,4,25,9.389,21,14.611,0,NA,NA,FALSE,FALSE
20050426,"2005-04-26 12:00:00","2005-04-26 12:00:00",2005,4,26,9.111,24.222,16.389,0,NA,NA,FALSE,FALSE
20050427,"2005-04-27 12:00:00","2005-04-27 12:00:00",2005,4,27,9.111,26.889,18.333,0,NA,NA,FALSE,FALSE
20050428,"2005-04-28 12:00:00","2005-04-28 12:00:00",2005,4,28,13.278,27.389,20.278,0,NA,NA,FALSE,FALSE
20050429,"2005-04-29 12:00:00","2005-04-29 12:00:00",2005,4,29,16.222,28.722,22.444,0,NA,NA,FALSE,FALSE
20050430,"2005-04-30 12:00:00","2005-04-30 12:00:00",2005,4,30,18.222,24.611,20.889,30.48,NA,NA,FALSE,FALSE
20050501,"2005-05-01 12:00:00","2005-05-01 12:00:00",2005,5,1,14.611,26.111,19.833,2.54,NA,NA,FALSE,FALSE
20050502,"2005-05-02 12:00:00","2005-05-02 12:00:00",2005,5,2,10.389,25.889,18.056,0,NA,NA,FALSE,FALSE
20050503,"2005-05-03 12:00:00","2005-05-03 12:00:00",2005,5,3,10,27.889,19.389,0,NA,NA,FALSE,FALSE
20050504,"2005-05-04 12:00:00","2005-05-04 12:00:00",2005,5,4,11.222,28.778,21.611,0,NA,NA,FALSE,FALSE
20050505,"2005-05-05 12:00:00","2005-05-05 12:00:00",2005,5,5,16.889,22.722,19,4.572,NA,NA,FALSE,FALSE
20050506,"2005-05-06 12:00:00","2005-05-06 12:00:00",2005,5,6,10.278,14.889,11.889,5.588,NA,NA,FALSE,FALSE
20050507,"2005-05-07 12:00:00","2005-05-07 12:00:00",2005,5,7,10.111,20.389,14.556,1.524,NA,NA,FALSE,FALSE
20050508,"2005-05-08 12:00:00","2005-05-08 12:00:00",2005,5,8,8.5,21.611,14.722,0,NA,NA,FALSE,FALSE
20050509,"2005-05-09 12:00:00","2005-05-09 12:00:00",2005,5,9,7.722,20.278,13.722,0,NA,NA,FALSE,FALSE
20050510,"2005-05-10 12:00:00","2005-05-10 12:00:00",2005,5,10,7.5,22,15.222,0,NA,NA,FALSE,FALSE
20050511,"2005-05-11 12:00:00","2005-05-11 12:00:00",2005,5,11,10,24.111,17.333,2.54,NA,NA,FALSE,FALSE
20050512,"2005-05-12 12:00:00","2005-05-12 12:00:00",2005,5,12,9.722,20.389,14.5,0.508,NA,NA,FALSE,FALSE
20050513,"2005-05-13 12:00:00","2005-05-13 12:00:00",2005,5,13,9.389,23.889,17.667,0,NA,NA,FALSE,FALSE
20050514,"2005-05-14 12:00:00","2005-05-14 12:00:00",2005,5,14,12.389,25,18.111,0,NA,NA,FALSE,FALSE
20050515,"2005-05-15 12:00:00","2005-05-15 12:00:00",2005,5,15,12.222,27.5,19.833,0,NA,NA,FALSE,FALSE
20050516,"2005-05-16 12:00:00","2005-05-16 12:00:00",2005,5,16,13.722,27.278,21.333,0,NA,NA,FALSE,FALSE
20050517,"2005-05-17 12:00:00","2005-05-17 12:00:00",2005,5,17,15.722,22.5,19.5,NA,NA,NA,FALSE,FALSE
20050518,"2005-05-18 12:00:00","2005-05-18 12:00:00",2005,5,18,10.5,18.5,12.722,46.482,NA,NA,FALSE,FALSE
20050519,"2005-05-19 12:00:00","2005-05-19 12:00:00",2005,5,19,9.778,26.278,18.444,0,NA,NA,FALSE,FALSE
20050520,"2005-05-20 12:00:00","2005-05-20 12:00:00",2005,5,20,12.389,24.889,18.833,0,NA,NA,FALSE,FALSE
20050521,"2005-05-21 12:00:00","2005-05-21 12:00:00",2005,5,21,12.222,23.278,19.167,0,NA,NA,FALSE,FALSE
20050522,"2005-05-22 12:00:00","2005-05-22 12:00:00",2005,5,22,14.778,24.389,19,NA,NA,NA,FALSE,FALSE
20050523,"2005-05-23 12:00:00","2005-05-23 12:00:00",2005,5,23,11.722,22.722,16.556,0,NA,NA,FALSE,FALSE
20050524,"2005-05-24 12:00:00","2005-05-24 12:00:00",2005,5,24,11.389,24.278,17.889,0,NA,NA,FALSE,FALSE
20050525,"2005-05-25 12:00:00","2005-05-25 12:00:00",2005,5,25,12.111,24.889,19,0,NA,NA,FALSE,FALSE
20050526,"2005-05-26 12:00:00","2005-05-26 12:00:00",2005,5,26,13.722,27.722,20.333,0,NA,NA,FALSE,FALSE
20050527,"2005-05-27 12:00:00","2005-05-27 12:00:00",2005,5,27,13.611,30.278,22.722,0,NA,NA,FALSE,FALSE
20050528,"2005-05-28 12:00:00","2005-05-28 12:00:00",2005,5,28,16.111,29.278,21.611,0,NA,NA,FALSE,FALSE
20050529,"2005-05-29 12:00:00","2005-05-29 12:00:00",2005,5,29,16,30.111,22.056,0,NA,NA,FALSE,FALSE
20050530,"2005-05-30 12:00:00","2005-05-30 12:00:00",2005,5,30,15.389,28.889,21.889,0,NA,NA,FALSE,FALSE
20050531,"2005-05-31 12:00:00","2005-05-31 12:00:00",2005,5,31,15.111,29.611,22.5,0,NA,NA,FALSE,FALSE
20050601,"2005-06-01 12:00:00","2005-06-01 12:00:00",2005,6,1,16.778,25.111,19.722,28.956,NA,NA,FALSE,FALSE
20050602,"2005-06-02 12:00:00","2005-06-02 12:00:00",2005,6,2,16.611,25.111,21.389,33.528,NA,NA,FALSE,FALSE
20050603,"2005-06-03 12:00:00","2005-06-03 12:00:00",2005,6,3,15.111,26.778,20.222,0,NA,NA,FALSE,FALSE
20050604,"2005-06-04 12:00:00","2005-06-04 12:00:00",2005,6,4,15.111,24.722,20.556,0,NA,NA,FALSE,FALSE
20050605,"2005-06-05 12:00:00","2005-06-05 12:00:00",2005,6,5,16.5,28.278,21.222,0,NA,NA,FALSE,FALSE
20050606,"2005-06-06 12:00:00","2005-06-06 12:00:00",2005,6,6,16.889,29,22.5,0,NA,NA,FALSE,FALSE
20050607,"2005-06-07 12:00:00","2005-06-07 12:00:00",2005,6,7,18.889,27.5,23.056,0,NA,NA,FALSE,FALSE
20050608,"2005-06-08 12:00:00","2005-06-08 12:00:00",2005,6,8,19.611,30,24.444,0,NA,NA,FALSE,FALSE
20050609,"2005-06-09 12:00:00","2005-06-09 12:00:00",2005,6,9,19.222,31.278,25.333,NA,NA,NA,FALSE,FALSE
20050610,"2005-06-10 12:00:00","2005-06-10 12:00:00",2005,6,10,18.5,19.778,19.389,51.562,NA,NA,FALSE,FALSE
20050611,"2005-06-11 12:00:00","2005-06-11 12:00:00",2005,6,11,17.778,28.889,22.167,0.508,NA,NA,FALSE,FALSE
20050612,"2005-06-12 12:00:00","2005-06-12 12:00:00",2005,6,12,17.611,30.222,23.667,0,NA,NA,FALSE,FALSE
20050613,"2005-06-13 12:00:00","2005-06-13 12:00:00",2005,6,13,19.222,31.111,24.944,0,NA,NA,FALSE,FALSE
20050614,"2005-06-14 12:00:00","2005-06-14 12:00:00",2005,6,14,19.5,31.611,25,0,NA,NA,FALSE,FALSE
20050615,"2005-06-15 12:00:00","2005-06-15 12:00:00",2005,6,15,18.722,26.278,22.333,NA,NA,NA,FALSE,FALSE
20050616,"2005-06-16 12:00:00","2005-06-16 12:00:00",2005,6,16,19.111,27.778,23.111,0,NA,NA,FALSE,FALSE
20050617,"2005-06-17 12:00:00","2005-06-17 12:00:00",2005,6,17,19.778,28.889,23.667,0,NA,NA,FALSE,FALSE
20050618,"2005-06-18 12:00:00","2005-06-18 12:00:00",2005,6,18,19.5,29.722,24.556,0,NA,NA,FALSE,FALSE
20050619,"2005-06-19 12:00:00","2005-06-19 12:00:00",2005,6,19,19.222,28.278,23.667,0,NA,NA,FALSE,FALSE
20050620,"2005-06-20 12:00:00","2005-06-20 12:00:00",2005,6,20,19.889,31.389,25.333,0,NA,NA,FALSE,FALSE
20050621,"2005-06-21 12:00:00","2005-06-21 12:00:00",2005,6,21,20.389,31.611,25.667,0,NA,NA,FALSE,FALSE
20050622,"2005-06-22 12:00:00","2005-06-22 12:00:00",2005,6,22,21,31.722,25.333,0,NA,NA,FALSE,FALSE
20050623,"2005-06-23 12:00:00","2005-06-23 12:00:00",2005,6,23,20.889,32.5,25.611,0,NA,NA,FALSE,FALSE
20050624,"2005-06-24 12:00:00","2005-06-24 12:00:00",2005,6,24,20.722,32.722,26.278,0,NA,NA,FALSE,FALSE
20050625,"2005-06-25 12:00:00","2005-06-25 12:00:00",2005,6,25,21.111,32.278,26.889,0,NA,NA,FALSE,FALSE
20050626,"2005-06-26 12:00:00","2005-06-26 12:00:00",2005,6,26,23.889,27.722,26,0.508,NA,NA,FALSE,FALSE
20050627,"2005-06-27 12:00:00","2005-06-27 12:00:00",2005,6,27,23.222,26.611,24.444,2.032,NA,NA,FALSE,FALSE
20050628,"2005-06-28 12:00:00","2005-06-28 12:00:00",2005,6,28,23.222,25.111,24.167,39.624,NA,NA,FALSE,FALSE
20050629,"2005-06-29 12:00:00","2005-06-29 12:00:00",2005,6,29,24.5,29.278,25.833,4.064,NA,NA,FALSE,FALSE
20050630,"2005-06-30 12:00:00","2005-06-30 12:00:00",2005,6,30,23.611,29.778,25.722,4.064,NA,NA,FALSE,FALSE
20050701,"2005-07-01 12:00:00","2005-07-01 12:00:00",2005,7,1,23.5,25.278,24.5,78.486,NA,NA,FALSE,FALSE
20050702,"2005-07-02 12:00:00","2005-07-02 12:00:00",2005,7,2,23.5,27,24.944,73.406,NA,NA,FALSE,FALSE
20050703,"2005-07-03 12:00:00","2005-07-03 12:00:00",2005,7,3,22.722,27.5,25.167,3.048,NA,NA,FALSE,FALSE
20050704,"2005-07-04 12:00:00","2005-07-04 12:00:00",2005,7,4,21.611,27.722,23.611,6.096,NA,NA,FALSE,FALSE
20050705,"2005-07-05 12:00:00","2005-07-05 12:00:00",2005,7,5,21.111,25.722,23.056,1.016,NA,NA,FALSE,FALSE
20050706,"2005-07-06 12:00:00","2005-07-06 12:00:00",2005,7,6,21,27.722,24.611,0.508,NA,NA,FALSE,FALSE
20050707,"2005-07-07 12:00:00","2005-07-07 12:00:00",2005,7,7,23.111,30.722,26.333,0,NA,NA,FALSE,FALSE
20050708,"2005-07-08 12:00:00","2005-07-08 12:00:00",2005,7,8,21.389,28.5,24.056,7.62,NA,NA,FALSE,FALSE
20050709,"2005-07-09 12:00:00","2005-07-09 12:00:00",2005,7,9,21.278,25.778,23,35.052,NA,NA,FALSE,FALSE
20050710,"2005-07-10 12:00:00","2005-07-10 12:00:00",2005,7,10,22,28.389,24.722,2.032,NA,NA,FALSE,FALSE
20050711,"2005-07-11 12:00:00","2005-07-11 12:00:00",2005,7,11,20.111,26.5,22.556,28.956,NA,NA,FALSE,FALSE
20050712,"2005-07-12 12:00:00","2005-07-12 12:00:00",2005,7,12,20,29.5,24.667,0.254,NA,NA,FALSE,FALSE
20050713,"2005-07-13 12:00:00","2005-07-13 12:00:00",2005,7,13,21.222,29.5,25.056,3.048,NA,NA,FALSE,FALSE
20050714,"2005-07-14 12:00:00","2005-07-14 12:00:00",2005,7,14,21.778,31.611,26.278,0,NA,NA,FALSE,FALSE
20050715,"2005-07-15 12:00:00","2005-07-15 12:00:00",2005,7,15,22.778,31.389,26.389,0.508,NA,NA,FALSE,FALSE
20050716,"2005-07-16 12:00:00","2005-07-16 12:00:00",2005,7,16,24,30.611,26.167,5.08,NA,NA,FALSE,FALSE
20050717,"2005-07-17 12:00:00","2005-07-17 12:00:00",2005,7,17,24,32.222,27.722,1.016,NA,NA,FALSE,FALSE
20050718,"2005-07-18 12:00:00","2005-07-18 12:00:00",2005,7,18,23.5,33.778,28.167,0,NA,NA,FALSE,FALSE
20050719,"2005-07-19 12:00:00","2005-07-19 12:00:00",2005,7,19,23.5,33.778,27.722,0,NA,NA,FALSE,FALSE
20050720,"2005-07-20 12:00:00","2005-07-20 12:00:00",2005,7,20,23.889,33.222,27.5,0,NA,NA,FALSE,FALSE
20050721,"2005-07-21 12:00:00","2005-07-21 12:00:00",2005,7,21,23.778,35.278,28.611,0,NA,NA,FALSE,FALSE
20050722,"2005-07-22 12:00:00","2005-07-22 12:00:00",2005,7,22,23.889,35.889,30.056,0,NA,NA,FALSE,FALSE
20050723,"2005-07-23 12:00:00","2005-07-23 12:00:00",2005,7,23,25.5,35,29.167,0,NA,NA,FALSE,FALSE
20050724,"2005-07-24 12:00:00","2005-07-24 12:00:00",2005,7,24,25.278,33.889,28.889,7.112,NA,NA,FALSE,FALSE
20050725,"2005-07-25 12:00:00","2005-07-25 12:00:00",2005,7,25,25.389,34,29.111,7.112,NA,NA,FALSE,FALSE
20050726,"2005-07-26 12:00:00","2005-07-26 12:00:00",2005,7,26,24.111,34,28.278,0,NA,NA,FALSE,FALSE
20050727,"2005-07-27 12:00:00","2005-07-27 12:00:00",2005,7,27,24,32.722,28.333,0,NA,NA,FALSE,FALSE
20050728,"2005-07-28 12:00:00","2005-07-28 12:00:00",2005,7,28,24.222,28.278,25.056,12.446,NA,NA,FALSE,FALSE
20050729,"2005-07-29 12:00:00","2005-07-29 12:00:00",2005,7,29,20.5,28.389,23.833,5.08,NA,NA,FALSE,FALSE
20050730,"2005-07-30 12:00:00","2005-07-30 12:00:00",2005,7,30,20.389,33,28,0,NA,NA,FALSE,FALSE
20050731,"2005-07-31 12:00:00","2005-07-31 12:00:00",2005,7,31,23.111,34,28.056,0.254,NA,NA,FALSE,FALSE
20050801,"2005-08-01 12:00:00","2005-08-01 12:00:00",2005,8,1,22.778,28.611,26.333,25.908,NA,NA,FALSE,FALSE
20050802,"2005-08-02 12:00:00","2005-08-02 12:00:00",2005,8,2,22.778,29.111,25.722,33.528,NA,NA,FALSE,FALSE
20050803,"2005-08-03 12:00:00","2005-08-03 12:00:00",2005,8,3,25.278,31.611,28.556,14.986,NA,NA,FALSE,FALSE
20050804,"2005-08-04 12:00:00","2005-08-04 12:00:00",2005,8,4,24.778,33.278,28.944,0,NA,NA,FALSE,FALSE
20050805,"2005-08-05 12:00:00","2005-08-05 12:00:00",2005,8,5,24.722,35.111,29.667,0,NA,NA,FALSE,FALSE
20050806,"2005-08-06 12:00:00","2005-08-06 12:00:00",2005,8,6,24.222,33.778,29.111,0,NA,NA,FALSE,FALSE
20050807,"2005-08-07 12:00:00","2005-08-07 12:00:00",2005,8,7,24.222,31.389,27.111,0,NA,NA,FALSE,FALSE
20050808,"2005-08-08 12:00:00","2005-08-08 12:00:00",2005,8,8,24.5,32.278,28.333,26.416,NA,NA,FALSE,FALSE
20050809,"2005-08-09 12:00:00","2005-08-09 12:00:00",2005,8,9,25.889,31.278,27.611,6.096,NA,NA,FALSE,FALSE
20050810,"2005-08-10 12:00:00","2005-08-10 12:00:00",2005,8,10,25.389,29.722,27,1.016,NA,NA,FALSE,FALSE
20050811,"2005-08-11 12:00:00","2005-08-11 12:00:00",2005,8,11,25.278,30.278,27.278,2.54,NA,NA,FALSE,FALSE
20050812,"2005-08-12 12:00:00","2005-08-12 12:00:00",2005,8,12,25.889,32.889,28.556,0,NA,NA,FALSE,FALSE
20050813,"2005-08-13 12:00:00","2005-08-13 12:00:00",2005,8,13,25.722,33.278,28.833,0,NA,NA,FALSE,FALSE
20050814,"2005-08-14 12:00:00","2005-08-14 12:00:00",2005,8,14,25.5,33.278,28.556,NA,NA,NA,FALSE,FALSE
20050815,"2005-08-15 12:00:00","2005-08-15 12:00:00",2005,8,15,23.889,31.278,27.444,0,NA,NA,FALSE,FALSE
20050816,"2005-08-16 12:00:00","2005-08-16 12:00:00",2005,8,16,23.889,34.722,29.556,0,NA,NA,FALSE,FALSE
20050817,"2005-08-17 12:00:00","2005-08-17 12:00:00",2005,8,17,23,35.222,27.556,51.562,NA,NA,FALSE,FALSE
20050818,"2005-08-18 12:00:00","2005-08-18 12:00:00",2005,8,18,23.222,32.111,26,2.54,NA,NA,FALSE,FALSE
20050819,"2005-08-19 12:00:00","2005-08-19 12:00:00",2005,8,19,21.389,26.278,24.111,39.116,NA,NA,FALSE,FALSE
20050820,"2005-08-20 12:00:00","2005-08-20 12:00:00",2005,8,20,21.389,26.278,23.5,16.51,NA,NA,FALSE,FALSE
20050821,"2005-08-21 12:00:00","2005-08-21 12:00:00",2005,8,21,21.5,29,23.833,30.988,NA,NA,FALSE,FALSE
20050822,"2005-08-22 12:00:00","2005-08-22 12:00:00",2005,8,22,20.5,26.5,23.333,40.386,NA,NA,FALSE,FALSE
20050823,"2005-08-23 12:00:00","2005-08-23 12:00:00",2005,8,23,20.389,30,24.778,2.032,NA,NA,FALSE,FALSE
20050824,"2005-08-24 12:00:00","2005-08-24 12:00:00",2005,8,24,20.222,26.389,22.667,9.398,NA,NA,FALSE,FALSE
20050825,"2005-08-25 12:00:00","2005-08-25 12:00:00",2005,8,25,19.5,27.5,22.5,3.556,NA,NA,FALSE,FALSE
20050826,"2005-08-26 12:00:00","2005-08-26 12:00:00",2005,8,26,19.5,26.722,22.944,2.286,NA,NA,FALSE,FALSE
20050827,"2005-08-27 12:00:00","2005-08-27 12:00:00",2005,8,27,19.278,28.611,23.667,0,NA,NA,FALSE,FALSE
20050828,"2005-08-28 12:00:00","2005-08-28 12:00:00",2005,8,28,18.778,29.389,23.5,0,NA,NA,FALSE,FALSE
20050829,"2005-08-29 12:00:00","2005-08-29 12:00:00",2005,8,29,19.278,29.5,25.556,0,NA,NA,FALSE,FALSE
20050830,"2005-08-30 12:00:00","2005-08-30 12:00:00",2005,8,30,20.111,24.278,21.833,1.016,NA,NA,FALSE,FALSE
20050831,"2005-08-31 12:00:00","2005-08-31 12:00:00",2005,8,31,19.778,31.5,26.444,0,NA,NA,FALSE,FALSE
20050901,"2005-09-01 12:00:00","2005-09-01 12:00:00",2005,9,1,22,32.111,25.5,2.54,NA,NA,FALSE,FALSE
20050902,"2005-09-02 12:00:00","2005-09-02 12:00:00",2005,9,2,21.778,31.889,26.722,51.054,NA,NA,FALSE,FALSE
20050903,"2005-09-03 12:00:00","2005-09-03 12:00:00",2005,9,3,22.5,30.111,25.611,0,NA,NA,FALSE,FALSE
20050904,"2005-09-04 12:00:00","2005-09-04 12:00:00",2005,9,4,19.611,29.111,23.333,0.254,NA,NA,FALSE,FALSE
20050905,"2005-09-05 12:00:00","2005-09-05 12:00:00",2005,9,5,19.389,28,24.167,0,NA,NA,FALSE,FALSE
20050906,"2005-09-06 12:00:00","2005-09-06 12:00:00",2005,9,6,19.722,27.278,23.722,0,NA,NA,FALSE,FALSE
20050907,"2005-09-07 12:00:00","2005-09-07 12:00:00",2005,9,7,19.222,29.889,24.389,0,NA,NA,FALSE,FALSE
20050908,"2005-09-08 12:00:00","2005-09-08 12:00:00",2005,9,8,20.389,29.722,25.278,0,NA,NA,FALSE,FALSE
20050909,"2005-09-09 12:00:00","2005-09-09 12:00:00",2005,9,9,22.278,28.611,25.111,0,NA,NA,FALSE,FALSE
20050910,"2005-09-10 12:00:00","2005-09-10 12:00:00",2005,9,10,22.889,27.722,25,0,NA,NA,FALSE,FALSE
20050911,"2005-09-11 12:00:00","2005-09-11 12:00:00",2005,9,11,23.111,31,25.611,0,NA,NA,FALSE,FALSE
20050912,"2005-09-12 12:00:00","2005-09-12 12:00:00",2005,9,12,22.889,31.5,27.389,0,NA,NA,FALSE,FALSE
20050913,"2005-09-13 12:00:00","2005-09-13 12:00:00",2005,9,13,19.722,30.389,23.944,3.048,NA,NA,FALSE,FALSE
20050914,"2005-09-14 12:00:00","2005-09-14 12:00:00",2005,9,14,18.278,27.222,21.944,0.508,NA,NA,FALSE,FALSE
20050915,"2005-09-15 12:00:00","2005-09-15 12:00:00",2005,9,15,18,28,22.889,0,NA,NA,FALSE,FALSE
20050916,"2005-09-16 12:00:00","2005-09-16 12:00:00",2005,9,16,18.722,28.278,24.389,0,NA,NA,FALSE,FALSE
20050917,"2005-09-17 12:00:00","2005-09-17 12:00:00",2005,9,17,22.5,30.5,26.611,0,NA,NA,FALSE,FALSE
20050918,"2005-09-18 12:00:00","2005-09-18 12:00:00",2005,9,18,20.889,25.222,22.833,6.096,NA,NA,FALSE,FALSE
20050919,"2005-09-19 12:00:00","2005-09-19 12:00:00",2005,9,19,20,26.5,22.833,5.588,NA,NA,FALSE,FALSE
20050920,"2005-09-20 12:00:00","2005-09-20 12:00:00",2005,9,20,20,28.5,23.889,13.462,NA,NA,FALSE,FALSE
20050921,"2005-09-21 12:00:00","2005-09-21 12:00:00",2005,9,21,19.611,24.278,21.778,19.05,NA,NA,FALSE,FALSE
20050922,"2005-09-22 12:00:00","2005-09-22 12:00:00",2005,9,22,18.222,20.778,19.222,12.446,NA,NA,FALSE,FALSE
20050923,"2005-09-23 12:00:00","2005-09-23 12:00:00",2005,9,23,18.722,26.222,21.611,0,NA,NA,FALSE,FALSE
20050924,"2005-09-24 12:00:00","2005-09-24 12:00:00",2005,9,24,17.722,27.889,21.778,0,NA,NA,FALSE,FALSE
20050925,"2005-09-25 12:00:00","2005-09-25 12:00:00",2005,9,25,17.278,26.222,21.611,0,NA,NA,FALSE,FALSE
20050926,"2005-09-26 12:00:00","2005-09-26 12:00:00",2005,9,26,18.111,27.111,21.889,0,NA,NA,FALSE,FALSE
20050927,"2005-09-27 12:00:00","2005-09-27 12:00:00",2005,9,27,15.889,22.278,18.833,0,NA,NA,FALSE,FALSE
20050928,"2005-09-28 12:00:00","2005-09-28 12:00:00",2005,9,28,15.111,26.611,20.056,0,NA,NA,FALSE,FALSE
20050929,"2005-09-29 12:00:00","2005-09-29 12:00:00",2005,9,29,14.778,27.389,22.167,0,NA,NA,FALSE,FALSE
20050930,"2005-09-30 12:00:00","2005-09-30 12:00:00",2005,9,30,19.722,25.722,24,0,NA,NA,FALSE,FALSE
20051001,"2005-10-01 12:00:00","2005-10-01 12:00:00",2005,10,1,20.222,27.611,23,0.254,NA,NA,FALSE,FALSE
20051002,"2005-10-02 12:00:00","2005-10-02 12:00:00",2005,10,2,15.778,24.222,19.556,0.254,NA,NA,FALSE,FALSE
20051003,"2005-10-03 12:00:00","2005-10-03 12:00:00",2005,10,3,12.278,24.722,18.333,0,NA,NA,FALSE,FALSE
20051004,"2005-10-04 12:00:00","2005-10-04 12:00:00",2005,10,4,12.111,20,15.389,1.524,NA,NA,FALSE,FALSE
20051005,"2005-10-05 12:00:00","2005-10-05 12:00:00",2005,10,5,10.611,20.611,15.056,0,NA,NA,FALSE,FALSE
20051006,"2005-10-06 12:00:00","2005-10-06 12:00:00",2005,10,6,10.278,25.722,19.167,NA,NA,NA,FALSE,FALSE
20051007,"2005-10-07 12:00:00","2005-10-07 12:00:00",2005,10,7,15.278,17.222,16.333,10.922,NA,NA,FALSE,FALSE
20051008,"2005-10-08 12:00:00","2005-10-08 12:00:00",2005,10,8,11,22.722,16.167,0,NA,NA,FALSE,FALSE
20051009,"2005-10-09 12:00:00","2005-10-09 12:00:00",2005,10,9,10.5,23.222,16.667,0,NA,NA,FALSE,FALSE
20051010,"2005-10-10 12:00:00","2005-10-10 12:00:00",2005,10,10,12.611,24.611,18.111,0,NA,NA,FALSE,FALSE
20051011,"2005-10-11 12:00:00","2005-10-11 12:00:00",2005,10,11,12.278,24,17.667,0,NA,NA,FALSE,FALSE
20051012,"2005-10-12 12:00:00","2005-10-12 12:00:00",2005,10,12,12,26.222,19.333,0,NA,NA,FALSE,FALSE
20051013,"2005-10-13 12:00:00","2005-10-13 12:00:00",2005,10,13,14.5,25.778,20.722,NA,NA,NA,FALSE,FALSE
20051014,"2005-10-14 12:00:00","2005-10-14 12:00:00",2005,10,14,11.778,21.5,15.722,0,NA,NA,FALSE,FALSE
20051015,"2005-10-15 12:00:00","2005-10-15 12:00:00",2005,10,15,9.611,20.722,14.722,0,NA,NA,FALSE,FALSE
20051016,"2005-10-16 12:00:00","2005-10-16 12:00:00",2005,10,16,8.778,22.611,14.833,0,NA,NA,FALSE,FALSE
20051017,"2005-10-17 12:00:00","2005-10-17 12:00:00",2005,10,17,8.611,23.5,15.889,0,NA,NA,FALSE,FALSE
20051018,"2005-10-18 12:00:00","2005-10-18 12:00:00",2005,10,18,10,22.222,14.833,0,NA,NA,FALSE,FALSE
20051019,"2005-10-19 12:00:00","2005-10-19 12:00:00",2005,10,19,9.278,23.5,16.889,0,NA,NA,FALSE,FALSE
20051020,"2005-10-20 12:00:00","2005-10-20 12:00:00",2005,10,20,12,23,16.389,0,NA,NA,FALSE,FALSE
20051021,"2005-10-21 12:00:00","2005-10-21 12:00:00",2005,10,21,8,16.722,12.667,0.508,NA,NA,FALSE,FALSE
20051022,"2005-10-22 12:00:00","2005-10-22 12:00:00",2005,10,22,4,14.5,9.333,0,NA,NA,FALSE,FALSE
20051023,"2005-10-23 12:00:00","2005-10-23 12:00:00",2005,10,23,3.5,17.611,10.611,0,NA,NA,FALSE,FALSE
20051024,"2005-10-24 12:00:00","2005-10-24 12:00:00",2005,10,24,6.778,19.778,13.556,0,NA,NA,FALSE,FALSE
20051025,"2005-10-25 12:00:00","2005-10-25 12:00:00",2005,10,25,9.111,19.722,14.056,0,NA,NA,FALSE,FALSE
20051026,"2005-10-26 12:00:00","2005-10-26 12:00:00",2005,10,26,9.111,23,15.278,0,NA,NA,FALSE,FALSE
20051027,"2005-10-27 12:00:00","2005-10-27 12:00:00",2005,10,27,9.111,23.278,16.611,NA,NA,NA,FALSE,FALSE
20051028,"2005-10-28 12:00:00","2005-10-28 12:00:00",2005,10,28,10.611,18.722,13.667,2.032,NA,NA,FALSE,FALSE
20051029,"2005-10-29 12:00:00","2005-10-29 12:00:00",2005,10,29,7.389,16.611,11.722,0,NA,NA,FALSE,FALSE
20051030,"2005-10-30 12:00:00","2005-10-30 12:00:00",2005,10,30,-1.722,14.5,10.111,2.032,NA,NA,FALSE,FALSE
20051031,"2005-10-31 12:00:00","2005-10-31 12:00:00",2005,10,31,4.611,16.722,10.5,0,NA,NA,FALSE,FALSE
20051101,"2005-11-01 12:00:00","2005-11-01 12:00:00",2005,11,1,4.5,18.778,11.556,0,NA,NA,FALSE,FALSE
20051102,"2005-11-02 12:00:00","2005-11-02 12:00:00",2005,11,2,6.5,19.222,14.056,0,NA,NA,FALSE,FALSE
20051103,"2005-11-03 12:00:00","2005-11-03 12:00:00",2005,11,3,10.778,24.111,17.111,0,NA,NA,FALSE,FALSE
20051104,"2005-11-04 12:00:00","2005-11-04 12:00:00",2005,11,4,11.278,25.111,19.056,0.254,NA,NA,FALSE,FALSE
20051105,"2005-11-05 12:00:00","2005-11-05 12:00:00",2005,11,5,15.278,22,18.778,4.064,NA,NA,FALSE,FALSE
20051106,"2005-11-06 12:00:00","2005-11-06 12:00:00",2005,11,6,10.5,19.722,14.5,22.606,NA,NA,FALSE,FALSE
20051107,"2005-11-07 12:00:00","2005-11-07 12:00:00",2005,11,7,8.278,17.222,12.944,0.508,NA,NA,FALSE,FALSE
20051108,"2005-11-08 12:00:00","2005-11-08 12:00:00",2005,11,8,5.5,17,10.833,1.016,NA,NA,FALSE,FALSE
20051109,"2005-11-09 12:00:00","2005-11-09 12:00:00",2005,11,9,5.5,17.222,11.167,0,NA,NA,FALSE,FALSE
20051110,"2005-11-10 12:00:00","2005-11-10 12:00:00",2005,11,10,6.778,21.722,16.111,NA,NA,NA,FALSE,FALSE
20051111,"2005-11-11 12:00:00","2005-11-11 12:00:00",2005,11,11,7.889,15.778,12.556,12.446,NA,NA,FALSE,FALSE
20051112,"2005-11-12 12:00:00","2005-11-12 12:00:00",2005,11,12,5.278,18.778,11.444,2.54,NA,NA,FALSE,FALSE
20051113,"2005-11-13 12:00:00","2005-11-13 12:00:00",2005,11,13,4.611,19.278,13.111,0,NA,NA,FALSE,FALSE
20051114,"2005-11-14 12:00:00","2005-11-14 12:00:00",2005,11,14,4,12.778,7.833,NA,NA,NA,FALSE,FALSE
20051115,"2005-11-15 12:00:00","2005-11-15 12:00:00",2005,11,15,1.278,10.611,5.389,0,NA,NA,FALSE,FALSE
20051116,"2005-11-16 12:00:00","2005-11-16 12:00:00",2005,11,16,1,10,5.056,0,NA,NA,FALSE,FALSE
20051117,"2005-11-17 12:00:00","2005-11-17 12:00:00",2005,11,17,1.222,11,6.333,0,NA,NA,FALSE,FALSE
20051118,"2005-11-18 12:00:00","2005-11-18 12:00:00",2005,11,18,2,11.111,5.611,0,NA,NA,FALSE,FALSE
20051119,"2005-11-19 12:00:00","2005-11-19 12:00:00",2005,11,19,-0.778,10.278,4.111,0,NA,NA,FALSE,FALSE
20051120,"2005-11-20 12:00:00","2005-11-20 12:00:00",2005,11,20,-1.611,11.278,4.722,0,NA,NA,FALSE,FALSE
20051121,"2005-11-21 12:00:00","2005-11-21 12:00:00",2005,11,21,0.111,12.611,7.222,0,NA,NA,FALSE,FALSE
20051122,"2005-11-22 12:00:00","2005-11-22 12:00:00",2005,11,22,1.778,12.111,6.667,0,NA,NA,FALSE,FALSE
20051123,"2005-11-23 12:00:00","2005-11-23 12:00:00",2005,11,23,1.111,12,8.056,NA,NA,NA,FALSE,FALSE
20051124,"2005-11-24 12:00:00","2005-11-24 12:00:00",2005,11,24,3,15.5,8.111,1.016,NA,NA,FALSE,FALSE
20051125,"2005-11-25 12:00:00","2005-11-25 12:00:00",2005,11,25,2.389,15.5,7.556,0,NA,NA,FALSE,FALSE
20051126,"2005-11-26 12:00:00","2005-11-26 12:00:00",2005,11,26,3.222,16.111,10.167,0,NA,NA,FALSE,FALSE
20051127,"2005-11-27 12:00:00","2005-11-27 12:00:00",2005,11,27,-7,14.778,9.222,0.508,NA,NA,FALSE,FALSE
20051128,"2005-11-28 12:00:00","2005-11-28 12:00:00",2005,11,28,-2.5,16.278,10.222,1.016,NA,NA,FALSE,FALSE
20051129,"2005-11-29 12:00:00","2005-11-29 12:00:00",2005,11,29,5.5,10.778,7.5,0.508,NA,NA,FALSE,FALSE
20051130,"2005-11-30 12:00:00","2005-11-30 12:00:00",2005,11,30,2.722,12.5,6.722,0,NA,NA,FALSE,FALSE
20051201,"2005-12-01 12:00:00","2005-12-01 12:00:00",2005,12,1,2.389,15.5,9.611,0,NA,NA,FALSE,FALSE
20051202,"2005-12-02 12:00:00","2005-12-02 12:00:00",2005,12,2,0.778,9.5,3.833,0,NA,NA,FALSE,FALSE
20051203,"2005-12-03 12:00:00","2005-12-03 12:00:00",2005,12,3,0.111,8.111,3.889,NA,NA,NA,FALSE,FALSE
20051204,"2005-12-04 12:00:00","2005-12-04 12:00:00",2005,12,4,-2.5,-1.222,-2,23.114,NA,NA,FALSE,FALSE
20051205,"2005-12-05 12:00:00","2005-12-05 12:00:00",2005,12,5,-5.278,2.5,-1.889,0.254,NA,NA,FALSE,FALSE
20051206,"2005-12-06 12:00:00","2005-12-06 12:00:00",2005,12,6,-3.889,5,-0.111,0,NA,NA,FALSE,FALSE
20051207,"2005-12-07 12:00:00","2005-12-07 12:00:00",2005,12,7,-3,4,0.667,0.508,NA,NA,FALSE,FALSE
20051208,"2005-12-08 12:00:00","2005-12-08 12:00:00",2005,12,8,-1.5,3.222,0.111,0.762,NA,NA,FALSE,FALSE
20051209,"2005-12-09 12:00:00","2005-12-09 12:00:00",2005,12,9,-2,6.5,2,0,NA,NA,FALSE,FALSE
20051210,"2005-12-10 12:00:00","2005-12-10 12:00:00",2005,12,10,-3.222,5.111,0.667,0,NA,NA,FALSE,FALSE
20051211,"2005-12-11 12:00:00","2005-12-11 12:00:00",2005,12,11,-3.722,1.5,-1.833,0,NA,NA,FALSE,FALSE
20051212,"2005-12-12 12:00:00","2005-12-12 12:00:00",2005,12,12,-6,0,-3.5,1.524,NA,NA,FALSE,FALSE
20051213,"2005-12-13 12:00:00","2005-12-13 12:00:00",2005,12,13,-5,0.611,-3.167,0.254,NA,NA,FALSE,FALSE
20051214,"2005-12-14 12:00:00","2005-12-14 12:00:00",2005,12,14,-5.611,2.722,-1.278,0,NA,NA,FALSE,FALSE
20051215,"2005-12-15 12:00:00","2005-12-15 12:00:00",2005,12,15,-3.389,1.778,-0.833,2.032,NA,NA,FALSE,FALSE
20051216,"2005-12-16 12:00:00","2005-12-16 12:00:00",2005,12,16,-4.778,12.278,0.5,3.556,NA,NA,FALSE,FALSE
20051217,"2005-12-17 12:00:00","2005-12-17 12:00:00",2005,12,17,-9.611,-2.722,-6.111,1.524,NA,NA,FALSE,FALSE
20051218,"2005-12-18 12:00:00","2005-12-18 12:00:00",2005,12,18,-19.611,-0.278,-3.833,0,NA,NA,FALSE,FALSE
20051219,"2005-12-19 12:00:00","2005-12-19 12:00:00",2005,12,19,-5.278,5.5,-0.833,0,NA,NA,FALSE,FALSE
20051220,"2005-12-20 12:00:00","2005-12-20 12:00:00",2005,12,20,-5.5,4.389,0.111,0,NA,NA,FALSE,FALSE
20051221,"2005-12-21 12:00:00","2005-12-21 12:00:00",2005,12,21,-6.778,-1.111,-4.333,23.622,NA,NA,FALSE,FALSE
20051222,"2005-12-22 12:00:00","2005-12-22 12:00:00",2005,12,22,-7,-1.222,-2.833,3.048,NA,NA,FALSE,FALSE
20051223,"2005-12-23 12:00:00","2005-12-23 12:00:00",2005,12,23,-3.222,5.111,0.389,0,NA,NA,FALSE,FALSE
20051224,"2005-12-24 12:00:00","2005-12-24 12:00:00",2005,12,24,-6.889,2.889,-2.278,0,NA,NA,FALSE,FALSE
20051225,"2005-12-25 12:00:00","2005-12-25 12:00:00",2005,12,25,-8,4,-0.556,0,NA,NA,FALSE,FALSE
20051226,"2005-12-26 12:00:00","2005-12-26 12:00:00",2005,12,26,-4.778,0.611,-2.556,0,NA,NA,FALSE,FALSE
20051227,"2005-12-27 12:00:00","2005-12-27 12:00:00",2005,12,27,-7.778,1.611,-3.333,0,NA,NA,FALSE,FALSE
20051228,"2005-12-28 12:00:00","2005-12-28 12:00:00",2005,12,28,-8.5,2.722,-3.167,0,NA,NA,FALSE,FALSE
20051229,"2005-12-29 12:00:00","2005-12-29 12:00:00",2005,12,29,-7.778,3.722,-1.667,0,NA,NA,FALSE,FALSE
20051230,"2005-12-30 12:00:00","2005-12-30 12:00:00",2005,12,30,-4.889,5.5,1.167,0,NA,NA,FALSE,FALSE
20051231,"2005-12-31 12:00:00","2005-12-31 12:00:00",2005,12,31,-1.222,8,3.5,0,NA,NA,FALSE,FALSE
20060101,"2006-01-01 12:00:00","2006-01-01 12:00:00",2006,1,1,-1.722,5.278,2.444,0,NA,NA,FALSE,FALSE
20060102,"2006-01-02 12:00:00","2006-01-02 12:00:00",2006,1,2,0,6.889,2.833,0,NA,NA,FALSE,FALSE
20060103,"2006-01-03 12:00:00","2006-01-03 12:00:00",2006,1,3,-1.111,4.778,0.722,0,NA,NA,FALSE,FALSE
20060104,"2006-01-04 12:00:00","2006-01-04 12:00:00",2006,1,4,-5.611,-0.222,-2.444,0,NA,NA,FALSE,FALSE
20060105,"2006-01-05 12:00:00","2006-01-05 12:00:00",2006,1,5,-7,-1.222,-4.167,0,NA,NA,FALSE,FALSE
20060106,"2006-01-06 12:00:00","2006-01-06 12:00:00",2006,1,6,-5.5,1,-3.111,0,NA,NA,FALSE,FALSE
20060107,"2006-01-07 12:00:00","2006-01-07 12:00:00",2006,1,7,-6.111,0.389,-2.389,0.254,NA,NA,FALSE,FALSE
20060108,"2006-01-08 12:00:00","2006-01-08 12:00:00",2006,1,8,-3.889,3.5,-0.389,0,NA,NA,FALSE,FALSE
20060109,"2006-01-09 12:00:00","2006-01-09 12:00:00",2006,1,9,-2.722,5.389,1.667,0,NA,NA,FALSE,FALSE
20060110,"2006-01-10 12:00:00","2006-01-10 12:00:00",2006,1,10,-2.222,6.778,2.056,0,NA,NA,FALSE,FALSE
20060111,"2006-01-11 12:00:00","2006-01-11 12:00:00",2006,1,11,-3.722,8.111,1.944,0,NA,NA,FALSE,FALSE
20060112,"2006-01-12 12:00:00","2006-01-12 12:00:00",2006,1,12,-1.722,12.278,7.722,0,NA,NA,FALSE,FALSE
20060113,"2006-01-13 12:00:00","2006-01-13 12:00:00",2006,1,13,5,12.111,8.444,4.064,NA,NA,FALSE,FALSE
20060114,"2006-01-14 12:00:00","2006-01-14 12:00:00",2006,1,14,3.389,6.5,5.167,0,NA,NA,FALSE,FALSE
20060115,"2006-01-15 12:00:00","2006-01-15 12:00:00",2006,1,15,1.278,8.278,4.333,0,NA,NA,FALSE,FALSE
20060116,"2006-01-16 12:00:00","2006-01-16 12:00:00",2006,1,16,0.5,4.278,2.778,0.254,NA,NA,FALSE,FALSE
20060117,"2006-01-17 12:00:00","2006-01-17 12:00:00",2006,1,17,0.111,9.611,5.556,0,NA,NA,FALSE,FALSE
20060118,"2006-01-18 12:00:00","2006-01-18 12:00:00",2006,1,18,1.278,10,4.944,0,NA,NA,FALSE,FALSE
20060119,"2006-01-19 12:00:00","2006-01-19 12:00:00",2006,1,19,1.222,9,5.056,0,NA,NA,FALSE,FALSE
20060120,"2006-01-20 12:00:00","2006-01-20 12:00:00",2006,1,20,1,9.278,3.222,0,NA,NA,FALSE,FALSE
20060121,"2006-01-21 12:00:00","2006-01-21 12:00:00",2006,1,21,-0.611,8.111,2.722,0,NA,NA,FALSE,FALSE
20060122,"2006-01-22 12:00:00","2006-01-22 12:00:00",2006,1,22,-5.389,5.5,-0.444,0,NA,NA,FALSE,FALSE
20060123,"2006-01-23 12:00:00","2006-01-23 12:00:00",2006,1,23,-6,4.111,-1.278,0,NA,NA,FALSE,FALSE
20060124,"2006-01-24 12:00:00","2006-01-24 12:00:00",2006,1,24,-4.611,6.278,-0.111,0,NA,NA,FALSE,FALSE
20060125,"2006-01-25 12:00:00","2006-01-25 12:00:00",2006,1,25,-2.722,7,1.278,0,NA,NA,FALSE,FALSE
20060126,"2006-01-26 12:00:00","2006-01-26 12:00:00",2006,1,26,-2.889,7.278,1.722,0,NA,NA,FALSE,FALSE
20060127,"2006-01-27 12:00:00","2006-01-27 12:00:00",2006,1,27,-2.5,8.278,2.111,0,NA,NA,FALSE,FALSE
20060128,"2006-01-28 12:00:00","2006-01-28 12:00:00",2006,1,28,-4,11.611,4.944,0,NA,NA,FALSE,FALSE
20060129,"2006-01-29 12:00:00","2006-01-29 12:00:00",2006,1,29,1,13.778,7.722,0,NA,NA,FALSE,FALSE
20060130,"2006-01-30 12:00:00","2006-01-30 12:00:00",2006,1,30,5.278,12.111,8.611,0,NA,NA,FALSE,FALSE
20060131,"2006-01-31 12:00:00","2006-01-31 12:00:00",2006,1,31,3,11.611,6.556,10.922,NA,NA,FALSE,FALSE
20060201,"2006-02-01 12:00:00","2006-02-01 12:00:00",2006,2,1,-0.278,5.389,1.778,5.588,NA,NA,FALSE,FALSE
20060202,"2006-02-02 12:00:00","2006-02-02 12:00:00",2006,2,2,-5.5,5.611,0.611,0,NA,NA,FALSE,FALSE
20060203,"2006-02-03 12:00:00","2006-02-03 12:00:00",2006,2,3,-10.611,-4.278,-7.444,0,NA,NA,FALSE,FALSE
20060204,"2006-02-04 12:00:00","2006-02-04 12:00:00",2006,2,4,-11,-0.222,-4.333,0,NA,NA,FALSE,FALSE
20060205,"2006-02-05 12:00:00","2006-02-05 12:00:00",2006,2,5,-7,2.722,-0.889,NA,NA,NA,FALSE,FALSE
20060206,"2006-02-06 12:00:00","2006-02-06 12:00:00",2006,2,6,-8.889,6,2.778,3.048,NA,NA,FALSE,FALSE
20060207,"2006-02-07 12:00:00","2006-02-07 12:00:00",2006,2,7,-3.722,3.222,-0.778,10.414,NA,NA,FALSE,FALSE
20060208,"2006-02-08 12:00:00","2006-02-08 12:00:00",2006,2,8,-7.222,0.389,-3.333,4.826,NA,NA,FALSE,FALSE
20060209,"2006-02-09 12:00:00","2006-02-09 12:00:00",2006,2,9,-6,2.5,-1.222,0.508,NA,NA,FALSE,FALSE
20060210,"2006-02-10 12:00:00","2006-02-10 12:00:00",2006,2,10,-2.222,4.889,2.889,0,NA,NA,FALSE,FALSE
20060211,"2006-02-11 12:00:00","2006-02-11 12:00:00",2006,2,11,-2.222,8.278,3.056,0,NA,NA,FALSE,FALSE
20060212,"2006-02-12 12:00:00","2006-02-12 12:00:00",2006,2,12,-3,6.778,1.222,0,NA,NA,FALSE,FALSE
20060213,"2006-02-13 12:00:00","2006-02-13 12:00:00",2006,2,13,-4,15.111,8.944,NA,NA,NA,FALSE,FALSE
20060214,"2006-02-14 12:00:00","2006-02-14 12:00:00",2006,2,14,4.5,11.111,8.167,21.59,NA,NA,FALSE,FALSE
20060215,"2006-02-15 12:00:00","2006-02-15 12:00:00",2006,2,15,3.222,7.111,5.222,4.572,NA,NA,FALSE,FALSE
20060216,"2006-02-16 12:00:00","2006-02-16 12:00:00",2006,2,16,-3.389,8.5,2.5,0,NA,NA,FALSE,FALSE
20060217,"2006-02-17 12:00:00","2006-02-17 12:00:00",2006,2,17,-4.5,1.222,-2.056,0,NA,NA,FALSE,FALSE
20060218,"2006-02-18 12:00:00","2006-02-18 12:00:00",2006,2,18,-4.5,7.111,1.444,0,NA,NA,FALSE,FALSE
20060219,"2006-02-19 12:00:00","2006-02-19 12:00:00",2006,2,19,-2.722,10.5,3.667,0,NA,NA,FALSE,FALSE
20060220,"2006-02-20 12:00:00","2006-02-20 12:00:00",2006,2,20,-1.111,13,5.389,0,NA,NA,FALSE,FALSE
20060221,"2006-02-21 12:00:00","2006-02-21 12:00:00",2006,2,21,-0.222,15.5,8.222,NA,NA,NA,FALSE,FALSE
20060222,"2006-02-22 12:00:00","2006-02-22 12:00:00",2006,2,22,-1.722,7.5,2.389,0.508,NA,NA,FALSE,FALSE
20060223,"2006-02-23 12:00:00","2006-02-23 12:00:00",2006,2,23,-2,11.111,5.111,0,NA,NA,FALSE,FALSE
20060224,"2006-02-24 12:00:00","2006-02-24 12:00:00",2006,2,24,1.222,15.778,8.167,0,NA,NA,FALSE,FALSE
20060225,"2006-02-25 12:00:00","2006-02-25 12:00:00",2006,2,25,-1.222,13.278,9,2.54,NA,NA,FALSE,FALSE
20060226,"2006-02-26 12:00:00","2006-02-26 12:00:00",2006,2,26,-3.222,8.111,1.389,1.524,NA,NA,FALSE,FALSE
20060227,"2006-02-27 12:00:00","2006-02-27 12:00:00",2006,2,27,-3.5,9.111,3.389,0,NA,NA,FALSE,FALSE
20060228,"2006-02-28 12:00:00","2006-02-28 12:00:00",2006,2,28,1.5,8.611,4.333,0.508,NA,NA,FALSE,FALSE
20060301,"2006-03-01 12:00:00","2006-03-01 12:00:00",2006,3,1,0.222,4.889,1.667,1.016,NA,NA,FALSE,FALSE
20060302,"2006-03-02 12:00:00","2006-03-02 12:00:00",2006,3,2,-2.222,5.278,1.111,0.508,NA,NA,FALSE,FALSE
20060303,"2006-03-03 12:00:00","2006-03-03 12:00:00",2006,3,3,-2.5,7.389,1.667,0,NA,NA,FALSE,FALSE
20060304,"2006-03-04 12:00:00","2006-03-04 12:00:00",2006,3,4,-3,14.778,8.556,0,NA,NA,FALSE,FALSE
20060305,"2006-03-05 12:00:00","2006-03-05 12:00:00",2006,3,5,8,18,12.611,NA,NA,NA,FALSE,FALSE
20060306,"2006-03-06 12:00:00","2006-03-06 12:00:00",2006,3,6,7.889,18.722,11.667,0,NA,NA,FALSE,FALSE
20060307,"2006-03-07 12:00:00","2006-03-07 12:00:00",2006,3,7,6.5,17.722,10.389,0,NA,NA,FALSE,FALSE
20060308,"2006-03-08 12:00:00","2006-03-08 12:00:00",2006,3,8,5.5,17.778,11.333,0,NA,NA,FALSE,FALSE
20060309,"2006-03-09 12:00:00","2006-03-09 12:00:00",2006,3,9,5,16,10.667,0,NA,NA,FALSE,FALSE
20060310,"2006-03-10 12:00:00","2006-03-10 12:00:00",2006,3,10,3.889,19.5,12,0,NA,NA,FALSE,FALSE
20060311,"2006-03-11 12:00:00","2006-03-11 12:00:00",2006,3,11,1.778,9.778,6.833,NA,NA,NA,FALSE,FALSE
20060312,"2006-03-12 12:00:00","2006-03-12 12:00:00",2006,3,12,-5,1.222,-2.167,0,NA,NA,FALSE,FALSE
20060313,"2006-03-13 12:00:00","2006-03-13 12:00:00",2006,3,13,-5.611,4.5,0.556,0,NA,NA,FALSE,FALSE
20060314,"2006-03-14 12:00:00","2006-03-14 12:00:00",2006,3,14,-2.222,7.5,2.944,0.508,NA,NA,FALSE,FALSE
20060315,"2006-03-15 12:00:00","2006-03-15 12:00:00",2006,3,15,-2.389,14.111,7.833,0,NA,NA,FALSE,FALSE
20060316,"2006-03-16 12:00:00","2006-03-16 12:00:00",2006,3,16,1.722,6,4.167,6.604,NA,NA,FALSE,FALSE
20060317,"2006-03-17 12:00:00","2006-03-17 12:00:00",2006,3,17,1.222,17.611,11.111,2.54,NA,NA,FALSE,FALSE
20060318,"2006-03-18 12:00:00","2006-03-18 12:00:00",2006,3,18,2.5,12.611,7,6.604,NA,NA,FALSE,FALSE
20060319,"2006-03-19 12:00:00","2006-03-19 12:00:00",2006,3,19,-0.778,10,3.833,0.508,NA,NA,FALSE,FALSE
20060320,"2006-03-20 12:00:00","2006-03-20 12:00:00",2006,3,20,-1.278,14.611,8.667,0,NA,NA,FALSE,FALSE
20060321,"2006-03-21 12:00:00","2006-03-21 12:00:00",2006,3,21,5.389,19.278,12.5,0,NA,NA,FALSE,FALSE
20060322,"2006-03-22 12:00:00","2006-03-22 12:00:00",2006,3,22,4.611,20.722,11.389,0,NA,NA,FALSE,FALSE
20060323,"2006-03-23 12:00:00","2006-03-23 12:00:00",2006,3,23,-0.611,13.278,5.444,0,NA,NA,FALSE,FALSE
20060324,"2006-03-24 12:00:00","2006-03-24 12:00:00",2006,3,24,-1,14,6.5,0,NA,NA,FALSE,FALSE
20060325,"2006-03-25 12:00:00","2006-03-25 12:00:00",2006,3,25,0.611,17.722,11.889,0,NA,NA,FALSE,FALSE
20060326,"2006-03-26 12:00:00","2006-03-26 12:00:00",2006,3,26,5.278,18.722,9.889,0,NA,NA,FALSE,FALSE
20060327,"2006-03-27 12:00:00","2006-03-27 12:00:00",2006,3,27,1.5,17.611,9.667,NA,NA,NA,FALSE,FALSE
20060328,"2006-03-28 12:00:00","2006-03-28 12:00:00",2006,3,28,0.222,5.111,2.5,0.508,NA,NA,FALSE,FALSE
20060329,"2006-03-29 12:00:00","2006-03-29 12:00:00",2006,3,29,0.111,12.111,6.833,0,NA,NA,FALSE,FALSE
20060330,"2006-03-30 12:00:00","2006-03-30 12:00:00",2006,3,30,-0.111,10.778,4.889,0,NA,NA,FALSE,FALSE
20060331,"2006-03-31 12:00:00","2006-03-31 12:00:00",2006,3,31,-0.611,19.722,12.278,0,NA,NA,FALSE,FALSE
20060401,"2006-04-01 12:00:00","2006-04-01 12:00:00",2006,4,1,9.611,14.611,12.778,7.874,NA,NA,FALSE,FALSE
20060402,"2006-04-02 12:00:00","2006-04-02 12:00:00",2006,4,2,3.5,10.5,6.389,3.556,NA,NA,FALSE,FALSE
20060403,"2006-04-03 12:00:00","2006-04-03 12:00:00",2006,4,3,3.222,20.5,13.778,0,NA,NA,FALSE,FALSE
20060404,"2006-04-04 12:00:00","2006-04-04 12:00:00",2006,4,4,9.778,12.5,11.167,27.432,NA,NA,FALSE,FALSE
20060405,"2006-04-05 12:00:00","2006-04-05 12:00:00",2006,4,5,4.278,20.111,10.833,2.032,NA,NA,FALSE,FALSE
20060406,"2006-04-06 12:00:00","2006-04-06 12:00:00",2006,4,6,4,16.778,11.611,0,NA,NA,FALSE,FALSE
20060407,"2006-04-07 12:00:00","2006-04-07 12:00:00",2006,4,7,7.389,18.278,12.778,0,NA,NA,FALSE,FALSE
20060408,"2006-04-08 12:00:00","2006-04-08 12:00:00",2006,4,8,7.111,20.111,14.278,0,NA,NA,FALSE,FALSE
20060409,"2006-04-09 12:00:00","2006-04-09 12:00:00",2006,4,9,9.5,21.722,14.944,4.572,NA,NA,FALSE,FALSE
20060410,"2006-04-10 12:00:00","2006-04-10 12:00:00",2006,4,10,13.111,18.722,15.5,7.874,NA,NA,FALSE,FALSE
20060411,"2006-04-11 12:00:00","2006-04-11 12:00:00",2006,4,11,8.611,19.278,12.722,18.542,NA,NA,FALSE,FALSE
20060412,"2006-04-12 12:00:00","2006-04-12 12:00:00",2006,4,12,7.5,21.722,12.944,0,NA,NA,FALSE,FALSE
20060413,"2006-04-13 12:00:00","2006-04-13 12:00:00",2006,4,13,7.278,13.111,9.056,0,NA,NA,FALSE,FALSE
20060414,"2006-04-14 12:00:00","2006-04-14 12:00:00",2006,4,14,7,18,11.667,0,NA,NA,FALSE,FALSE
20060415,"2006-04-15 12:00:00","2006-04-15 12:00:00",2006,4,15,5.278,15.778,9.833,0,NA,NA,FALSE,FALSE
20060416,"2006-04-16 12:00:00","2006-04-16 12:00:00",2006,4,16,3.722,13.5,7.611,0,NA,NA,FALSE,FALSE
20060417,"2006-04-17 12:00:00","2006-04-17 12:00:00",2006,4,17,3.5,19.778,13.778,0,NA,NA,FALSE,FALSE
20060418,"2006-04-18 12:00:00","2006-04-18 12:00:00",2006,4,18,9.611,24.278,18.389,0,NA,NA,FALSE,FALSE
20060419,"2006-04-19 12:00:00","2006-04-19 12:00:00",2006,4,19,6.5,17,9.889,8.382,NA,NA,FALSE,FALSE
20060420,"2006-04-20 12:00:00","2006-04-20 12:00:00",2006,4,20,5.611,10.278,7.667,0.254,NA,NA,FALSE,FALSE
20060421,"2006-04-21 12:00:00","2006-04-21 12:00:00",2006,4,21,5.889,17.611,11.556,0,NA,NA,FALSE,FALSE
20060422,"2006-04-22 12:00:00","2006-04-22 12:00:00",2006,4,22,6,15.278,9.5,2.54,NA,NA,FALSE,FALSE
20060423,"2006-04-23 12:00:00","2006-04-23 12:00:00",2006,4,23,5,18.278,10,0.508,NA,NA,FALSE,FALSE
20060424,"2006-04-24 12:00:00","2006-04-24 12:00:00",2006,4,24,4.778,18.222,11.167,0,NA,NA,FALSE,FALSE
20060425,"2006-04-25 12:00:00","2006-04-25 12:00:00",2006,4,25,5.889,20.722,14.278,0,NA,NA,FALSE,FALSE
20060426,"2006-04-26 12:00:00","2006-04-26 12:00:00",2006,4,26,8.611,15.111,11.778,1.016,NA,NA,FALSE,FALSE
20060427,"2006-04-27 12:00:00","2006-04-27 12:00:00",2006,4,27,6,18.778,12.056,0,NA,NA,FALSE,FALSE
20060428,"2006-04-28 12:00:00","2006-04-28 12:00:00",2006,4,28,6,22.778,14.444,NA,NA,NA,FALSE,FALSE
20060429,"2006-04-29 12:00:00","2006-04-29 12:00:00",2006,4,29,-1.389,18.111,13.444,2.032,NA,NA,FALSE,FALSE
20060430,"2006-04-30 12:00:00","2006-04-30 12:00:00",2006,4,30,10.778,27.5,20,0,NA,NA,FALSE,FALSE
20060501,"2006-05-01 12:00:00","2006-05-01 12:00:00",2006,5,1,14.278,29.111,21.111,0,NA,NA,FALSE,FALSE
20060502,"2006-05-02 12:00:00","2006-05-02 12:00:00",2006,5,2,10.611,24.278,16.889,0,NA,NA,FALSE,FALSE
20060503,"2006-05-03 12:00:00","2006-05-03 12:00:00",2006,5,3,10.5,24.278,16.667,0,NA,NA,FALSE,FALSE
20060504,"2006-05-04 12:00:00","2006-05-04 12:00:00",2006,5,4,11.111,27.222,21,1.016,NA,NA,FALSE,FALSE
20060505,"2006-05-05 12:00:00","2006-05-05 12:00:00",2006,5,5,18.111,24.611,20.722,0,NA,NA,FALSE,FALSE
20060506,"2006-05-06 12:00:00","2006-05-06 12:00:00",2006,5,6,13.278,19.111,16.389,69.596,NA,NA,FALSE,FALSE
20060507,"2006-05-07 12:00:00","2006-05-07 12:00:00",2006,5,7,13.111,25.722,19,0.254,NA,NA,FALSE,FALSE
20060508,"2006-05-08 12:00:00","2006-05-08 12:00:00",2006,5,8,14.111,24.722,19,0,NA,NA,FALSE,FALSE
20060509,"2006-05-09 12:00:00","2006-05-09 12:00:00",2006,5,9,14.111,23.722,18.778,1.524,NA,NA,FALSE,FALSE
20060510,"2006-05-10 12:00:00","2006-05-10 12:00:00",2006,5,10,13.611,21.111,16.278,39.116,NA,NA,FALSE,FALSE
20060511,"2006-05-11 12:00:00","2006-05-11 12:00:00",2006,5,11,13.278,23,17.556,1.524,NA,NA,FALSE,FALSE
20060512,"2006-05-12 12:00:00","2006-05-12 12:00:00",2006,5,12,10.5,19.5,15.111,0.254,NA,NA,FALSE,FALSE
20060513,"2006-05-13 12:00:00","2006-05-13 12:00:00",2006,5,13,10.278,20.611,15.444,0.508,NA,NA,FALSE,FALSE
20060514,"2006-05-14 12:00:00","2006-05-14 12:00:00",2006,5,14,10.778,22.222,16.444,0,NA,NA,FALSE,FALSE
20060515,"2006-05-15 12:00:00","2006-05-15 12:00:00",2006,5,15,12,24.722,18.389,0,NA,NA,FALSE,FALSE
20060516,"2006-05-16 12:00:00","2006-05-16 12:00:00",2006,5,16,13.278,24.222,19.944,0,NA,NA,FALSE,FALSE
20060517,"2006-05-17 12:00:00","2006-05-17 12:00:00",2006,5,17,15.611,23.5,19.056,0,NA,NA,FALSE,FALSE
20060518,"2006-05-18 12:00:00","2006-05-18 12:00:00",2006,5,18,14.111,21.111,17.222,1.524,NA,NA,FALSE,FALSE
20060519,"2006-05-19 12:00:00","2006-05-19 12:00:00",2006,5,19,12.111,17.222,14.556,71.882,NA,NA,FALSE,FALSE
20060520,"2006-05-20 12:00:00","2006-05-20 12:00:00",2006,5,20,12,25.278,19.5,8.89,NA,NA,FALSE,FALSE
20060521,"2006-05-21 12:00:00","2006-05-21 12:00:00",2006,5,21,15.5,30,23.611,0,NA,NA,FALSE,FALSE
20060522,"2006-05-22 12:00:00","2006-05-22 12:00:00",2006,5,22,13.778,22.778,18.278,6.096,NA,NA,FALSE,FALSE
20060523,"2006-05-23 12:00:00","2006-05-23 12:00:00",2006,5,23,13.611,22.722,17.722,1.524,NA,NA,FALSE,FALSE
20060524,"2006-05-24 12:00:00","2006-05-24 12:00:00",2006,5,24,14.5,27.278,19.722,0,NA,NA,FALSE,FALSE
20060525,"2006-05-25 12:00:00","2006-05-25 12:00:00",2006,5,25,15.111,23.722,19.444,NA,NA,NA,FALSE,FALSE
20060526,"2006-05-26 12:00:00","2006-05-26 12:00:00",2006,5,26,14.611,22,18.778,6.604,NA,NA,FALSE,FALSE
20060527,"2006-05-27 12:00:00","2006-05-27 12:00:00",2006,5,27,14,20.5,16.222,2.54,NA,NA,FALSE,FALSE
20060528,"2006-05-28 12:00:00","2006-05-28 12:00:00",2006,5,28,12.778,21.111,16.167,2.54,NA,NA,FALSE,FALSE
20060529,"2006-05-29 12:00:00","2006-05-29 12:00:00",2006,5,29,12.611,25.222,18.611,0.508,NA,NA,FALSE,FALSE
20060530,"2006-05-30 12:00:00","2006-05-30 12:00:00",2006,5,30,13.611,27.722,20.778,0,NA,NA,FALSE,FALSE
20060531,"2006-05-31 12:00:00","2006-05-31 12:00:00",2006,5,31,14.5,30.111,22.722,0,NA,NA,FALSE,FALSE
20060601,"2006-06-01 12:00:00","2006-06-01 12:00:00",2006,6,1,16.222,29.722,23.667,0,NA,NA,FALSE,FALSE
20060602,"2006-06-02 12:00:00","2006-06-02 12:00:00",2006,6,2,19,31.722,25,0,NA,NA,FALSE,FALSE
20060603,"2006-06-03 12:00:00","2006-06-03 12:00:00",2006,6,3,17.5,28.778,22.111,0,NA,NA,FALSE,FALSE
20060604,"2006-06-04 12:00:00","2006-06-04 12:00:00",2006,6,4,16.222,26.778,20.222,0,NA,NA,FALSE,FALSE
20060605,"2006-06-05 12:00:00","2006-06-05 12:00:00",2006,6,5,16.222,29.222,22.389,0,NA,NA,FALSE,FALSE
20060606,"2006-06-06 12:00:00","2006-06-06 12:00:00",2006,6,6,17.722,31.611,23.722,0,NA,NA,FALSE,FALSE
20060607,"2006-06-07 12:00:00","2006-06-07 12:00:00",2006,6,7,18.222,29.5,23.667,NA,NA,NA,FALSE,FALSE
20060608,"2006-06-08 12:00:00","2006-06-08 12:00:00",2006,6,8,17.222,22.278,18.944,1.524,NA,NA,FALSE,FALSE
20060609,"2006-06-09 12:00:00","2006-06-09 12:00:00",2006,6,9,17,27.722,22,0.508,NA,NA,FALSE,FALSE
20060610,"2006-06-10 12:00:00","2006-06-10 12:00:00",2006,6,10,17.111,26.722,21.167,29.464,NA,NA,FALSE,FALSE
20060611,"2006-06-11 12:00:00","2006-06-11 12:00:00",2006,6,11,15.111,25.5,19.889,4.572,NA,NA,FALSE,FALSE
20060612,"2006-06-12 12:00:00","2006-06-12 12:00:00",2006,6,12,14.778,30.222,23.056,0,NA,NA,FALSE,FALSE
20060613,"2006-06-13 12:00:00","2006-06-13 12:00:00",2006,6,13,17.611,29.222,24.111,0,NA,NA,FALSE,FALSE
20060614,"2006-06-14 12:00:00","2006-06-14 12:00:00",2006,6,14,17.611,20.722,19.556,52.578,NA,NA,FALSE,FALSE
20060615,"2006-06-15 12:00:00","2006-06-15 12:00:00",2006,6,15,15.778,22.778,19.111,3.048,NA,NA,FALSE,FALSE
20060616,"2006-06-16 12:00:00","2006-06-16 12:00:00",2006,6,16,15.5,30,22.444,0,NA,NA,FALSE,FALSE
20060617,"2006-06-17 12:00:00","2006-06-17 12:00:00",2006,6,17,16.111,30.722,22.889,0,NA,NA,FALSE,FALSE
20060618,"2006-06-18 12:00:00","2006-06-18 12:00:00",2006,6,18,17.722,29,22.556,0,NA,NA,FALSE,FALSE
20060619,"2006-06-19 12:00:00","2006-06-19 12:00:00",2006,6,19,17.722,30.611,24.722,0,NA,NA,FALSE,FALSE
20060620,"2006-06-20 12:00:00","2006-06-20 12:00:00",2006,6,20,19.222,31.111,25.333,0,NA,NA,FALSE,FALSE
20060621,"2006-06-21 12:00:00","2006-06-21 12:00:00",2006,6,21,21.778,29.222,24.833,NA,NA,NA,FALSE,FALSE
20060622,"2006-06-22 12:00:00","2006-06-22 12:00:00",2006,6,22,20.722,23.722,21.667,39.116,NA,NA,FALSE,FALSE
20060623,"2006-06-23 12:00:00","2006-06-23 12:00:00",2006,6,23,19.778,27.222,23.167,6.096,NA,NA,FALSE,FALSE
20060624,"2006-06-24 12:00:00","2006-06-24 12:00:00",2006,6,24,19.222,28.222,23.111,0,NA,NA,FALSE,FALSE
20060625,"2006-06-25 12:00:00","2006-06-25 12:00:00",2006,6,25,18.278,20.778,20.278,89.916,NA,NA,FALSE,FALSE
20060626,"2006-06-26 12:00:00","2006-06-26 12:00:00",2006,6,26,19.222,24.778,21.389,0.254,NA,NA,FALSE,FALSE
20060627,"2006-06-27 12:00:00","2006-06-27 12:00:00",2006,6,27,19.222,25.111,22.889,0,NA,NA,FALSE,FALSE
20060628,"2006-06-28 12:00:00","2006-06-28 12:00:00",2006,6,28,21.722,32.722,26.333,0,NA,NA,FALSE,FALSE
20060629,"2006-06-29 12:00:00","2006-06-29 12:00:00",2006,6,29,22.111,28.278,25.333,NA,NA,NA,FALSE,FALSE
20060630,"2006-06-30 12:00:00","2006-06-30 12:00:00",2006,6,30,22.222,25.722,23.778,6.096,NA,NA,FALSE,FALSE
20060701,"2006-07-01 12:00:00","2006-07-01 12:00:00",2006,7,1,20.778,23.611,21.667,55.118,NA,NA,FALSE,FALSE
20060702,"2006-07-02 12:00:00","2006-07-02 12:00:00",2006,7,2,20.5,24.778,22.611,0.508,NA,NA,FALSE,FALSE
20060703,"2006-07-03 12:00:00","2006-07-03 12:00:00",2006,7,3,21.278,27.222,24.056,0,NA,NA,FALSE,FALSE
20060704,"2006-07-04 12:00:00","2006-07-04 12:00:00",2006,7,4,21.111,24.222,21.778,24.384,NA,NA,FALSE,FALSE
20060705,"2006-07-05 12:00:00","2006-07-05 12:00:00",2006,7,5,19.611,25.278,22.056,4.064,NA,NA,FALSE,FALSE
20060706,"2006-07-06 12:00:00","2006-07-06 12:00:00",2006,7,6,18.722,22.778,20.667,1.524,NA,NA,FALSE,FALSE
20060707,"2006-07-07 12:00:00","2006-07-07 12:00:00",2006,7,7,19.722,27.5,23.444,0,NA,NA,FALSE,FALSE
20060708,"2006-07-08 12:00:00","2006-07-08 12:00:00",2006,7,8,20.611,27.222,23.722,5.588,NA,NA,FALSE,FALSE
20060709,"2006-07-09 12:00:00","2006-07-09 12:00:00",2006,7,9,21.611,29.722,26.278,8.89,NA,NA,FALSE,FALSE
20060710,"2006-07-10 12:00:00","2006-07-10 12:00:00",2006,7,10,21.611,23.222,22.278,41.91,NA,NA,FALSE,FALSE
20060711,"2006-07-11 12:00:00","2006-07-11 12:00:00",2006,7,11,21.278,26.111,24.333,80.518,NA,NA,FALSE,FALSE
20060712,"2006-07-12 12:00:00","2006-07-12 12:00:00",2006,7,12,24.278,31.778,27.889,2.032,NA,NA,FALSE,FALSE
20060713,"2006-07-13 12:00:00","2006-07-13 12:00:00",2006,7,13,25.222,32.722,28.5,0.508,NA,NA,FALSE,FALSE
20060714,"2006-07-14 12:00:00","2006-07-14 12:00:00",2006,7,14,26,32.722,28.778,0,NA,NA,FALSE,FALSE
20060715,"2006-07-15 12:00:00","2006-07-15 12:00:00",2006,7,15,25.778,31.111,27.5,0.508,NA,NA,FALSE,FALSE
20060716,"2006-07-16 12:00:00","2006-07-16 12:00:00",2006,7,16,24.722,30.222,26.056,1.016,NA,NA,FALSE,FALSE
20060717,"2006-07-17 12:00:00","2006-07-17 12:00:00",2006,7,17,24.222,25.778,24.722,5.08,NA,NA,FALSE,FALSE
20060718,"2006-07-18 12:00:00","2006-07-18 12:00:00",2006,7,18,23.5,25.5,24.556,98.552,NA,NA,FALSE,FALSE
20060719,"2006-07-19 12:00:00","2006-07-19 12:00:00",2006,7,19,19.611,24,21.167,22.098,NA,NA,FALSE,FALSE
20060720,"2006-07-20 12:00:00","2006-07-20 12:00:00",2006,7,20,19.5,21.222,20.278,25.908,NA,NA,FALSE,FALSE
20060721,"2006-07-21 12:00:00","2006-07-21 12:00:00",2006,7,21,19.778,27.222,23.389,1.524,NA,NA,FALSE,FALSE
20060722,"2006-07-22 12:00:00","2006-07-22 12:00:00",2006,7,22,19.611,28.5,23,0,NA,NA,FALSE,FALSE
20060723,"2006-07-23 12:00:00","2006-07-23 12:00:00",2006,7,23,19.222,24.5,22.278,0,NA,NA,FALSE,FALSE
20060724,"2006-07-24 12:00:00","2006-07-24 12:00:00",2006,7,24,20.5,24.222,22.389,NA,NA,NA,FALSE,FALSE
20060725,"2006-07-25 12:00:00","2006-07-25 12:00:00",2006,7,25,20.611,29.778,24.444,5.588,NA,NA,FALSE,FALSE
20060726,"2006-07-26 12:00:00","2006-07-26 12:00:00",2006,7,26,21.611,26.5,23.5,88.392,NA,NA,FALSE,FALSE
20060727,"2006-07-27 12:00:00","2006-07-27 12:00:00",2006,7,27,22.222,31.222,26.833,0.508,NA,NA,FALSE,FALSE
20060728,"2006-07-28 12:00:00","2006-07-28 12:00:00",2006,7,28,24.111,30.611,27.111,5.08,NA,NA,FALSE,FALSE
20060729,"2006-07-29 12:00:00","2006-07-29 12:00:00",2006,7,29,25,31.722,27.333,5.08,NA,NA,FALSE,FALSE
20060730,"2006-07-30 12:00:00","2006-07-30 12:00:00",2006,7,30,25,32.5,28.056,0,NA,NA,FALSE,FALSE
20060731,"2006-07-31 12:00:00","2006-07-31 12:00:00",2006,7,31,24.722,32.389,28.333,0,NA,NA,FALSE,FALSE
20060801,"2006-08-01 12:00:00","2006-08-01 12:00:00",2006,8,1,25.222,32.389,28.389,0,NA,NA,FALSE,FALSE
20060802,"2006-08-02 12:00:00","2006-08-02 12:00:00",2006,8,2,24.778,33,28.444,0,NA,NA,FALSE,FALSE
20060803,"2006-08-03 12:00:00","2006-08-03 12:00:00",2006,8,3,24.611,32.5,28.944,0,NA,NA,FALSE,FALSE
20060804,"2006-08-04 12:00:00","2006-08-04 12:00:00",2006,8,4,23.5,34,27.722,20.066,NA,NA,FALSE,FALSE
20060805,"2006-08-05 12:00:00","2006-08-05 12:00:00",2006,8,5,23.222,33.389,26.778,2.032,NA,NA,FALSE,FALSE
20060806,"2006-08-06 12:00:00","2006-08-06 12:00:00",2006,8,6,22.222,32.5,25,24.384,NA,NA,FALSE,FALSE
20060807,"2006-08-07 12:00:00","2006-08-07 12:00:00",2006,8,7,22.111,33.222,27.056,4.064,NA,NA,FALSE,FALSE
20060808,"2006-08-08 12:00:00","2006-08-08 12:00:00",2006,8,8,23.5,34,27.111,20.574,NA,NA,FALSE,FALSE
20060809,"2006-08-09 12:00:00","2006-08-09 12:00:00",2006,8,9,23.611,34,28.722,0,NA,NA,FALSE,FALSE
20060810,"2006-08-10 12:00:00","2006-08-10 12:00:00",2006,8,10,24.278,33.722,28.778,0,NA,NA,FALSE,FALSE
20060811,"2006-08-11 12:00:00","2006-08-11 12:00:00",2006,8,11,24.722,33.722,28.833,0,NA,NA,FALSE,FALSE
20060812,"2006-08-12 12:00:00","2006-08-12 12:00:00",2006,8,12,25.222,32,28.056,0,NA,NA,FALSE,FALSE
20060813,"2006-08-13 12:00:00","2006-08-13 12:00:00",2006,8,13,25.278,32.722,29.056,0,NA,NA,FALSE,FALSE
20060814,"2006-08-14 12:00:00","2006-08-14 12:00:00",2006,8,14,25.778,33.5,29.111,0,NA,NA,FALSE,FALSE
20060815,"2006-08-15 12:00:00","2006-08-15 12:00:00",2006,8,15,25.5,34.722,29.389,0,NA,NA,FALSE,FALSE
20060816,"2006-08-16 12:00:00","2006-08-16 12:00:00",2006,8,16,25.222,35,29.556,0,NA,NA,FALSE,FALSE
20060817,"2006-08-17 12:00:00","2006-08-17 12:00:00",2006,8,17,25.222,34,28.833,0,NA,NA,FALSE,FALSE
20060818,"2006-08-18 12:00:00","2006-08-18 12:00:00",2006,8,18,22.222,31.111,26.167,0,NA,NA,FALSE,FALSE
20060819,"2006-08-19 12:00:00","2006-08-19 12:00:00",2006,8,19,22,24.222,23,1.016,NA,NA,FALSE,FALSE
20060820,"2006-08-20 12:00:00","2006-08-20 12:00:00",2006,8,20,21.611,29,25.611,1.016,NA,NA,FALSE,FALSE
20060821,"2006-08-21 12:00:00","2006-08-21 12:00:00",2006,8,21,24.5,32,27.778,0,NA,NA,FALSE,FALSE
20060822,"2006-08-22 12:00:00","2006-08-22 12:00:00",2006,8,22,24.222,29.222,26.333,0.508,NA,NA,FALSE,FALSE
20060823,"2006-08-23 12:00:00","2006-08-23 12:00:00",2006,8,23,24.222,31.722,27.222,6.604,NA,NA,FALSE,FALSE
20060824,"2006-08-24 12:00:00","2006-08-24 12:00:00",2006,8,24,24.111,32.222,26.833,1.524,NA,NA,FALSE,FALSE
20060825,"2006-08-25 12:00:00","2006-08-25 12:00:00",2006,8,25,22.5,30.611,24.222,103.886,NA,NA,FALSE,FALSE
20060826,"2006-08-26 12:00:00","2006-08-26 12:00:00",2006,8,26,22.278,30.778,27.333,0,NA,NA,FALSE,FALSE
20060827,"2006-08-27 12:00:00","2006-08-27 12:00:00",2006,8,27,21.778,26.5,23.944,107.95,NA,NA,FALSE,FALSE
20060828,"2006-08-28 12:00:00","2006-08-28 12:00:00",2006,8,28,21.611,31.222,26,0,NA,NA,FALSE,FALSE
20060829,"2006-08-29 12:00:00","2006-08-29 12:00:00",2006,8,29,21.278,31.222,25.278,0,NA,NA,FALSE,FALSE
20060830,"2006-08-30 12:00:00","2006-08-30 12:00:00",2006,8,30,21.222,25.111,22.778,3.556,NA,NA,FALSE,FALSE
20060831,"2006-08-31 12:00:00","2006-08-31 12:00:00",2006,8,31,21.278,29.611,25,0.508,NA,NA,FALSE,FALSE
20060901,"2006-09-01 12:00:00","2006-09-01 12:00:00",2006,9,1,21.611,30.5,25.611,0,NA,NA,FALSE,FALSE
20060902,"2006-09-02 12:00:00","2006-09-02 12:00:00",2006,9,2,21.111,29.222,24.833,0,NA,NA,FALSE,FALSE
20060903,"2006-09-03 12:00:00","2006-09-03 12:00:00",2006,9,3,20.722,29.611,24.833,0,NA,NA,FALSE,FALSE
20060904,"2006-09-04 12:00:00","2006-09-04 12:00:00",2006,9,4,19.722,30,24.056,0,NA,NA,FALSE,FALSE
20060905,"2006-09-05 12:00:00","2006-09-05 12:00:00",2006,9,5,15.778,23.722,18.889,6.604,NA,NA,FALSE,FALSE
20060906,"2006-09-06 12:00:00","2006-09-06 12:00:00",2006,9,6,15.778,24.722,20.222,16.51,NA,NA,FALSE,FALSE
20060907,"2006-09-07 12:00:00","2006-09-07 12:00:00",2006,9,7,16,28.222,22.389,0,NA,NA,FALSE,FALSE
20060908,"2006-09-08 12:00:00","2006-09-08 12:00:00",2006,9,8,17.222,28.278,23.556,4.064,NA,NA,FALSE,FALSE
20060909,"2006-09-09 12:00:00","2006-09-09 12:00:00",2006,9,9,14.111,23,18.444,4.064,NA,NA,FALSE,FALSE
20060910,"2006-09-10 12:00:00","2006-09-10 12:00:00",2006,9,10,13.111,21.611,17.556,0,NA,NA,FALSE,FALSE
20060911,"2006-09-11 12:00:00","2006-09-11 12:00:00",2006,9,11,13.778,18.611,16.611,NA,NA,NA,FALSE,FALSE
20060912,"2006-09-12 12:00:00","2006-09-12 12:00:00",2006,9,12,14.778,23.278,19.778,0,NA,NA,FALSE,FALSE
20060913,"2006-09-13 12:00:00","2006-09-13 12:00:00",2006,9,13,17.778,26.722,21.222,0,NA,NA,FALSE,FALSE
20060914,"2006-09-14 12:00:00","2006-09-14 12:00:00",2006,9,14,18,27.5,21.833,0,NA,NA,FALSE,FALSE
20060915,"2006-09-15 12:00:00","2006-09-15 12:00:00",2006,9,15,16.722,22.222,18.278,6.096,NA,NA,FALSE,FALSE
20060916,"2006-09-16 12:00:00","2006-09-16 12:00:00",2006,9,16,16.611,21.5,19.111,1.524,NA,NA,FALSE,FALSE
20060917,"2006-09-17 12:00:00","2006-09-17 12:00:00",2006,9,17,15.778,18.778,17.333,16.002,NA,NA,FALSE,FALSE
20060918,"2006-09-18 12:00:00","2006-09-18 12:00:00",2006,9,18,15.278,23.222,18.333,2.54,NA,NA,FALSE,FALSE
20060919,"2006-09-19 12:00:00","2006-09-19 12:00:00",2006,9,19,15.278,26.278,20.333,0,NA,NA,FALSE,FALSE
20060920,"2006-09-20 12:00:00","2006-09-20 12:00:00",2006,9,20,15.278,26.722,20.944,0,NA,NA,FALSE,FALSE
20060921,"2006-09-21 12:00:00","2006-09-21 12:00:00",2006,9,21,16.111,28.5,21.389,0,NA,NA,FALSE,FALSE
20060922,"2006-09-22 12:00:00","2006-09-22 12:00:00",2006,9,22,15.778,27.722,21.556,0,NA,NA,FALSE,FALSE
20060923,"2006-09-23 12:00:00","2006-09-23 12:00:00",2006,9,23,15.111,25.722,20.389,0,NA,NA,FALSE,FALSE
20060924,"2006-09-24 12:00:00","2006-09-24 12:00:00",2006,9,24,14.278,24.722,19.556,0,NA,NA,FALSE,FALSE
20060925,"2006-09-25 12:00:00","2006-09-25 12:00:00",2006,9,25,13.778,24.722,19.167,0,NA,NA,FALSE,FALSE
20060926,"2006-09-26 12:00:00","2006-09-26 12:00:00",2006,9,26,14.278,25.222,19.667,0,NA,NA,FALSE,FALSE
20060927,"2006-09-27 12:00:00","2006-09-27 12:00:00",2006,9,27,14.778,26.222,20.278,0,NA,NA,FALSE,FALSE
20060928,"2006-09-28 12:00:00","2006-09-28 12:00:00",2006,9,28,14.111,23,18.167,0,NA,NA,FALSE,FALSE
20060929,"2006-09-29 12:00:00","2006-09-29 12:00:00",2006,9,29,13.278,24.778,18.556,0,NA,NA,FALSE,FALSE
20060930,"2006-09-30 12:00:00","2006-09-30 12:00:00",2006,9,30,14.611,26.222,20.611,0,NA,NA,FALSE,FALSE
20061001,"2006-10-01 12:00:00","2006-10-01 12:00:00",2006,10,1,15.278,24.611,19.556,0,NA,NA,FALSE,FALSE
20061002,"2006-10-02 12:00:00","2006-10-02 12:00:00",2006,10,2,13.778,26.222,19.278,0,NA,NA,FALSE,FALSE
20061003,"2006-10-03 12:00:00","2006-10-03 12:00:00",2006,10,3,13.278,27,19.444,0,NA,NA,FALSE,FALSE
20061004,"2006-10-04 12:00:00","2006-10-04 12:00:00",2006,10,4,13.778,27.222,20.222,0,NA,NA,FALSE,FALSE
20061005,"2006-10-05 12:00:00","2006-10-05 12:00:00",2006,10,5,14.611,26.222,19.056,0,NA,NA,FALSE,FALSE
20061006,"2006-10-06 12:00:00","2006-10-06 12:00:00",2006,10,6,13.111,26,19.222,0,NA,NA,FALSE,FALSE
20061007,"2006-10-07 12:00:00","2006-10-07 12:00:00",2006,10,7,12.778,26.5,18.889,0,NA,NA,FALSE,FALSE
20061008,"2006-10-08 12:00:00","2006-10-08 12:00:00",2006,10,8,13.611,25.778,20.722,0,NA,NA,FALSE,FALSE
20061009,"2006-10-09 12:00:00","2006-10-09 12:00:00",2006,10,9,14.611,25.5,19.667,0,NA,NA,FALSE,FALSE
20061010,"2006-10-10 12:00:00","2006-10-10 12:00:00",2006,10,10,14.5,26.278,19.5,0,NA,NA,FALSE,FALSE
20061011,"2006-10-11 12:00:00","2006-10-11 12:00:00",2006,10,11,14.778,25.5,20,0,NA,NA,FALSE,FALSE
20061012,"2006-10-12 12:00:00","2006-10-12 12:00:00",2006,10,12,12.111,24.722,17.167,0,NA,NA,FALSE,FALSE
20061013,"2006-10-13 12:00:00","2006-10-13 12:00:00",2006,10,13,11.778,25.222,18.778,0,NA,NA,FALSE,FALSE
20061014,"2006-10-14 12:00:00","2006-10-14 12:00:00",2006,10,14,13.278,25.778,18.833,0,NA,NA,FALSE,FALSE
20061015,"2006-10-15 12:00:00","2006-10-15 12:00:00",2006,10,15,13.111,28.111,19.889,0,NA,NA,FALSE,FALSE
20061016,"2006-10-16 12:00:00","2006-10-16 12:00:00",2006,10,16,14.111,27.5,20.111,0,NA,NA,FALSE,FALSE
20061017,"2006-10-17 12:00:00","2006-10-17 12:00:00",2006,10,17,14.278,23.778,18.667,0,NA,NA,FALSE,FALSE
20061018,"2006-10-18 12:00:00","2006-10-18 12:00:00",2006,10,18,14,26.278,19.5,0,NA,NA,FALSE,FALSE
20061019,"2006-10-19 12:00:00","2006-10-19 12:00:00",2006,10,19,14,26.111,20.056,NA,NA,NA,FALSE,FALSE
20061020,"2006-10-20 12:00:00","2006-10-20 12:00:00",2006,10,20,14.611,27.111,19.889,0,NA,NA,FALSE,FALSE
20061021,"2006-10-21 12:00:00","2006-10-21 12:00:00",2006,10,21,14.278,25.778,19.944,0,NA,NA,FALSE,FALSE
20061022,"2006-10-22 12:00:00","2006-10-22 12:00:00",2006,10,22,14.611,20.222,17.667,16.002,NA,NA,FALSE,FALSE
20061023,"2006-10-23 12:00:00","2006-10-23 12:00:00",2006,10,23,9.278,18.778,13.889,1.016,NA,NA,FALSE,FALSE
20061024,"2006-10-24 12:00:00","2006-10-24 12:00:00",2006,10,24,9.111,22.722,15.667,0,NA,NA,FALSE,FALSE
20061025,"2006-10-25 12:00:00","2006-10-25 12:00:00",2006,10,25,11,21.722,16.5,0,NA,NA,FALSE,FALSE
20061026,"2006-10-26 12:00:00","2006-10-26 12:00:00",2006,10,26,13.278,18.222,15.278,1.016,NA,NA,FALSE,FALSE
20061027,"2006-10-27 12:00:00","2006-10-27 12:00:00",2006,10,27,8.111,20.611,13.778,0,NA,NA,FALSE,FALSE
20061028,"2006-10-28 12:00:00","2006-10-28 12:00:00",2006,10,28,8,23.111,15.222,0,NA,NA,FALSE,FALSE
20061029,"2006-10-29 12:00:00","2006-10-29 12:00:00",2006,10,29,9.778,21.722,14.889,0,NA,NA,FALSE,FALSE
20061030,"2006-10-30 12:00:00","2006-10-30 12:00:00",2006,10,30,9.111,22.111,14.833,0,NA,NA,FALSE,FALSE
20061031,"2006-10-31 12:00:00","2006-10-31 12:00:00",2006,10,31,8.5,22.278,15,0,NA,NA,FALSE,FALSE
20061101,"2006-11-01 12:00:00","2006-11-01 12:00:00",2006,11,1,9.778,21.722,15.889,0,NA,NA,FALSE,FALSE
20061102,"2006-11-02 12:00:00","2006-11-02 12:00:00",2006,11,2,9.611,20.222,13.944,0,NA,NA,FALSE,FALSE
20061103,"2006-11-03 12:00:00","2006-11-03 12:00:00",2006,11,3,9.111,21.722,15.056,NA,NA,NA,FALSE,FALSE
20061104,"2006-11-04 12:00:00","2006-11-04 12:00:00",2006,11,4,10.611,20.722,16.611,0.508,NA,NA,FALSE,FALSE
20061105,"2006-11-05 12:00:00","2006-11-05 12:00:00",2006,11,5,7.5,20.5,13.889,0,NA,NA,FALSE,FALSE
20061106,"2006-11-06 12:00:00","2006-11-06 12:00:00",2006,11,6,3.222,13.778,7.722,1.524,NA,NA,FALSE,FALSE
20061107,"2006-11-07 12:00:00","2006-11-07 12:00:00",2006,11,7,3,12.111,6.667,5.588,NA,NA,FALSE,FALSE
20061108,"2006-11-08 12:00:00","2006-11-08 12:00:00",2006,11,8,3.5,20.222,15.944,0,NA,NA,FALSE,FALSE
20061109,"2006-11-09 12:00:00","2006-11-09 12:00:00",2006,11,9,10.278,23.222,16.833,0,NA,NA,FALSE,FALSE
20061110,"2006-11-10 12:00:00","2006-11-10 12:00:00",2006,11,10,9.278,20.222,14.611,NA,NA,NA,FALSE,FALSE
20061111,"2006-11-11 12:00:00","2006-11-11 12:00:00",2006,11,11,4.778,14.611,8.556,0,NA,NA,FALSE,FALSE
20061112,"2006-11-12 12:00:00","2006-11-12 12:00:00",2006,11,12,3.5,14.111,8.167,0,NA,NA,FALSE,FALSE
20061113,"2006-11-13 12:00:00","2006-11-13 12:00:00",2006,11,13,3.5,16,12.056,0,NA,NA,FALSE,FALSE
20061114,"2006-11-14 12:00:00","2006-11-14 12:00:00",2006,11,14,5.889,12.611,8.444,0,NA,NA,FALSE,FALSE
20061115,"2006-11-15 12:00:00","2006-11-15 12:00:00",2006,11,15,5.111,16.111,10.056,0.254,NA,NA,FALSE,FALSE
20061116,"2006-11-16 12:00:00","2006-11-16 12:00:00",2006,11,16,4.278,12,7.167,0.254,NA,NA,FALSE,FALSE
20061117,"2006-11-17 12:00:00","2006-11-17 12:00:00",2006,11,17,4,15.5,9.944,0,NA,NA,FALSE,FALSE
20061118,"2006-11-18 12:00:00","2006-11-18 12:00:00",2006,11,18,7,14.111,9.722,0,NA,NA,FALSE,FALSE
20061119,"2006-11-19 12:00:00","2006-11-19 12:00:00",2006,11,19,8,18,12.167,0,NA,NA,FALSE,FALSE
20061120,"2006-11-20 12:00:00","2006-11-20 12:00:00",2006,11,20,3.889,16,9.444,0,NA,NA,FALSE,FALSE
20061121,"2006-11-21 12:00:00","2006-11-21 12:00:00",2006,11,21,3.222,16.278,10.5,0,NA,NA,FALSE,FALSE
20061122,"2006-11-22 12:00:00","2006-11-22 12:00:00",2006,11,22,7.278,14.111,11.167,0,NA,NA,FALSE,FALSE
20061123,"2006-11-23 12:00:00","2006-11-23 12:00:00",2006,11,23,5.611,13.778,9.722,0,NA,NA,FALSE,FALSE
20061124,"2006-11-24 12:00:00","2006-11-24 12:00:00",2006,11,24,5.111,15.111,9,0,NA,NA,FALSE,FALSE
20061125,"2006-11-25 12:00:00","2006-11-25 12:00:00",2006,11,25,4.278,16.778,11.611,0,NA,NA,FALSE,FALSE
20061126,"2006-11-26 12:00:00","2006-11-26 12:00:00",2006,11,26,9.611,17.222,13.167,0,NA,NA,FALSE,FALSE
20061127,"2006-11-27 12:00:00","2006-11-27 12:00:00",2006,11,27,8.278,11.611,9.889,30.48,NA,NA,FALSE,FALSE
20061128,"2006-11-28 12:00:00","2006-11-28 12:00:00",2006,11,28,6.778,10.111,8.167,3.556,NA,NA,FALSE,FALSE
20061129,"2006-11-29 12:00:00","2006-11-29 12:00:00",2006,11,29,0.778,9,4.444,2.032,NA,NA,FALSE,FALSE
20061130,"2006-11-30 12:00:00","2006-11-30 12:00:00",2006,11,30,-0.111,11.278,6.222,0,NA,NA,FALSE,FALSE
20061201,"2006-12-01 12:00:00","2006-12-01 12:00:00",2006,12,1,4,11.111,6.111,0.508,NA,NA,FALSE,FALSE
20061202,"2006-12-02 12:00:00","2006-12-02 12:00:00",2006,12,2,-1.222,5.5,0.889,2.54,NA,NA,FALSE,FALSE
20061203,"2006-12-03 12:00:00","2006-12-03 12:00:00",2006,12,3,-1.5,3.5,0.056,0,NA,NA,FALSE,FALSE
20061204,"2006-12-04 12:00:00","2006-12-04 12:00:00",2006,12,4,-1.778,6.389,1.389,0,NA,NA,FALSE,FALSE
20061205,"2006-12-05 12:00:00","2006-12-05 12:00:00",2006,12,5,-1.722,8,3.556,0,NA,NA,FALSE,FALSE
20061206,"2006-12-06 12:00:00","2006-12-06 12:00:00",2006,12,6,-0.611,11,7.333,NA,NA,NA,FALSE,FALSE
20061207,"2006-12-07 12:00:00","2006-12-07 12:00:00",2006,12,7,6.5,8.778,7.667,4.064,NA,NA,FALSE,FALSE
20061208,"2006-12-08 12:00:00","2006-12-08 12:00:00",2006,12,8,6.111,8.778,7.167,10.922,NA,NA,FALSE,FALSE
20061209,"2006-12-09 12:00:00","2006-12-09 12:00:00",2006,12,9,-0.611,6.5,4,7.62,NA,NA,FALSE,FALSE
20061210,"2006-12-10 12:00:00","2006-12-10 12:00:00",2006,12,10,-2.222,5.389,1.167,0,NA,NA,FALSE,FALSE
20061211,"2006-12-11 12:00:00","2006-12-11 12:00:00",2006,12,11,-2.889,7.889,3.944,0,NA,NA,FALSE,FALSE
20061212,"2006-12-12 12:00:00","2006-12-12 12:00:00",2006,12,12,0.111,12,6.611,NA,NA,NA,FALSE,FALSE
20061213,"2006-12-13 12:00:00","2006-12-13 12:00:00",2006,12,13,4.778,9.111,6.778,1.016,NA,NA,FALSE,FALSE
20061214,"2006-12-14 12:00:00","2006-12-14 12:00:00",2006,12,14,1.111,8.111,4.556,0,NA,NA,FALSE,FALSE
20061215,"2006-12-15 12:00:00","2006-12-15 12:00:00",2006,12,15,0.5,10.111,5.556,0,NA,NA,FALSE,FALSE
20061216,"2006-12-16 12:00:00","2006-12-16 12:00:00",2006,12,16,-1.722,6.111,2.667,1.524,NA,NA,FALSE,FALSE
20061217,"2006-12-17 12:00:00","2006-12-17 12:00:00",2006,12,17,-2,2,0.167,4.572,NA,NA,FALSE,FALSE
20061218,"2006-12-18 12:00:00","2006-12-18 12:00:00",2006,12,18,-1.778,3.5,0.222,0,NA,NA,FALSE,FALSE
20061219,"2006-12-19 12:00:00","2006-12-19 12:00:00",2006,12,19,-2.389,7.111,1.667,0,NA,NA,FALSE,FALSE
20061220,"2006-12-20 12:00:00","2006-12-20 12:00:00",2006,12,20,-2.5,10.5,4.278,0,NA,NA,FALSE,FALSE
20061221,"2006-12-21 12:00:00","2006-12-21 12:00:00",2006,12,21,-0.5,11.111,4.222,0,NA,NA,FALSE,FALSE
20061222,"2006-12-22 12:00:00","2006-12-22 12:00:00",2006,12,22,-1.222,9.611,3.333,0,NA,NA,FALSE,FALSE
20061223,"2006-12-23 12:00:00","2006-12-23 12:00:00",2006,12,23,-0.222,10,4.167,0,NA,NA,FALSE,FALSE
20061224,"2006-12-24 12:00:00","2006-12-24 12:00:00",2006,12,24,-1.111,9.778,5.278,0,NA,NA,FALSE,FALSE
20061225,"2006-12-25 12:00:00","2006-12-25 12:00:00",2006,12,25,3.222,17,8.889,0,NA,NA,FALSE,FALSE
20061226,"2006-12-26 12:00:00","2006-12-26 12:00:00",2006,12,26,2.722,15.778,8.722,0,NA,NA,FALSE,FALSE
20061227,"2006-12-27 12:00:00","2006-12-27 12:00:00",2006,12,27,-1.222,7.889,3.444,NA,NA,NA,FALSE,FALSE
20061228,"2006-12-28 12:00:00","2006-12-28 12:00:00",2006,12,28,-7.5,-1.722,-4.111,4.064,NA,NA,FALSE,FALSE
20061229,"2006-12-29 12:00:00","2006-12-29 12:00:00",2006,12,29,-7.889,1.111,-3.389,2.286,NA,NA,FALSE,FALSE
20061230,"2006-12-30 12:00:00","2006-12-30 12:00:00",2006,12,30,-6.389,5.389,0.944,0,NA,NA,FALSE,FALSE
20061231,"2006-12-31 12:00:00","2006-12-31 12:00:00",2006,12,31,-2.222,9,2.722,0,NA,NA,FALSE,FALSE
20070101,"2007-01-01 12:00:00","2007-01-01 12:00:00",2007,1,1,1.5,4,2.889,2.032,NA,NA,FALSE,FALSE
20070102,"2007-01-02 12:00:00","2007-01-02 12:00:00",2007,1,2,0.222,8.611,3.222,2.032,NA,NA,FALSE,FALSE
20070103,"2007-01-03 12:00:00","2007-01-03 12:00:00",2007,1,3,-0.278,10.5,6.111,0,NA,NA,FALSE,FALSE
20070104,"2007-01-04 12:00:00","2007-01-04 12:00:00",2007,1,4,1.278,11.778,6,0,NA,NA,FALSE,FALSE
20070105,"2007-01-05 12:00:00","2007-01-05 12:00:00",2007,1,5,0.778,11.278,6.333,NA,NA,NA,FALSE,FALSE
20070106,"2007-01-06 12:00:00","2007-01-06 12:00:00",2007,1,6,-1.222,3.889,0.556,4.064,NA,NA,FALSE,FALSE
20070107,"2007-01-07 12:00:00","2007-01-07 12:00:00",2007,1,7,-1.611,3.389,2.167,0.508,NA,NA,FALSE,FALSE
20070108,"2007-01-08 12:00:00","2007-01-08 12:00:00",2007,1,8,-1.722,4.389,0.611,0,NA,NA,FALSE,FALSE
20070109,"2007-01-09 12:00:00","2007-01-09 12:00:00",2007,1,9,-13.5,6.389,1.222,0,NA,NA,FALSE,FALSE
20070110,"2007-01-10 12:00:00","2007-01-10 12:00:00",2007,1,10,-2,7,1.444,0,NA,NA,FALSE,FALSE
20070111,"2007-01-11 12:00:00","2007-01-11 12:00:00",2007,1,11,-2.722,6.5,1.611,0,NA,NA,FALSE,FALSE
20070112,"2007-01-12 12:00:00","2007-01-12 12:00:00",2007,1,12,-1.111,5,0.611,0,NA,NA,FALSE,FALSE
20070113,"2007-01-13 12:00:00","2007-01-13 12:00:00",2007,1,13,-3.889,3,-1.111,0,NA,NA,FALSE,FALSE
20070114,"2007-01-14 12:00:00","2007-01-14 12:00:00",2007,1,14,-4.889,6.5,1.278,0,NA,NA,FALSE,FALSE
20070115,"2007-01-15 12:00:00","2007-01-15 12:00:00",2007,1,15,-2,9.111,4.222,0,NA,NA,FALSE,FALSE
20070116,"2007-01-16 12:00:00","2007-01-16 12:00:00",2007,1,16,1.722,7.5,4.278,NA,NA,NA,FALSE,FALSE
20070117,"2007-01-17 12:00:00","2007-01-17 12:00:00",2007,1,17,0.611,8.111,3.5,0,NA,NA,FALSE,FALSE
20070118,"2007-01-18 12:00:00","2007-01-18 12:00:00",2007,1,18,-3.222,8.111,1.611,0,NA,NA,FALSE,FALSE
20070119,"2007-01-19 12:00:00","2007-01-19 12:00:00",2007,1,19,-3.722,7.778,2.278,0,NA,NA,FALSE,FALSE
20070120,"2007-01-20 12:00:00","2007-01-20 12:00:00",2007,1,20,-1.722,7.889,2.111,0,NA,NA,FALSE,FALSE
20070121,"2007-01-21 12:00:00","2007-01-21 12:00:00",2007,1,21,-3,11.278,4,0,NA,NA,FALSE,FALSE
20070122,"2007-01-22 12:00:00","2007-01-22 12:00:00",2007,1,22,-0.778,8.111,3.278,0,NA,NA,FALSE,FALSE
20070123,"2007-01-23 12:00:00","2007-01-23 12:00:00",2007,1,23,-1.222,9.778,4.333,0,NA,NA,FALSE,FALSE
20070124,"2007-01-24 12:00:00","2007-01-24 12:00:00",2007,1,24,-2.722,8.611,2.778,0,NA,NA,FALSE,FALSE
20070125,"2007-01-25 12:00:00","2007-01-25 12:00:00",2007,1,25,-2.722,8.5,2.333,0,NA,NA,FALSE,FALSE
20070126,"2007-01-26 12:00:00","2007-01-26 12:00:00",2007,1,26,-1.722,2,1.222,4.572,NA,NA,FALSE,FALSE
20070127,"2007-01-27 12:00:00","2007-01-27 12:00:00",2007,1,27,-0.111,5.889,1.444,0.508,NA,NA,FALSE,FALSE
20070128,"2007-01-28 12:00:00","2007-01-28 12:00:00",2007,1,28,-3.222,3.889,0.056,1.016,NA,NA,FALSE,FALSE
20070129,"2007-01-29 12:00:00","2007-01-29 12:00:00",2007,1,29,-3.722,6.278,1.667,0,NA,NA,FALSE,FALSE
20070130,"2007-01-30 12:00:00","2007-01-30 12:00:00",2007,1,30,-1.611,6.111,0.722,0.254,NA,NA,FALSE,FALSE
20070131,"2007-01-31 12:00:00","2007-01-31 12:00:00",2007,1,31,-3.111,4.722,0.778,NA,NA,NA,FALSE,FALSE
20070201,"2007-02-01 12:00:00","2007-02-01 12:00:00",2007,2,1,-3.889,1.222,-1.833,0.508,NA,NA,FALSE,FALSE
20070202,"2007-02-02 12:00:00","2007-02-02 12:00:00",2007,2,2,-4.722,1,-2.056,0.508,NA,NA,FALSE,FALSE
20070203,"2007-02-03 12:00:00","2007-02-03 12:00:00",2007,2,3,-4.111,9.278,4.056,0,NA,NA,FALSE,FALSE
20070204,"2007-02-04 12:00:00","2007-02-04 12:00:00",2007,2,4,-0.722,12.611,5.056,0,NA,NA,FALSE,FALSE
20070205,"2007-02-05 12:00:00","2007-02-05 12:00:00",2007,2,5,-0.778,13.389,6.778,0,NA,NA,FALSE,FALSE
20070206,"2007-02-06 12:00:00","2007-02-06 12:00:00",2007,2,6,2.5,16.611,9.333,0,NA,NA,FALSE,FALSE
20070207,"2007-02-07 12:00:00","2007-02-07 12:00:00",2007,2,7,2.111,17.222,10.722,NA,NA,NA,FALSE,FALSE
20070208,"2007-02-08 12:00:00","2007-02-08 12:00:00",2007,2,8,5.722,11.611,9.167,20.574,NA,NA,FALSE,FALSE
20070209,"2007-02-09 12:00:00","2007-02-09 12:00:00",2007,2,9,2.611,8.222,5.5,8.382,NA,NA,FALSE,FALSE
20070210,"2007-02-10 12:00:00","2007-02-10 12:00:00",2007,2,10,2.111,9.389,4.556,0,NA,NA,FALSE,FALSE
20070211,"2007-02-11 12:00:00","2007-02-11 12:00:00",2007,2,11,-2.222,8.389,2.556,0,NA,NA,FALSE,FALSE
20070212,"2007-02-12 12:00:00","2007-02-12 12:00:00",2007,2,12,-2.611,11,4.333,0,NA,NA,FALSE,FALSE
20070213,"2007-02-13 12:00:00","2007-02-13 12:00:00",2007,2,13,0.111,11.222,7.778,32.004,NA,NA,FALSE,FALSE
20070214,"2007-02-14 12:00:00","2007-02-14 12:00:00",2007,2,14,-0.222,10.5,1.889,17.526,NA,NA,FALSE,FALSE
20070215,"2007-02-15 12:00:00","2007-02-15 12:00:00",2007,2,15,-0.778,6.778,2.611,0,NA,NA,FALSE,FALSE
20070216,"2007-02-16 12:00:00","2007-02-16 12:00:00",2007,2,16,-0.222,12.278,7.167,NA,NA,NA,FALSE,FALSE
20070217,"2007-02-17 12:00:00","2007-02-17 12:00:00",2007,2,17,4.611,6.889,5.667,7.874,NA,NA,FALSE,FALSE
20070218,"2007-02-18 12:00:00","2007-02-18 12:00:00",2007,2,18,0.611,14.222,6.333,6.096,NA,NA,FALSE,FALSE
20070219,"2007-02-19 12:00:00","2007-02-19 12:00:00",2007,2,19,-0.389,12.5,5,0,NA,NA,FALSE,FALSE
20070220,"2007-02-20 12:00:00","2007-02-20 12:00:00",2007,2,20,-1.222,14.389,6.278,0,NA,NA,FALSE,FALSE
20070221,"2007-02-21 12:00:00","2007-02-21 12:00:00",2007,2,21,0.389,16.389,8.056,0,NA,NA,FALSE,FALSE
20070222,"2007-02-22 12:00:00","2007-02-22 12:00:00",2007,2,22,1.889,15.611,9.333,0,NA,NA,FALSE,FALSE
20070223,"2007-02-23 12:00:00","2007-02-23 12:00:00",2007,2,23,0.222,10.111,4.611,0,NA,NA,FALSE,FALSE
20070224,"2007-02-24 12:00:00","2007-02-24 12:00:00",2007,2,24,-0.722,13.222,8.056,NA,NA,NA,FALSE,FALSE
20070225,"2007-02-25 12:00:00","2007-02-25 12:00:00",2007,2,25,3.5,13.722,8,0,NA,NA,FALSE,FALSE
20070226,"2007-02-26 12:00:00","2007-02-26 12:00:00",2007,2,26,2.389,15.5,8.611,0,NA,NA,FALSE,FALSE
20070227,"2007-02-27 12:00:00","2007-02-27 12:00:00",2007,2,27,2.222,15.722,8.944,0,NA,NA,FALSE,FALSE
20070228,"2007-02-28 12:00:00","2007-02-28 12:00:00",2007,2,28,3.389,15.389,9.444,0,NA,NA,FALSE,FALSE
20070301,"2007-03-01 12:00:00","2007-03-01 12:00:00",2007,3,1,3.222,17.278,11.833,NA,NA,NA,FALSE,FALSE
20070302,"2007-03-02 12:00:00","2007-03-02 12:00:00",2007,3,2,8.389,14.111,12.222,21.082,NA,NA,FALSE,FALSE
20070303,"2007-03-03 12:00:00","2007-03-03 12:00:00",2007,3,3,11.778,17.722,15.056,4.572,NA,NA,FALSE,FALSE
20070304,"2007-03-04 12:00:00","2007-03-04 12:00:00",2007,3,4,2.889,17.111,11,35.052,NA,NA,FALSE,FALSE
20070305,"2007-03-05 12:00:00","2007-03-05 12:00:00",2007,3,5,-3,1.889,-0.944,2.54,NA,NA,FALSE,FALSE
20070306,"2007-03-06 12:00:00","2007-03-06 12:00:00",2007,3,6,-3.611,2,-1.5,0,NA,NA,FALSE,FALSE
20070307,"2007-03-07 12:00:00","2007-03-07 12:00:00",2007,3,7,-2.389,4.111,0.556,0.508,NA,NA,FALSE,FALSE
20070308,"2007-03-08 12:00:00","2007-03-08 12:00:00",2007,3,8,-1,8.278,3.389,0.508,NA,NA,FALSE,FALSE
20070309,"2007-03-09 12:00:00","2007-03-09 12:00:00",2007,3,9,-0.722,11.778,6,0,NA,NA,FALSE,FALSE
20070310,"2007-03-10 12:00:00","2007-03-10 12:00:00",2007,3,10,-2.611,12.5,3.333,0,NA,NA,FALSE,FALSE
20070311,"2007-03-11 12:00:00","2007-03-11 12:00:00",2007,3,11,-3.389,6.5,2.389,0.254,NA,NA,FALSE,FALSE
20070312,"2007-03-12 12:00:00","2007-03-12 12:00:00",2007,3,12,0.889,10.722,5.444,0.254,NA,NA,FALSE,FALSE
20070313,"2007-03-13 12:00:00","2007-03-13 12:00:00",2007,3,13,1.778,12.111,6.944,0,NA,NA,FALSE,FALSE
20070314,"2007-03-14 12:00:00","2007-03-14 12:00:00",2007,3,14,2.778,13.278,9.389,0,NA,NA,FALSE,FALSE
20070315,"2007-03-15 12:00:00","2007-03-15 12:00:00",2007,3,15,6.111,15.278,9,0,NA,NA,FALSE,FALSE
20070316,"2007-03-16 12:00:00","2007-03-16 12:00:00",2007,3,16,2.611,14.111,7.667,0,NA,NA,FALSE,FALSE
20070317,"2007-03-17 12:00:00","2007-03-17 12:00:00",2007,3,17,2.5,14.222,8.278,0,NA,NA,FALSE,FALSE
20070318,"2007-03-18 12:00:00","2007-03-18 12:00:00",2007,3,18,1.778,13.222,6.444,0,NA,NA,FALSE,FALSE
20070319,"2007-03-19 12:00:00","2007-03-19 12:00:00",2007,3,19,1.611,12.5,7.222,0,NA,NA,FALSE,FALSE
20070320,"2007-03-20 12:00:00","2007-03-20 12:00:00",2007,3,20,2.222,13.778,7.111,0,NA,NA,FALSE,FALSE
20070321,"2007-03-21 12:00:00","2007-03-21 12:00:00",2007,3,21,1.611,15.389,8.556,0,NA,NA,FALSE,FALSE
20070322,"2007-03-22 12:00:00","2007-03-22 12:00:00",2007,3,22,3.222,17.778,10.333,0,NA,NA,FALSE,FALSE
20070323,"2007-03-23 12:00:00","2007-03-23 12:00:00",2007,3,23,3.611,21.111,13.778,0,NA,NA,FALSE,FALSE
20070324,"2007-03-24 12:00:00","2007-03-24 12:00:00",2007,3,24,7.222,13.5,9.889,21.082,NA,NA,FALSE,FALSE
20070325,"2007-03-25 12:00:00","2007-03-25 12:00:00",2007,3,25,4.222,17.111,10.167,1.524,NA,NA,FALSE,FALSE
20070326,"2007-03-26 12:00:00","2007-03-26 12:00:00",2007,3,26,4,20.611,14.333,0,NA,NA,FALSE,FALSE
20070327,"2007-03-27 12:00:00","2007-03-27 12:00:00",2007,3,27,5.389,17.389,11.111,0,NA,NA,FALSE,FALSE
20070328,"2007-03-28 12:00:00","2007-03-28 12:00:00",2007,3,28,4.722,19,12.556,0,NA,NA,FALSE,FALSE
20070329,"2007-03-29 12:00:00","2007-03-29 12:00:00",2007,3,29,8.389,21.889,13.278,11.938,NA,NA,FALSE,FALSE
20070330,"2007-03-30 12:00:00","2007-03-30 12:00:00",2007,3,30,8.111,20.222,14.333,0,NA,NA,FALSE,FALSE
20070331,"2007-03-31 12:00:00","2007-03-31 12:00:00",2007,3,31,7.111,15.111,11.278,1.016,NA,NA,FALSE,FALSE
20070401,"2007-04-01 12:00:00","2007-04-01 12:00:00",2007,4,1,6.278,12.778,9.5,0.508,NA,NA,FALSE,FALSE
20070402,"2007-04-02 12:00:00","2007-04-02 12:00:00",2007,4,2,4.611,11,7.167,0,NA,NA,FALSE,FALSE
20070403,"2007-04-03 12:00:00","2007-04-03 12:00:00",2007,4,3,4,10.278,7,0,NA,NA,FALSE,FALSE
20070404,"2007-04-04 12:00:00","2007-04-04 12:00:00",2007,4,4,2,11.111,6.833,0,NA,NA,FALSE,FALSE
20070405,"2007-04-05 12:00:00","2007-04-05 12:00:00",2007,4,5,1.722,16.778,10.056,0,NA,NA,FALSE,FALSE
20070406,"2007-04-06 12:00:00","2007-04-06 12:00:00",2007,4,6,5.389,18.278,11.111,0,NA,NA,FALSE,FALSE
20070407,"2007-04-07 12:00:00","2007-04-07 12:00:00",2007,4,7,5.278,17.611,11.167,0,NA,NA,FALSE,FALSE
20070408,"2007-04-08 12:00:00","2007-04-08 12:00:00",2007,4,8,3.722,16.889,10,0,NA,NA,FALSE,FALSE
20070409,"2007-04-09 12:00:00","2007-04-09 12:00:00",2007,4,9,3.5,17.778,10.833,0,NA,NA,FALSE,FALSE
20070410,"2007-04-10 12:00:00","2007-04-10 12:00:00",2007,4,10,5.222,21.222,12.056,0,NA,NA,FALSE,FALSE
20070411,"2007-04-11 12:00:00","2007-04-11 12:00:00",2007,4,11,5.611,21.389,14.056,0,NA,NA,FALSE,FALSE
20070412,"2007-04-12 12:00:00","2007-04-12 12:00:00",2007,4,12,8.222,23.889,16.944,0,NA,NA,FALSE,FALSE
20070413,"2007-04-13 12:00:00","2007-04-13 12:00:00",2007,4,13,5.389,16,9.611,13.97,NA,NA,FALSE,FALSE
20070414,"2007-04-14 12:00:00","2007-04-14 12:00:00",2007,4,14,5.111,19.778,12.278,0,NA,NA,FALSE,FALSE
20070415,"2007-04-15 12:00:00","2007-04-15 12:00:00",2007,4,15,5.778,19.611,12.556,0,NA,NA,FALSE,FALSE
20070416,"2007-04-16 12:00:00","2007-04-16 12:00:00",2007,4,16,5.5,11.5,8.278,18.542,NA,NA,FALSE,FALSE
20070417,"2007-04-17 12:00:00","2007-04-17 12:00:00",2007,4,17,5.389,13.389,9.278,1.016,NA,NA,FALSE,FALSE
20070418,"2007-04-18 12:00:00","2007-04-18 12:00:00",2007,4,18,5.222,17.389,11.056,0,NA,NA,FALSE,FALSE
20070419,"2007-04-19 12:00:00","2007-04-19 12:00:00",2007,4,19,4.889,20.389,14.278,0,NA,NA,FALSE,FALSE
20070420,"2007-04-20 12:00:00","2007-04-20 12:00:00",2007,4,20,11.389,21.722,17.333,0,NA,NA,FALSE,FALSE
20070421,"2007-04-21 12:00:00","2007-04-21 12:00:00",2007,4,21,14.222,21.722,18.889,NA,NA,NA,FALSE,FALSE
20070422,"2007-04-22 12:00:00","2007-04-22 12:00:00",2007,4,22,8.889,19,13.111,0.254,NA,NA,FALSE,FALSE
20070423,"2007-04-23 12:00:00","2007-04-23 12:00:00",2007,4,23,8.778,21.778,14.278,0,NA,NA,FALSE,FALSE
20070424,"2007-04-24 12:00:00","2007-04-24 12:00:00",2007,4,24,9.5,18.222,12.833,0,NA,NA,FALSE,FALSE
20070425,"2007-04-25 12:00:00","2007-04-25 12:00:00",2007,4,25,9.111,20.5,14.5,0,NA,NA,FALSE,FALSE
20070426,"2007-04-26 12:00:00","2007-04-26 12:00:00",2007,4,26,9.778,23.222,17.056,0,NA,NA,FALSE,FALSE
20070427,"2007-04-27 12:00:00","2007-04-27 12:00:00",2007,4,27,8.611,24.778,15.556,0,NA,NA,FALSE,FALSE
20070428,"2007-04-28 12:00:00","2007-04-28 12:00:00",2007,4,28,7.222,23.278,15,0,NA,NA,FALSE,FALSE
20070429,"2007-04-29 12:00:00","2007-04-29 12:00:00",2007,4,29,7,25.778,17.444,0,NA,NA,FALSE,FALSE
20070430,"2007-04-30 12:00:00","2007-04-30 12:00:00",2007,4,30,11.722,19.778,15.222,5.08,NA,NA,FALSE,FALSE
20070501,"2007-05-01 12:00:00","2007-05-01 12:00:00",2007,5,1,10.222,13.889,12.111,5.08,NA,NA,FALSE,FALSE
20070502,"2007-05-02 12:00:00","2007-05-02 12:00:00",2007,5,2,10.111,22.389,15.889,2.032,NA,NA,FALSE,FALSE
20070503,"2007-05-03 12:00:00","2007-05-03 12:00:00",2007,5,3,11,22.611,17.778,0,NA,NA,FALSE,FALSE
20070504,"2007-05-04 12:00:00","2007-05-04 12:00:00",2007,5,4,13.389,26.778,19.556,0,NA,NA,FALSE,FALSE
20070505,"2007-05-05 12:00:00","2007-05-05 12:00:00",2007,5,5,12.889,28.222,20.667,NA,NA,NA,FALSE,FALSE
20070506,"2007-05-06 12:00:00","2007-05-06 12:00:00",2007,5,6,12.389,20.778,16.111,45.466,NA,NA,FALSE,FALSE
20070507,"2007-05-07 12:00:00","2007-05-07 12:00:00",2007,5,7,12.222,26.5,19.389,0.508,NA,NA,FALSE,FALSE
20070508,"2007-05-08 12:00:00","2007-05-08 12:00:00",2007,5,8,12.222,27.278,19.611,0,NA,NA,FALSE,FALSE
20070509,"2007-05-09 12:00:00","2007-05-09 12:00:00",2007,5,9,11.722,24.778,16.889,12.446,NA,NA,FALSE,FALSE
20070510,"2007-05-10 12:00:00","2007-05-10 12:00:00",2007,5,10,10.722,22.778,15.889,0.508,NA,NA,FALSE,FALSE
20070511,"2007-05-11 12:00:00","2007-05-11 12:00:00",2007,5,11,10,26.778,20.222,0,NA,NA,FALSE,FALSE
20070512,"2007-05-12 12:00:00","2007-05-12 12:00:00",2007,5,12,10.222,16.222,14.111,14.478,NA,NA,FALSE,FALSE
20070513,"2007-05-13 12:00:00","2007-05-13 12:00:00",2007,5,13,10.222,24.111,18.222,9.398,NA,NA,FALSE,FALSE
20070514,"2007-05-14 12:00:00","2007-05-14 12:00:00",2007,5,14,14.611,24.889,18.778,0,NA,NA,FALSE,FALSE
20070515,"2007-05-15 12:00:00","2007-05-15 12:00:00",2007,5,15,14.389,26.722,21.167,0,NA,NA,FALSE,FALSE
20070516,"2007-05-16 12:00:00","2007-05-16 12:00:00",2007,5,16,13.778,21,16.056,9.398,NA,NA,FALSE,FALSE
20070517,"2007-05-17 12:00:00","2007-05-17 12:00:00",2007,5,17,13.722,23.5,18.944,1.016,NA,NA,FALSE,FALSE
20070518,"2007-05-18 12:00:00","2007-05-18 12:00:00",2007,5,18,13,20,15.722,0,NA,NA,FALSE,FALSE
20070519,"2007-05-19 12:00:00","2007-05-19 12:00:00",2007,5,19,11.278,23.778,16.944,0,NA,NA,FALSE,FALSE
20070520,"2007-05-20 12:00:00","2007-05-20 12:00:00",2007,5,20,11.278,25.889,18.722,0,NA,NA,FALSE,FALSE
20070521,"2007-05-21 12:00:00","2007-05-21 12:00:00",2007,5,21,12,24.278,18.444,0,NA,NA,FALSE,FALSE
20070522,"2007-05-22 12:00:00","2007-05-22 12:00:00",2007,5,22,11.889,28.278,21.111,0,NA,NA,FALSE,FALSE
20070523,"2007-05-23 12:00:00","2007-05-23 12:00:00",2007,5,23,15.5,26.5,22.222,34.544,NA,NA,FALSE,FALSE
20070524,"2007-05-24 12:00:00","2007-05-24 12:00:00",2007,5,24,17.389,25.611,20.667,22.098,NA,NA,FALSE,FALSE
20070525,"2007-05-25 12:00:00","2007-05-25 12:00:00",2007,5,25,16.222,26.278,20.944,5.588,NA,NA,FALSE,FALSE
20070526,"2007-05-26 12:00:00","2007-05-26 12:00:00",2007,5,26,15.722,28.778,23.167,0,NA,NA,FALSE,FALSE
20070527,"2007-05-27 12:00:00","2007-05-27 12:00:00",2007,5,27,16.722,28.611,22.833,0,NA,NA,FALSE,FALSE
20070528,"2007-05-28 12:00:00","2007-05-28 12:00:00",2007,5,28,16.611,28,22.056,0,NA,NA,FALSE,FALSE
20070529,"2007-05-29 12:00:00","2007-05-29 12:00:00",2007,5,29,15.111,27.278,20.389,0,NA,NA,FALSE,FALSE
20070530,"2007-05-30 12:00:00","2007-05-30 12:00:00",2007,5,30,14.611,25.222,19.5,0,NA,NA,FALSE,FALSE
20070531,"2007-05-31 12:00:00","2007-05-31 12:00:00",2007,5,31,15.222,28.778,21.333,0,NA,NA,FALSE,FALSE
20070601,"2007-06-01 12:00:00","2007-06-01 12:00:00",2007,6,1,17.278,21.222,18.833,0,NA,NA,FALSE,FALSE
20070602,"2007-06-02 12:00:00","2007-06-02 12:00:00",2007,6,2,17.222,23.5,20.222,0,NA,NA,FALSE,FALSE
20070603,"2007-06-03 12:00:00","2007-06-03 12:00:00",2007,6,3,16.722,27.389,22.722,0,NA,NA,FALSE,FALSE
20070604,"2007-06-04 12:00:00","2007-06-04 12:00:00",2007,6,4,17.722,28.111,22.833,0,NA,NA,FALSE,FALSE
20070605,"2007-06-05 12:00:00","2007-06-05 12:00:00",2007,6,5,19,27.5,23.278,0,NA,NA,FALSE,FALSE
20070606,"2007-06-06 12:00:00","2007-06-06 12:00:00",2007,6,6,19,27.278,22.444,NA,NA,NA,FALSE,FALSE
20070607,"2007-06-07 12:00:00","2007-06-07 12:00:00",2007,6,7,18.389,29.222,22.556,0,NA,NA,FALSE,FALSE
20070608,"2007-06-08 12:00:00","2007-06-08 12:00:00",2007,6,8,18.389,29,22.278,NA,NA,NA,FALSE,FALSE
20070609,"2007-06-09 12:00:00","2007-06-09 12:00:00",2007,6,9,16.778,27.889,21.722,0,NA,NA,FALSE,FALSE
20070610,"2007-06-10 12:00:00","2007-06-10 12:00:00",2007,6,10,16.5,28.778,21.889,0,NA,NA,FALSE,FALSE
20070611,"2007-06-11 12:00:00","2007-06-11 12:00:00",2007,6,11,17.278,29.389,23.889,0,NA,NA,FALSE,FALSE
20070612,"2007-06-12 12:00:00","2007-06-12 12:00:00",2007,6,12,19.389,30.389,24.5,0,NA,NA,FALSE,FALSE
20070613,"2007-06-13 12:00:00","2007-06-13 12:00:00",2007,6,13,17.611,26.111,20.833,1.016,NA,NA,FALSE,FALSE
20070614,"2007-06-14 12:00:00","2007-06-14 12:00:00",2007,6,14,17.389,22.389,20.444,4.064,NA,NA,FALSE,FALSE
20070615,"2007-06-15 12:00:00","2007-06-15 12:00:00",2007,6,15,18.611,26.222,21.833,0,NA,NA,FALSE,FALSE
20070616,"2007-06-16 12:00:00","2007-06-16 12:00:00",2007,6,16,17.778,31.111,23.389,0,NA,NA,FALSE,FALSE
20070617,"2007-06-17 12:00:00","2007-06-17 12:00:00",2007,6,17,19.278,27.722,22.444,1.524,NA,NA,FALSE,FALSE
20070618,"2007-06-18 12:00:00","2007-06-18 12:00:00",2007,6,18,19.111,28.778,23.389,0,NA,NA,FALSE,FALSE
20070619,"2007-06-19 12:00:00","2007-06-19 12:00:00",2007,6,19,18.611,33.111,24.556,0,NA,NA,FALSE,FALSE
20070620,"2007-06-20 12:00:00","2007-06-20 12:00:00",2007,6,20,20.222,30,25.5,0,NA,NA,FALSE,FALSE
20070621,"2007-06-21 12:00:00","2007-06-21 12:00:00",2007,6,21,21.611,27.278,23.833,3.048,NA,NA,FALSE,FALSE
20070622,"2007-06-22 12:00:00","2007-06-22 12:00:00",2007,6,22,19.389,22.889,21.5,11.938,NA,NA,FALSE,FALSE
20070623,"2007-06-23 12:00:00","2007-06-23 12:00:00",2007,6,23,20.222,23.278,22.222,9.398,NA,NA,FALSE,FALSE
20070624,"2007-06-24 12:00:00","2007-06-24 12:00:00",2007,6,24,19.611,24.278,21.556,7.874,NA,NA,FALSE,FALSE
20070625,"2007-06-25 12:00:00","2007-06-25 12:00:00",2007,6,25,19.389,23.722,22.5,7.112,NA,NA,FALSE,FALSE
20070626,"2007-06-26 12:00:00","2007-06-26 12:00:00",2007,6,26,21.5,29.889,24.889,0,NA,NA,FALSE,FALSE
20070627,"2007-06-27 12:00:00","2007-06-27 12:00:00",2007,6,27,21.278,30.111,26.444,0,NA,NA,FALSE,FALSE
20070628,"2007-06-28 12:00:00","2007-06-28 12:00:00",2007,6,28,23.5,28.389,25.167,1.016,NA,NA,FALSE,FALSE
20070629,"2007-06-29 12:00:00","2007-06-29 12:00:00",2007,6,29,20.5,29.722,24.278,0.508,NA,NA,FALSE,FALSE
20070630,"2007-06-30 12:00:00","2007-06-30 12:00:00",2007,6,30,20.389,31.778,24.778,2.032,NA,NA,FALSE,FALSE
20070701,"2007-07-01 12:00:00","2007-07-01 12:00:00",2007,7,1,20.278,22.889,21.889,90.932,NA,NA,FALSE,FALSE
20070702,"2007-07-02 12:00:00","2007-07-02 12:00:00",2007,7,2,21.222,28.611,24.222,2.54,NA,NA,FALSE,FALSE
20070703,"2007-07-03 12:00:00","2007-07-03 12:00:00",2007,7,3,19.722,26.111,22.778,0.254,NA,NA,FALSE,FALSE
20070704,"2007-07-04 12:00:00","2007-07-04 12:00:00",2007,7,4,19.611,28.278,23.111,58.42,NA,NA,FALSE,FALSE
20070705,"2007-07-05 12:00:00","2007-07-05 12:00:00",2007,7,5,20.389,27.278,23.944,0.254,NA,NA,FALSE,FALSE
20070706,"2007-07-06 12:00:00","2007-07-06 12:00:00",2007,7,6,21.278,25.278,23,1.524,NA,NA,FALSE,FALSE
20070707,"2007-07-07 12:00:00","2007-07-07 12:00:00",2007,7,7,21.5,30.889,25.389,0.508,NA,NA,FALSE,FALSE
20070708,"2007-07-08 12:00:00","2007-07-08 12:00:00",2007,7,8,21.778,29.278,24.833,0,NA,NA,FALSE,FALSE
20070709,"2007-07-09 12:00:00","2007-07-09 12:00:00",2007,7,9,21.222,24.222,22.5,33.02,NA,NA,FALSE,FALSE
20070710,"2007-07-10 12:00:00","2007-07-10 12:00:00",2007,7,10,20.5,23.278,21.889,4.572,NA,NA,FALSE,FALSE
20070711,"2007-07-11 12:00:00","2007-07-11 12:00:00",2007,7,11,20.5,26.889,24,0.508,NA,NA,FALSE,FALSE
20070712,"2007-07-12 12:00:00","2007-07-12 12:00:00",2007,7,12,21.111,31.222,26,0,NA,NA,FALSE,FALSE
20070713,"2007-07-13 12:00:00","2007-07-13 12:00:00",2007,7,13,22,29.722,23.833,6.096,NA,NA,FALSE,FALSE
20070714,"2007-07-14 12:00:00","2007-07-14 12:00:00",2007,7,14,22,29.222,25.833,6.096,NA,NA,FALSE,FALSE
20070715,"2007-07-15 12:00:00","2007-07-15 12:00:00",2007,7,15,21.778,28.889,24.722,0,NA,NA,FALSE,FALSE
20070716,"2007-07-16 12:00:00","2007-07-16 12:00:00",2007,7,16,20.111,23.611,21.278,3.048,NA,NA,FALSE,FALSE
20070717,"2007-07-17 12:00:00","2007-07-17 12:00:00",2007,7,17,19.778,26.889,23.278,1.016,NA,NA,FALSE,FALSE
20070718,"2007-07-18 12:00:00","2007-07-18 12:00:00",2007,7,18,20.111,31.389,27.111,0,NA,NA,FALSE,FALSE
20070719,"2007-07-19 12:00:00","2007-07-19 12:00:00",2007,7,19,23.778,30.889,26,27.94,NA,NA,FALSE,FALSE
20070720,"2007-07-20 12:00:00","2007-07-20 12:00:00",2007,7,20,22.611,27,24.222,2.032,NA,NA,FALSE,FALSE
20070721,"2007-07-21 12:00:00","2007-07-21 12:00:00",2007,7,21,20.111,26.111,22.5,2.032,NA,NA,FALSE,FALSE
20070722,"2007-07-22 12:00:00","2007-07-22 12:00:00",2007,7,22,19.778,29.5,25.056,0,NA,NA,FALSE,FALSE
20070723,"2007-07-23 12:00:00","2007-07-23 12:00:00",2007,7,23,21.778,30.278,26.611,0,NA,NA,FALSE,FALSE
20070724,"2007-07-24 12:00:00","2007-07-24 12:00:00",2007,7,24,24,32.111,27.889,0,NA,NA,FALSE,FALSE
20070725,"2007-07-25 12:00:00","2007-07-25 12:00:00",2007,7,25,25.889,31.278,28.056,0,NA,NA,FALSE,FALSE
20070726,"2007-07-26 12:00:00","2007-07-26 12:00:00",2007,7,26,25.5,33.611,28.778,0,NA,NA,FALSE,FALSE
20070727,"2007-07-27 12:00:00","2007-07-27 12:00:00",2007,7,27,25.389,32.611,28.389,0,NA,NA,FALSE,FALSE
20070728,"2007-07-28 12:00:00","2007-07-28 12:00:00",2007,7,28,25,33.611,28.278,0,NA,NA,FALSE,FALSE
20070729,"2007-07-29 12:00:00","2007-07-29 12:00:00",2007,7,29,24.222,32.5,28,NA,NA,NA,FALSE,FALSE
20070730,"2007-07-30 12:00:00","2007-07-30 12:00:00",2007,7,30,24.111,32.222,27.667,0,NA,NA,FALSE,FALSE
20070731,"2007-07-31 12:00:00","2007-07-31 12:00:00",2007,7,31,24.111,31.889,27.722,0,NA,NA,FALSE,FALSE
20070801,"2007-08-01 12:00:00","2007-08-01 12:00:00",2007,8,1,25.389,33.278,29.111,0,NA,NA,FALSE,FALSE
20070802,"2007-08-02 12:00:00","2007-08-02 12:00:00",2007,8,2,25.5,33.722,29.611,0,NA,NA,FALSE,FALSE
20070803,"2007-08-03 12:00:00","2007-08-03 12:00:00",2007,8,3,25.5,34,29.444,0,NA,NA,FALSE,FALSE
20070804,"2007-08-04 12:00:00","2007-08-04 12:00:00",2007,8,4,22.722,33.389,27.944,NA,NA,NA,FALSE,FALSE
20070805,"2007-08-05 12:00:00","2007-08-05 12:00:00",2007,8,5,21.889,27.389,23.833,47.498,NA,NA,FALSE,FALSE
20070806,"2007-08-06 12:00:00","2007-08-06 12:00:00",2007,8,6,21.722,26.889,24.278,19.05,NA,NA,FALSE,FALSE
20070807,"2007-08-07 12:00:00","2007-08-07 12:00:00",2007,8,7,25,30.889,27.167,2.54,NA,NA,FALSE,FALSE
20070808,"2007-08-08 12:00:00","2007-08-08 12:00:00",2007,8,8,24.778,32.389,28.5,22.606,NA,NA,FALSE,FALSE
20070809,"2007-08-09 12:00:00","2007-08-09 12:00:00",2007,8,9,26.5,32.389,28.667,10.922,NA,NA,FALSE,FALSE
20070810,"2007-08-10 12:00:00","2007-08-10 12:00:00",2007,8,10,26.222,32.722,28.889,10.922,NA,NA,FALSE,FALSE
20070811,"2007-08-11 12:00:00","2007-08-11 12:00:00",2007,8,11,24.722,31.222,28.222,0,NA,NA,FALSE,FALSE
20070812,"2007-08-12 12:00:00","2007-08-12 12:00:00",2007,8,12,24.722,28.778,25.944,58.928,NA,NA,FALSE,FALSE
20070813,"2007-08-13 12:00:00","2007-08-13 12:00:00",2007,8,13,25.722,29,26.389,16.002,NA,NA,FALSE,FALSE
20070814,"2007-08-14 12:00:00","2007-08-14 12:00:00",2007,8,14,23.889,28.111,25.611,22.606,NA,NA,FALSE,FALSE
20070815,"2007-08-15 12:00:00","2007-08-15 12:00:00",2007,8,15,23.389,31.389,27.389,0.508,NA,NA,FALSE,FALSE
20070816,"2007-08-16 12:00:00","2007-08-16 12:00:00",2007,8,16,24.111,33.389,28.5,0,NA,NA,FALSE,FALSE
20070817,"2007-08-17 12:00:00","2007-08-17 12:00:00",2007,8,17,24.389,34.278,28.611,0,NA,NA,FALSE,FALSE
20070818,"2007-08-18 12:00:00","2007-08-18 12:00:00",2007,8,18,23.778,33.278,27.611,0,NA,NA,FALSE,FALSE
20070819,"2007-08-19 12:00:00","2007-08-19 12:00:00",2007,8,19,23.722,32.778,27.944,0,NA,NA,FALSE,FALSE
20070820,"2007-08-20 12:00:00","2007-08-20 12:00:00",2007,8,20,24.778,33.111,27.444,1.016,NA,NA,FALSE,FALSE
20070821,"2007-08-21 12:00:00","2007-08-21 12:00:00",2007,8,21,24.5,32.222,27.778,NA,NA,NA,FALSE,FALSE
20070822,"2007-08-22 12:00:00","2007-08-22 12:00:00",2007,8,22,23.778,31.278,25.944,15.494,NA,NA,FALSE,FALSE
20070823,"2007-08-23 12:00:00","2007-08-23 12:00:00",2007,8,23,23.722,33.111,27.444,11.938,NA,NA,FALSE,FALSE
20070824,"2007-08-24 12:00:00","2007-08-24 12:00:00",2007,8,24,23.778,32.222,27.944,0,NA,NA,FALSE,FALSE
20070825,"2007-08-25 12:00:00","2007-08-25 12:00:00",2007,8,25,23.5,32.611,27.889,0.254,NA,NA,FALSE,FALSE
20070826,"2007-08-26 12:00:00","2007-08-26 12:00:00",2007,8,26,24.389,32.222,27.722,0,NA,NA,FALSE,FALSE
20070827,"2007-08-27 12:00:00","2007-08-27 12:00:00",2007,8,27,24.889,31.778,27.333,0,NA,NA,FALSE,FALSE
20070828,"2007-08-28 12:00:00","2007-08-28 12:00:00",2007,8,28,23.8055,28.4445,NA,NA,NA,NA,TRUE,TRUE
20070829,"2007-08-29 12:00:00","2007-08-29 12:00:00",2007,8,29,22.722,25.111,23.556,89.916,NA,NA,FALSE,FALSE
20070830,"2007-08-30 12:00:00","2007-08-30 12:00:00",2007,8,30,19.722,23.5,21,11.43,NA,NA,FALSE,FALSE
20070831,"2007-08-31 12:00:00","2007-08-31 12:00:00",2007,8,31,18.222,24.389,21.111,0.508,NA,NA,FALSE,FALSE
20070901,"2007-09-01 12:00:00","2007-09-01 12:00:00",2007,9,1,13.389,19.5,18.556,67.056,NA,NA,FALSE,FALSE
20070902,"2007-09-02 12:00:00","2007-09-02 12:00:00",2007,9,2,20,21.889,20.5,6.096,NA,NA,FALSE,FALSE
20070903,"2007-09-03 12:00:00","2007-09-03 12:00:00",2007,9,3,19.778,26.722,23.444,0.254,NA,NA,FALSE,FALSE
20070904,"2007-09-04 12:00:00","2007-09-04 12:00:00",2007,9,4,19.111,23,20.389,21.082,NA,NA,FALSE,FALSE
20070905,"2007-09-05 12:00:00","2007-09-05 12:00:00",2007,9,5,18.778,20.222,19.778,123.952,NA,NA,FALSE,FALSE
20070906,"2007-09-06 12:00:00","2007-09-06 12:00:00",2007,9,6,19,20.611,19.611,54.102,NA,NA,FALSE,FALSE
20070907,"2007-09-07 12:00:00","2007-09-07 12:00:00",2007,9,7,17.889,23.611,20.444,1.016,NA,NA,FALSE,FALSE
20070908,"2007-09-08 12:00:00","2007-09-08 12:00:00",2007,9,8,17.778,27,22.222,0,NA,NA,FALSE,FALSE
20070909,"2007-09-09 12:00:00","2007-09-09 12:00:00",2007,9,9,17.722,28.222,22.778,0,NA,NA,FALSE,FALSE
20070910,"2007-09-10 12:00:00","2007-09-10 12:00:00",2007,9,10,17.278,30.222,23.111,0,NA,NA,FALSE,FALSE
20070911,"2007-09-11 12:00:00","2007-09-11 12:00:00",2007,9,11,17.889,29.722,22.889,0,NA,NA,FALSE,FALSE
20070912,"2007-09-12 12:00:00","2007-09-12 12:00:00",2007,9,12,17.611,29.889,24,0,NA,NA,FALSE,FALSE
20070913,"2007-09-13 12:00:00","2007-09-13 12:00:00",2007,9,13,19.611,29.389,23.778,NA,NA,NA,FALSE,FALSE
20070914,"2007-09-14 12:00:00","2007-09-14 12:00:00",2007,9,14,20.5,25,23.333,37.084,NA,NA,FALSE,FALSE
20070915,"2007-09-15 12:00:00","2007-09-15 12:00:00",2007,9,15,21.278,24.389,22.333,102.108,NA,NA,FALSE,FALSE
20070916,"2007-09-16 12:00:00","2007-09-16 12:00:00",2007,9,16,19.111,22.389,21.167,48.006,NA,NA,FALSE,FALSE
20070917,"2007-09-17 12:00:00","2007-09-17 12:00:00",2007,9,17,19,30.111,24.667,0,NA,NA,FALSE,FALSE
20070918,"2007-09-18 12:00:00","2007-09-18 12:00:00",2007,9,18,21.778,28.722,26.111,1.524,NA,NA,FALSE,FALSE
20070919,"2007-09-19 12:00:00","2007-09-19 12:00:00",2007,9,19,25,30.5,27.278,4.064,NA,NA,FALSE,FALSE
20070920,"2007-09-20 12:00:00","2007-09-20 12:00:00",2007,9,20,23.278,31.278,27.111,4.064,NA,NA,FALSE,FALSE
20070921,"2007-09-21 12:00:00","2007-09-21 12:00:00",2007,9,21,21.278,29.611,23.778,0.508,NA,NA,FALSE,FALSE
20070922,"2007-09-22 12:00:00","2007-09-22 12:00:00",2007,9,22,20.111,28.389,23.389,6.604,NA,NA,FALSE,FALSE
20070923,"2007-09-23 12:00:00","2007-09-23 12:00:00",2007,9,23,19.611,22.222,20.444,8.89,NA,NA,FALSE,FALSE
20070924,"2007-09-24 12:00:00","2007-09-24 12:00:00",2007,9,24,19.5,24.722,21.111,8.89,NA,NA,FALSE,FALSE
20070925,"2007-09-25 12:00:00","2007-09-25 12:00:00",2007,9,25,19.389,28.722,23.944,0,NA,NA,FALSE,FALSE
20070926,"2007-09-26 12:00:00","2007-09-26 12:00:00",2007,9,26,19.611,28,23.389,0,NA,NA,FALSE,FALSE
20070927,"2007-09-27 12:00:00","2007-09-27 12:00:00",2007,9,27,19.611,28,24.056,NA,NA,NA,FALSE,FALSE
20070928,"2007-09-28 12:00:00","2007-09-28 12:00:00",2007,9,28,15.222,22.722,17.944,1.016,NA,NA,FALSE,FALSE
20070929,"2007-09-29 12:00:00","2007-09-29 12:00:00",2007,9,29,15.222,24.889,19.889,0,NA,NA,FALSE,FALSE
20070930,"2007-09-30 12:00:00","2007-09-30 12:00:00",2007,9,30,17.611,23.111,19.111,0,NA,NA,FALSE,FALSE
20071001,"2007-10-01 12:00:00","2007-10-01 12:00:00",2007,10,1,15.889,24.889,19.556,0,NA,NA,FALSE,FALSE
20071002,"2007-10-02 12:00:00","2007-10-02 12:00:00",2007,10,2,15.5,26.611,20.944,0,NA,NA,FALSE,FALSE
20071003,"2007-10-03 12:00:00","2007-10-03 12:00:00",2007,10,3,16.889,27.111,22.111,0,NA,NA,FALSE,FALSE
20071004,"2007-10-04 12:00:00","2007-10-04 12:00:00",2007,10,4,17.611,25.778,20.611,NA,NA,NA,FALSE,FALSE
20071005,"2007-10-05 12:00:00","2007-10-05 12:00:00",2007,10,5,16,26.889,20.944,0,NA,NA,FALSE,FALSE
20071006,"2007-10-06 12:00:00","2007-10-06 12:00:00",2007,10,6,15.389,26.722,20.444,0,NA,NA,FALSE,FALSE
20071007,"2007-10-07 12:00:00","2007-10-07 12:00:00",2007,10,7,15.389,20.278,18.278,55.88,NA,NA,FALSE,FALSE
20071008,"2007-10-08 12:00:00","2007-10-08 12:00:00",2007,10,8,12.389,20.222,15.667,9.906,NA,NA,FALSE,FALSE
20071009,"2007-10-09 12:00:00","2007-10-09 12:00:00",2007,10,9,10.889,21.611,15.611,0,NA,NA,FALSE,FALSE
20071010,"2007-10-10 12:00:00","2007-10-10 12:00:00",2007,10,10,10.778,25.611,17.222,0,NA,NA,FALSE,FALSE
20071011,"2007-10-11 12:00:00","2007-10-11 12:00:00",2007,10,11,11.278,20.389,16.722,0,NA,NA,FALSE,FALSE
20071012,"2007-10-12 12:00:00","2007-10-12 12:00:00",2007,10,12,13.722,20.611,17.167,0,NA,NA,FALSE,FALSE
20071013,"2007-10-13 12:00:00","2007-10-13 12:00:00",2007,10,13,11.389,21.111,15.5,0,NA,NA,FALSE,FALSE
20071014,"2007-10-14 12:00:00","2007-10-14 12:00:00",2007,10,14,11,21.722,15.778,0,NA,NA,FALSE,FALSE
20071015,"2007-10-15 12:00:00","2007-10-15 12:00:00",2007,10,15,9.889,22.222,15.389,0,NA,NA,FALSE,FALSE
20071016,"2007-10-16 12:00:00","2007-10-16 12:00:00",2007,10,16,9.5,21.889,15,0,NA,NA,FALSE,FALSE
20071017,"2007-10-17 12:00:00","2007-10-17 12:00:00",2007,10,17,9.389,20.889,14.778,0,NA,NA,FALSE,FALSE
20071018,"2007-10-18 12:00:00","2007-10-18 12:00:00",2007,10,18,9.278,21.278,15.722,0,NA,NA,FALSE,FALSE
20071019,"2007-10-19 12:00:00","2007-10-19 12:00:00",2007,10,19,10.611,17.111,13.056,0.254,NA,NA,FALSE,FALSE
20071020,"2007-10-20 12:00:00","2007-10-20 12:00:00",2007,10,20,6.611,14,9.611,0,NA,NA,FALSE,FALSE
20071021,"2007-10-21 12:00:00","2007-10-21 12:00:00",2007,10,21,5.5,20.278,12.556,0,NA,NA,FALSE,FALSE
20071022,"2007-10-22 12:00:00","2007-10-22 12:00:00",2007,10,22,7.5,21.278,14.333,0,NA,NA,FALSE,FALSE
20071023,"2007-10-23 12:00:00","2007-10-23 12:00:00",2007,10,23,9.5,23.389,15.944,0,NA,NA,FALSE,FALSE
20071024,"2007-10-24 12:00:00","2007-10-24 12:00:00",2007,10,24,10.778,24.722,18,NA,NA,NA,FALSE,FALSE
20071025,"2007-10-25 12:00:00","2007-10-25 12:00:00",2007,10,25,14.222,22.389,17.944,5.08,NA,NA,FALSE,FALSE
20071026,"2007-10-26 12:00:00","2007-10-26 12:00:00",2007,10,26,11.889,21.278,16.389,23.876,NA,NA,FALSE,FALSE
20071027,"2007-10-27 12:00:00","2007-10-27 12:00:00",2007,10,27,10.778,22.889,15.833,0,NA,NA,FALSE,FALSE
20071028,"2007-10-28 12:00:00","2007-10-28 12:00:00",2007,10,28,10.278,22.389,16.389,NA,NA,NA,FALSE,FALSE
20071029,"2007-10-29 12:00:00","2007-10-29 12:00:00",2007,10,29,10.611,16,12.389,0.254,NA,NA,FALSE,FALSE
20071030,"2007-10-30 12:00:00","2007-10-30 12:00:00",2007,10,30,7.722,17.778,11.556,0,NA,NA,FALSE,FALSE
20071031,"2007-10-31 12:00:00","2007-10-31 12:00:00",2007,10,31,7.222,16.889,13.389,0,NA,NA,FALSE,FALSE
20071101,"2007-11-01 12:00:00","2007-11-01 12:00:00",2007,11,1,8.722,15.111,11.722,0,NA,NA,FALSE,FALSE
20071102,"2007-11-02 12:00:00","2007-11-02 12:00:00",2007,11,2,5.111,14.889,9.611,0,NA,NA,FALSE,FALSE
20071103,"2007-11-03 12:00:00","2007-11-03 12:00:00",2007,11,3,4.611,17,10.778,0,NA,NA,FALSE,FALSE
20071104,"2007-11-04 12:00:00","2007-11-04 12:00:00",2007,11,4,5.778,18.389,11.778,0,NA,NA,FALSE,FALSE
20071105,"2007-11-05 12:00:00","2007-11-05 12:00:00",2007,11,5,7.889,15.111,11.889,0,NA,NA,FALSE,FALSE
20071106,"2007-11-06 12:00:00","2007-11-06 12:00:00",2007,11,6,6.722,19.611,12.778,0,NA,NA,FALSE,FALSE
20071107,"2007-11-07 12:00:00","2007-11-07 12:00:00",2007,11,7,6.222,21.278,12.889,0,NA,NA,FALSE,FALSE
20071108,"2007-11-08 12:00:00","2007-11-08 12:00:00",2007,11,8,7.278,21.778,12.889,0,NA,NA,FALSE,FALSE
20071109,"2007-11-09 12:00:00","2007-11-09 12:00:00",2007,11,9,7.722,21.111,13.5,0,NA,NA,FALSE,FALSE
20071110,"2007-11-10 12:00:00","2007-11-10 12:00:00",2007,11,10,8.389,14.5,11.278,NA,NA,NA,FALSE,FALSE
20071111,"2007-11-11 12:00:00","2007-11-11 12:00:00",2007,11,11,6.611,14.389,10.5,0,NA,NA,FALSE,FALSE
20071112,"2007-11-12 12:00:00","2007-11-12 12:00:00",2007,11,12,5.389,15.889,9.778,0,NA,NA,FALSE,FALSE
20071113,"2007-11-13 12:00:00","2007-11-13 12:00:00",2007,11,13,4.722,17.611,10.556,0,NA,NA,FALSE,FALSE
20071114,"2007-11-14 12:00:00","2007-11-14 12:00:00",2007,11,14,5.5,18,11.444,0,NA,NA,FALSE,FALSE
20071115,"2007-11-15 12:00:00","2007-11-15 12:00:00",2007,11,15,7.611,15.778,10.611,0,NA,NA,FALSE,FALSE
20071116,"2007-11-16 12:00:00","2007-11-16 12:00:00",2007,11,16,2.389,12.611,6.833,0,NA,NA,FALSE,FALSE
20071117,"2007-11-17 12:00:00","2007-11-17 12:00:00",2007,11,17,1.611,13.5,8.889,NA,NA,NA,FALSE,FALSE
20071118,"2007-11-18 12:00:00","2007-11-18 12:00:00",2007,11,18,-1.889,9.889,2.222,0,NA,NA,FALSE,FALSE
20071119,"2007-11-19 12:00:00","2007-11-19 12:00:00",2007,11,19,-2.389,8.722,5.722,NA,NA,NA,FALSE,FALSE
20071120,"2007-11-20 12:00:00","2007-11-20 12:00:00",2007,11,20,1,9,4.556,2.54,NA,NA,FALSE,FALSE
20071121,"2007-11-21 12:00:00","2007-11-21 12:00:00",2007,11,21,0.222,11.611,5.722,0,NA,NA,FALSE,FALSE
20071122,"2007-11-22 12:00:00","2007-11-22 12:00:00",2007,11,22,0.111,12.722,7.278,0,NA,NA,FALSE,FALSE
20071123,"2007-11-23 12:00:00","2007-11-23 12:00:00",2007,11,23,4.222,15.778,9.389,NA,NA,NA,FALSE,FALSE
20071124,"2007-11-24 12:00:00","2007-11-24 12:00:00",2007,11,24,1.111,15.611,7.889,0.508,NA,NA,FALSE,FALSE
20071125,"2007-11-25 12:00:00","2007-11-25 12:00:00",2007,11,25,0.278,15,7.444,0,NA,NA,FALSE,FALSE
20071126,"2007-11-26 12:00:00","2007-11-26 12:00:00",2007,11,26,4.389,14.278,7.833,0,NA,NA,FALSE,FALSE
20071127,"2007-11-27 12:00:00","2007-11-27 12:00:00",2007,11,27,-0.278,9.222,4.111,0,NA,NA,FALSE,FALSE
20071128,"2007-11-28 12:00:00","2007-11-28 12:00:00",2007,11,28,-0.778,13,5.056,0,NA,NA,FALSE,FALSE
20071129,"2007-11-29 12:00:00","2007-11-29 12:00:00",2007,11,29,-0.278,15,7.611,0,NA,NA,FALSE,FALSE
20071130,"2007-11-30 12:00:00","2007-11-30 12:00:00",2007,11,30,-0.889,7.5,3.333,0,NA,NA,FALSE,FALSE
20071201,"2007-12-01 12:00:00","2007-12-01 12:00:00",2007,12,1,-1,11.611,6,NA,NA,NA,FALSE,FALSE
20071202,"2007-12-02 12:00:00","2007-12-02 12:00:00",2007,12,2,2.5,6.389,4.833,8.89,NA,NA,FALSE,FALSE
20071203,"2007-12-03 12:00:00","2007-12-03 12:00:00",2007,12,3,1.111,9.222,5.056,0.508,NA,NA,FALSE,FALSE
20071204,"2007-12-04 12:00:00","2007-12-04 12:00:00",2007,12,4,1.222,5.389,2.167,0.508,NA,NA,FALSE,FALSE
20071205,"2007-12-05 12:00:00","2007-12-05 12:00:00",2007,12,5,-1.722,5.889,1.611,0,NA,NA,FALSE,FALSE
20071206,"2007-12-06 12:00:00","2007-12-06 12:00:00",2007,12,6,-1.889,5.889,4,NA,NA,NA,FALSE,FALSE
20071207,"2007-12-07 12:00:00","2007-12-07 12:00:00",2007,12,7,4.111,8.222,6,0.508,NA,NA,FALSE,FALSE
20071208,"2007-12-08 12:00:00","2007-12-08 12:00:00",2007,12,8,2.278,8.778,4.444,0,NA,NA,FALSE,FALSE
20071209,"2007-12-09 12:00:00","2007-12-09 12:00:00",2007,12,9,0.889,10,4.667,0,NA,NA,FALSE,FALSE
20071210,"2007-12-10 12:00:00","2007-12-10 12:00:00",2007,12,10,-0.222,10.889,8.167,0.508,NA,NA,FALSE,FALSE
20071211,"2007-12-11 12:00:00","2007-12-11 12:00:00",2007,12,11,6.5,12,8.667,1.524,NA,NA,FALSE,FALSE
20071212,"2007-12-12 12:00:00","2007-12-12 12:00:00",2007,12,12,5.722,10.722,7.389,0.508,NA,NA,FALSE,FALSE
20071213,"2007-12-13 12:00:00","2007-12-13 12:00:00",2007,12,13,3.389,7.889,4.778,1.016,NA,NA,FALSE,FALSE
20071214,"2007-12-14 12:00:00","2007-12-14 12:00:00",2007,12,14,0.5,7.111,3.278,0.508,NA,NA,FALSE,FALSE
20071215,"2007-12-15 12:00:00","2007-12-15 12:00:00",2007,12,15,-0.222,9.278,3.5,0,NA,NA,FALSE,FALSE
20071216,"2007-12-16 12:00:00","2007-12-16 12:00:00",2007,12,16,-0.389,7.778,2.889,0,NA,NA,FALSE,FALSE
20071217,"2007-12-17 12:00:00","2007-12-17 12:00:00",2007,12,17,-0.5,9.222,3.889,0,NA,NA,FALSE,FALSE
20071218,"2007-12-18 12:00:00","2007-12-18 12:00:00",2007,12,18,-1,8.389,3.389,0,NA,NA,FALSE,FALSE
20071219,"2007-12-19 12:00:00","2007-12-19 12:00:00",2007,12,19,-1,9.278,3.167,0,NA,NA,FALSE,FALSE
20071220,"2007-12-20 12:00:00","2007-12-20 12:00:00",2007,12,20,-0.611,11.222,5.944,0,NA,NA,FALSE,FALSE
20071221,"2007-12-21 12:00:00","2007-12-21 12:00:00",2007,12,21,2.722,8.722,6.222,7.112,NA,NA,FALSE,FALSE
20071222,"2007-12-22 12:00:00","2007-12-22 12:00:00",2007,12,22,1.5,13.389,7.889,7.112,NA,NA,FALSE,FALSE
20071223,"2007-12-23 12:00:00","2007-12-23 12:00:00",2007,12,23,0.722,10.611,4.444,0,NA,NA,FALSE,FALSE
20071224,"2007-12-24 12:00:00","2007-12-24 12:00:00",2007,12,24,-0.389,11.611,5.556,0,NA,NA,FALSE,FALSE
20071225,"2007-12-25 12:00:00","2007-12-25 12:00:00",2007,12,25,2.778,14,8,0,NA,NA,FALSE,FALSE
20071226,"2007-12-26 12:00:00","2007-12-26 12:00:00",2007,12,26,2.111,16.611,8.722,0,NA,NA,FALSE,FALSE
20071227,"2007-12-27 12:00:00","2007-12-27 12:00:00",2007,12,27,2.5,12.889,9.111,5.588,NA,NA,FALSE,FALSE
20071228,"2007-12-28 12:00:00","2007-12-28 12:00:00",2007,12,28,5.889,11.5,7.889,7.112,NA,NA,FALSE,FALSE
20071229,"2007-12-29 12:00:00","2007-12-29 12:00:00",2007,12,29,-0.889,7,2.667,0,NA,NA,FALSE,FALSE
20071230,"2007-12-30 12:00:00","2007-12-30 12:00:00",2007,12,30,-2.889,0.5,-1.778,15.494,NA,NA,FALSE,FALSE
20071231,"2007-12-31 12:00:00","2007-12-31 12:00:00",2007,12,31,-3.5,2.278,-1.778,15.494,NA,NA,FALSE,FALSE
20080101,"2008-01-01 12:00:00","2008-01-01 12:00:00",2008,1,1,-3.722,0.611,-1.333,5.08,NA,NA,FALSE,FALSE
20080102,"2008-01-02 12:00:00","2008-01-02 12:00:00",2008,1,2,-2,3.5,0.222,0,NA,NA,FALSE,FALSE
20080103,"2008-01-03 12:00:00","2008-01-03 12:00:00",2008,1,3,-1.611,7.889,2.111,0,NA,NA,FALSE,FALSE
20080104,"2008-01-04 12:00:00","2008-01-04 12:00:00",2008,1,4,-2.389,7,1.611,0,NA,NA,FALSE,FALSE
20080105,"2008-01-05 12:00:00","2008-01-05 12:00:00",2008,1,5,-1.889,8.389,2.389,0,NA,NA,FALSE,FALSE
20080106,"2008-01-06 12:00:00","2008-01-06 12:00:00",2008,1,6,-1.722,9.889,3.778,0,NA,NA,FALSE,FALSE
20080107,"2008-01-07 12:00:00","2008-01-07 12:00:00",2008,1,7,0,10.222,4.611,0,NA,NA,FALSE,FALSE
20080108,"2008-01-08 12:00:00","2008-01-08 12:00:00",2008,1,8,0.222,7.389,3.611,0,NA,NA,FALSE,FALSE
20080109,"2008-01-09 12:00:00","2008-01-09 12:00:00",2008,1,9,-0.222,12,4.667,0,NA,NA,FALSE,FALSE
20080110,"2008-01-10 12:00:00","2008-01-10 12:00:00",2008,1,10,-0.111,10.722,7.111,0,NA,NA,FALSE,FALSE
20080111,"2008-01-11 12:00:00","2008-01-11 12:00:00",2008,1,11,4.278,9,6.611,20.066,NA,NA,FALSE,FALSE
20080112,"2008-01-12 12:00:00","2008-01-12 12:00:00",2008,1,12,-1.111,6.222,2.944,22.098,NA,NA,FALSE,FALSE
20080113,"2008-01-13 12:00:00","2008-01-13 12:00:00",2008,1,13,-1.611,3,-0.222,0,NA,NA,FALSE,FALSE
20080114,"2008-01-14 12:00:00","2008-01-14 12:00:00",2008,1,14,-2.889,4.389,-0.167,0,NA,NA,FALSE,FALSE
20080115,"2008-01-15 12:00:00","2008-01-15 12:00:00",2008,1,15,-3.611,4.278,0.333,0,NA,NA,FALSE,FALSE
20080116,"2008-01-16 12:00:00","2008-01-16 12:00:00",2008,1,16,-8.278,0.722,-3.222,0,NA,NA,FALSE,FALSE
20080117,"2008-01-17 12:00:00","2008-01-17 12:00:00",2008,1,17,-8.889,1.611,-2.611,0,NA,NA,FALSE,FALSE
20080118,"2008-01-18 12:00:00","2008-01-18 12:00:00",2008,1,18,-5.889,3.111,-1.333,0,NA,NA,FALSE,FALSE
20080119,"2008-01-19 12:00:00","2008-01-19 12:00:00",2008,1,19,-4,4.778,2.222,0,NA,NA,FALSE,FALSE
20080120,"2008-01-20 12:00:00","2008-01-20 12:00:00",2008,1,20,1.722,6.5,3.111,2.032,NA,NA,FALSE,FALSE
20080121,"2008-01-21 12:00:00","2008-01-21 12:00:00",2008,1,21,1.778,4.278,3.056,5.08,NA,NA,FALSE,FALSE
20080122,"2008-01-22 12:00:00","2008-01-22 12:00:00",2008,1,22,0.722,3.722,2.611,3.556,NA,NA,FALSE,FALSE
20080123,"2008-01-23 12:00:00","2008-01-23 12:00:00",2008,1,23,-4.222,3.278,-0.833,2.54,NA,NA,FALSE,FALSE
20080124,"2008-01-24 12:00:00","2008-01-24 12:00:00",2008,1,24,-4.778,-1.111,-2.944,0,NA,NA,FALSE,FALSE
20080125,"2008-01-25 12:00:00","2008-01-25 12:00:00",2008,1,25,-4.5,2.111,-1.722,0,NA,NA,FALSE,FALSE
20080126,"2008-01-26 12:00:00","2008-01-26 12:00:00",2008,1,26,-4.5,3.889,-0.444,0,NA,NA,FALSE,FALSE
20080127,"2008-01-27 12:00:00","2008-01-27 12:00:00",2008,1,27,-5,6.5,0.556,0,NA,NA,FALSE,FALSE
20080128,"2008-01-28 12:00:00","2008-01-28 12:00:00",2008,1,28,-1.278,1.5,0.5,0,NA,NA,FALSE,FALSE
20080129,"2008-01-29 12:00:00","2008-01-29 12:00:00",2008,1,29,-0.222,6.111,2.167,NA,NA,NA,FALSE,FALSE
20080130,"2008-01-30 12:00:00","2008-01-30 12:00:00",2008,1,30,-2.278,3.722,-0.222,0,NA,NA,FALSE,FALSE
20080131,"2008-01-31 12:00:00","2008-01-31 12:00:00",2008,1,31,-4.722,2.389,-1.611,0,NA,NA,FALSE,FALSE
20080201,"2008-02-01 12:00:00","2008-02-01 12:00:00",2008,2,1,-5.389,4.778,0.333,0,NA,NA,FALSE,FALSE
20080202,"2008-02-02 12:00:00","2008-02-02 12:00:00",2008,2,2,-1.278,6.111,1.222,0,NA,NA,FALSE,FALSE
20080203,"2008-02-03 12:00:00","2008-02-03 12:00:00",2008,2,3,-1.5,5.111,0.722,0,NA,NA,FALSE,FALSE
20080204,"2008-02-04 12:00:00","2008-02-04 12:00:00",2008,2,4,-2.889,3.5,0.667,0,NA,NA,FALSE,FALSE
20080205,"2008-02-05 12:00:00","2008-02-05 12:00:00",2008,2,5,-3.389,2.611,-0.444,NA,NA,NA,FALSE,FALSE
20080206,"2008-02-06 12:00:00","2008-02-06 12:00:00",2008,2,6,-2.778,2.5,-0.889,0,NA,NA,FALSE,FALSE
20080207,"2008-02-07 12:00:00","2008-02-07 12:00:00",2008,2,7,-3.389,3.389,-1.333,0,NA,NA,FALSE,FALSE
20080208,"2008-02-08 12:00:00","2008-02-08 12:00:00",2008,2,8,-3.778,6.389,0.556,NA,NA,NA,FALSE,FALSE
20080209,"2008-02-09 12:00:00","2008-02-09 12:00:00",2008,2,9,-3.778,1.111,-1.222,0,NA,NA,FALSE,FALSE
20080210,"2008-02-10 12:00:00","2008-02-10 12:00:00",2008,2,10,-4.611,9.222,2.611,0,NA,NA,FALSE,FALSE
20080211,"2008-02-11 12:00:00","2008-02-11 12:00:00",2008,2,11,-2.222,7,1.944,0,NA,NA,FALSE,FALSE
20080212,"2008-02-12 12:00:00","2008-02-12 12:00:00",2008,2,12,-7.889,0,-3.944,0,NA,NA,FALSE,FALSE
20080213,"2008-02-13 12:00:00","2008-02-13 12:00:00",2008,2,13,-8.111,0.889,-2.889,NA,NA,NA,FALSE,FALSE
20080214,"2008-02-14 12:00:00","2008-02-14 12:00:00",2008,2,14,-5.389,5.778,0.222,0,NA,NA,FALSE,FALSE
20080215,"2008-02-15 12:00:00","2008-02-15 12:00:00",2008,2,15,-4.389,3.722,-0.611,0,NA,NA,FALSE,FALSE
20080216,"2008-02-16 12:00:00","2008-02-16 12:00:00",2008,2,16,-5,4.611,0.389,NA,NA,NA,FALSE,FALSE
20080217,"2008-02-17 12:00:00","2008-02-17 12:00:00",2008,2,17,-5.111,4.222,-0.944,0,NA,NA,FALSE,FALSE
20080218,"2008-02-18 12:00:00","2008-02-18 12:00:00",2008,2,18,-6,7.389,0.5,0,NA,NA,FALSE,FALSE
20080219,"2008-02-19 12:00:00","2008-02-19 12:00:00",2008,2,19,-4.278,7.278,2.111,0,NA,NA,FALSE,FALSE
20080220,"2008-02-20 12:00:00","2008-02-20 12:00:00",2008,2,20,-2.611,10.5,3.778,0,NA,NA,FALSE,FALSE
20080221,"2008-02-21 12:00:00","2008-02-21 12:00:00",2008,2,21,-2.778,12.278,4.611,0,NA,NA,FALSE,FALSE
20080222,"2008-02-22 12:00:00","2008-02-22 12:00:00",2008,2,22,-0.5,14.278,7,0,NA,NA,FALSE,FALSE
20080223,"2008-02-23 12:00:00","2008-02-23 12:00:00",2008,2,23,-5.5,6.5,-1.333,0,NA,NA,FALSE,FALSE
20080224,"2008-02-24 12:00:00","2008-02-24 12:00:00",2008,2,24,-5.611,7.778,1.444,0,NA,NA,FALSE,FALSE
20080225,"2008-02-25 12:00:00","2008-02-25 12:00:00",2008,2,25,-1.778,6.778,3.056,1.016,NA,NA,FALSE,FALSE
20080226,"2008-02-26 12:00:00","2008-02-26 12:00:00",2008,2,26,-0.778,3.5,1.056,10.922,NA,NA,FALSE,FALSE
20080227,"2008-02-27 12:00:00","2008-02-27 12:00:00",2008,2,27,-1.778,8.389,2.889,0,NA,NA,FALSE,FALSE
20080228,"2008-02-28 12:00:00","2008-02-28 12:00:00",2008,2,28,-2.222,11.5,4.444,0,NA,NA,FALSE,FALSE
20080229,"2008-02-29 12:00:00","2008-02-29 12:00:00",2008,2,29,-0.111,13.889,6.333,0,NA,NA,FALSE,FALSE
20080301,"2008-03-01 12:00:00","2008-03-01 12:00:00",2008,3,1,0.722,11.5,4.556,0,NA,NA,FALSE,FALSE
20080302,"2008-03-02 12:00:00","2008-03-02 12:00:00",2008,3,2,0.611,14.111,8.389,NA,NA,NA,FALSE,FALSE
20080303,"2008-03-03 12:00:00","2008-03-03 12:00:00",2008,3,3,0.222,7.889,3.444,0,NA,NA,FALSE,FALSE
20080304,"2008-03-04 12:00:00","2008-03-04 12:00:00",2008,3,4,-1.111,8.389,2.667,0,NA,NA,FALSE,FALSE
20080305,"2008-03-05 12:00:00","2008-03-05 12:00:00",2008,3,5,-1.5,10.278,3.722,0,NA,NA,FALSE,FALSE
20080306,"2008-03-06 12:00:00","2008-03-06 12:00:00",2008,3,6,-1.889,10.389,4.222,0,NA,NA,FALSE,FALSE
20080307,"2008-03-07 12:00:00","2008-03-07 12:00:00",2008,3,7,-1,10.111,3.944,0,NA,NA,FALSE,FALSE
20080308,"2008-03-08 12:00:00","2008-03-08 12:00:00",2008,3,8,-2.222,13.611,6.5,0,NA,NA,FALSE,FALSE
20080309,"2008-03-09 12:00:00","2008-03-09 12:00:00",2008,3,9,2.5,10.5,6.111,0,NA,NA,FALSE,FALSE
20080310,"2008-03-10 12:00:00","2008-03-10 12:00:00",2008,3,10,1.778,14.722,8.278,0,NA,NA,FALSE,FALSE
20080311,"2008-03-11 12:00:00","2008-03-11 12:00:00",2008,3,11,3.722,18.722,11.111,0,NA,NA,FALSE,FALSE
20080312,"2008-03-12 12:00:00","2008-03-12 12:00:00",2008,3,12,5.278,20.5,13.167,0,NA,NA,FALSE,FALSE
20080313,"2008-03-13 12:00:00","2008-03-13 12:00:00",2008,3,13,6.278,18,11.889,NA,NA,NA,FALSE,FALSE
20080314,"2008-03-14 12:00:00","2008-03-14 12:00:00",2008,3,14,4.222,16.889,8.833,1.016,NA,NA,FALSE,FALSE
20080315,"2008-03-15 12:00:00","2008-03-15 12:00:00",2008,3,15,3.722,18.889,11.722,0,NA,NA,FALSE,FALSE
20080316,"2008-03-16 12:00:00","2008-03-16 12:00:00",2008,3,16,2.778,16.278,8.944,0,NA,NA,FALSE,FALSE
20080317,"2008-03-17 12:00:00","2008-03-17 12:00:00",2008,3,17,2.111,20.5,11.722,0,NA,NA,FALSE,FALSE
20080318,"2008-03-18 12:00:00","2008-03-18 12:00:00",2008,3,18,5.5,18.389,13.167,NA,NA,NA,FALSE,FALSE
20080319,"2008-03-19 12:00:00","2008-03-19 12:00:00",2008,3,19,4.611,21.222,11.333,0,NA,NA,FALSE,FALSE
20080320,"2008-03-20 12:00:00","2008-03-20 12:00:00",2008,3,20,4.5,20.778,11.444,0,NA,NA,FALSE,FALSE
20080321,"2008-03-21 12:00:00","2008-03-21 12:00:00",2008,3,21,4.389,22.5,13.111,0,NA,NA,FALSE,FALSE
20080322,"2008-03-22 12:00:00","2008-03-22 12:00:00",2008,3,22,7.222,17.778,12.389,5.08,NA,NA,FALSE,FALSE
20080323,"2008-03-23 12:00:00","2008-03-23 12:00:00",2008,3,23,7.111,12,8.5,20.066,NA,NA,FALSE,FALSE
20080324,"2008-03-24 12:00:00","2008-03-24 12:00:00",2008,3,24,4.611,16.778,10,3.048,NA,NA,FALSE,FALSE
20080325,"2008-03-25 12:00:00","2008-03-25 12:00:00",2008,3,25,3.889,13.111,7.278,0,NA,NA,FALSE,FALSE
20080326,"2008-03-26 12:00:00","2008-03-26 12:00:00",2008,3,26,3.5,13.111,7.944,0,NA,NA,FALSE,FALSE
20080327,"2008-03-27 12:00:00","2008-03-27 12:00:00",2008,3,27,3.111,13.222,7.611,0.508,NA,NA,FALSE,FALSE
20080328,"2008-03-28 12:00:00","2008-03-28 12:00:00",2008,3,28,2.778,14,9.056,0,NA,NA,FALSE,FALSE
20080329,"2008-03-29 12:00:00","2008-03-29 12:00:00",2008,3,29,6.278,15.222,9.111,2.032,NA,NA,FALSE,FALSE
20080330,"2008-03-30 12:00:00","2008-03-30 12:00:00",2008,3,30,5.778,14.5,8.222,13.97,NA,NA,FALSE,FALSE
20080331,"2008-03-31 12:00:00","2008-03-31 12:00:00",2008,3,31,4.389,12.389,7.722,5.08,NA,NA,FALSE,FALSE
20080401,"2008-04-01 12:00:00","2008-04-01 12:00:00",2008,4,1,4.222,15.778,9.389,0,NA,NA,FALSE,FALSE
20080402,"2008-04-02 12:00:00","2008-04-02 12:00:00",2008,4,2,5,16.611,10,0,NA,NA,FALSE,FALSE
20080403,"2008-04-03 12:00:00","2008-04-03 12:00:00",2008,4,3,4.722,17.611,10.667,0,NA,NA,FALSE,FALSE
20080404,"2008-04-04 12:00:00","2008-04-04 12:00:00",2008,4,4,4.778,19.889,13.056,0,NA,NA,FALSE,FALSE
20080405,"2008-04-05 12:00:00","2008-04-05 12:00:00",2008,4,5,8,23.222,14.278,0,NA,NA,FALSE,FALSE
20080406,"2008-04-06 12:00:00","2008-04-06 12:00:00",2008,4,6,7.778,23.5,14.556,0.508,NA,NA,FALSE,FALSE
20080407,"2008-04-07 12:00:00","2008-04-07 12:00:00",2008,4,7,7.111,16,11.556,19.05,NA,NA,FALSE,FALSE
20080408,"2008-04-08 12:00:00","2008-04-08 12:00:00",2008,4,8,6.722,23.611,16.556,5.08,NA,NA,FALSE,FALSE
20080409,"2008-04-09 12:00:00","2008-04-09 12:00:00",2008,4,9,10.222,15.778,11.667,13.97,NA,NA,FALSE,FALSE
20080410,"2008-04-10 12:00:00","2008-04-10 12:00:00",2008,4,10,9.278,19.222,13.556,19.05,NA,NA,FALSE,FALSE
20080411,"2008-04-11 12:00:00","2008-04-11 12:00:00",2008,4,11,8.889,23.222,14.722,0,NA,NA,FALSE,FALSE
20080412,"2008-04-12 12:00:00","2008-04-12 12:00:00",2008,4,12,8.889,22.778,15.778,0,NA,NA,FALSE,FALSE
20080413,"2008-04-13 12:00:00","2008-04-13 12:00:00",2008,4,13,6.389,18.111,12.778,0,NA,NA,FALSE,FALSE
20080414,"2008-04-14 12:00:00","2008-04-14 12:00:00",2008,4,14,6.389,22.722,14.556,0,NA,NA,FALSE,FALSE
20080415,"2008-04-15 12:00:00","2008-04-15 12:00:00",2008,4,15,8.5,24.389,17.222,0,NA,NA,FALSE,FALSE
20080416,"2008-04-16 12:00:00","2008-04-16 12:00:00",2008,4,16,13.611,18.222,15.611,NA,NA,NA,FALSE,FALSE
20080417,"2008-04-17 12:00:00","2008-04-17 12:00:00",2008,4,17,12,22.111,16.556,0,NA,NA,FALSE,FALSE
20080418,"2008-04-18 12:00:00","2008-04-18 12:00:00",2008,4,18,10.778,25.722,17.556,0,NA,NA,FALSE,FALSE
20080419,"2008-04-19 12:00:00","2008-04-19 12:00:00",2008,4,19,10.611,27,18.167,0,NA,NA,FALSE,FALSE
20080420,"2008-04-20 12:00:00","2008-04-20 12:00:00",2008,4,20,11.611,24.389,19.667,0,NA,NA,FALSE,FALSE
20080421,"2008-04-21 12:00:00","2008-04-21 12:00:00",2008,4,21,15.111,23.222,18.722,0,NA,NA,FALSE,FALSE
20080422,"2008-04-22 12:00:00","2008-04-22 12:00:00",2008,4,22,13.722,26.389,17.944,0.508,NA,NA,FALSE,FALSE
20080423,"2008-04-23 12:00:00","2008-04-23 12:00:00",2008,4,23,7.222,16.278,10.444,15.494,NA,NA,FALSE,FALSE
20080424,"2008-04-24 12:00:00","2008-04-24 12:00:00",2008,4,24,6.222,16.222,10.944,0,NA,NA,FALSE,FALSE
20080425,"2008-04-25 12:00:00","2008-04-25 12:00:00",2008,4,25,6.222,21.278,15.444,NA,NA,NA,FALSE,FALSE
20080426,"2008-04-26 12:00:00","2008-04-26 12:00:00",2008,4,26,5.722,14,9.222,0.508,NA,NA,FALSE,FALSE
20080427,"2008-04-27 12:00:00","2008-04-27 12:00:00",2008,4,27,5.5,15.222,11.389,0,NA,NA,FALSE,FALSE
20080428,"2008-04-28 12:00:00","2008-04-28 12:00:00",2008,4,28,8,23.278,16.778,0,NA,NA,FALSE,FALSE
20080429,"2008-04-29 12:00:00","2008-04-29 12:00:00",2008,4,29,11.5,26.611,18.889,0,NA,NA,FALSE,FALSE
20080430,"2008-04-30 12:00:00","2008-04-30 12:00:00",2008,4,30,13,27,20.444,0,NA,NA,FALSE,FALSE
20080501,"2008-05-01 12:00:00","2008-05-01 12:00:00",2008,5,1,15.111,27.778,20.611,0,NA,NA,FALSE,FALSE
20080502,"2008-05-02 12:00:00","2008-05-02 12:00:00",2008,5,2,15,30.222,22.056,0,NA,NA,FALSE,FALSE
20080503,"2008-05-03 12:00:00","2008-05-03 12:00:00",2008,5,3,14.778,31.389,22.944,0,NA,NA,FALSE,FALSE
20080504,"2008-05-04 12:00:00","2008-05-04 12:00:00",2008,5,4,13.278,23.722,17.278,17.018,NA,NA,FALSE,FALSE
20080505,"2008-05-05 12:00:00","2008-05-05 12:00:00",2008,5,5,8.111,22.222,15.444,1.016,NA,NA,FALSE,FALSE
20080506,"2008-05-06 12:00:00","2008-05-06 12:00:00",2008,5,6,7.389,25.778,18.222,0,NA,NA,FALSE,FALSE
20080507,"2008-05-07 12:00:00","2008-05-07 12:00:00",2008,5,7,11.389,27.778,20.111,0,NA,NA,FALSE,FALSE
20080508,"2008-05-08 12:00:00","2008-05-08 12:00:00",2008,5,8,13.889,27,20.333,0,NA,NA,FALSE,FALSE
20080509,"2008-05-09 12:00:00","2008-05-09 12:00:00",2008,5,9,13.611,23.5,18.444,0,NA,NA,FALSE,FALSE
20080510,"2008-05-10 12:00:00","2008-05-10 12:00:00",2008,5,10,9.778,22.889,16.778,0,NA,NA,FALSE,FALSE
20080511,"2008-05-11 12:00:00","2008-05-11 12:00:00",2008,5,11,9.778,24.111,16.278,0,NA,NA,FALSE,FALSE
20080512,"2008-05-12 12:00:00","2008-05-12 12:00:00",2008,5,12,9.278,20.778,14,8.89,NA,NA,FALSE,FALSE
20080513,"2008-05-13 12:00:00","2008-05-13 12:00:00",2008,5,13,9.222,17,11.833,18.034,NA,NA,FALSE,FALSE
20080514,"2008-05-14 12:00:00","2008-05-14 12:00:00",2008,5,14,8.5,19.722,13.611,2.032,NA,NA,FALSE,FALSE
20080515,"2008-05-15 12:00:00","2008-05-15 12:00:00",2008,5,15,8.278,22.889,16.278,0,NA,NA,FALSE,FALSE
20080516,"2008-05-16 12:00:00","2008-05-16 12:00:00",2008,5,16,10.611,21.611,16.278,0,NA,NA,FALSE,FALSE
20080517,"2008-05-17 12:00:00","2008-05-17 12:00:00",2008,5,17,11.389,24.611,18.722,0,NA,NA,FALSE,FALSE
20080518,"2008-05-18 12:00:00","2008-05-18 12:00:00",2008,5,18,13.5,23,18.222,13.97,NA,NA,FALSE,FALSE
20080519,"2008-05-19 12:00:00","2008-05-19 12:00:00",2008,5,19,11.278,22.5,15.111,7.112,NA,NA,FALSE,FALSE
20080520,"2008-05-20 12:00:00","2008-05-20 12:00:00",2008,5,20,10.5,22.111,16.5,0,NA,NA,FALSE,FALSE
20080521,"2008-05-21 12:00:00","2008-05-21 12:00:00",2008,5,21,11.5,27,20.889,0,NA,NA,FALSE,FALSE
20080522,"2008-05-22 12:00:00","2008-05-22 12:00:00",2008,5,22,16.111,27.111,21.722,0,NA,NA,FALSE,FALSE
20080523,"2008-05-23 12:00:00","2008-05-23 12:00:00",2008,5,23,16.722,26,21,0.508,NA,NA,FALSE,FALSE
20080524,"2008-05-24 12:00:00","2008-05-24 12:00:00",2008,5,24,16.889,23.889,20.389,3.048,NA,NA,FALSE,FALSE
20080525,"2008-05-25 12:00:00","2008-05-25 12:00:00",2008,5,25,15.778,29.389,21.889,0,NA,NA,FALSE,FALSE
20080526,"2008-05-26 12:00:00","2008-05-26 12:00:00",2008,5,26,15.611,31.222,22.444,0,NA,NA,FALSE,FALSE
20080527,"2008-05-27 12:00:00","2008-05-27 12:00:00",2008,5,27,16.889,31.278,23.722,NA,NA,NA,FALSE,FALSE
20080528,"2008-05-28 12:00:00","2008-05-28 12:00:00",2008,5,28,18.611,21.889,20.444,64.008,NA,NA,FALSE,FALSE
20080529,"2008-05-29 12:00:00","2008-05-29 12:00:00",2008,5,29,18.889,27.111,21.833,0,NA,NA,FALSE,FALSE
20080530,"2008-05-30 12:00:00","2008-05-30 12:00:00",2008,5,30,11.889,21.278,16.944,0,NA,NA,FALSE,FALSE
20080531,"2008-05-31 12:00:00","2008-05-31 12:00:00",2008,5,31,11.5,26.111,19.278,0,NA,NA,FALSE,FALSE
20080601,"2008-06-01 12:00:00","2008-06-01 12:00:00",2008,6,1,14.111,26.611,21.778,0,NA,NA,FALSE,FALSE
20080602,"2008-06-02 12:00:00","2008-06-02 12:00:00",2008,6,2,17.111,26.722,21.889,0,NA,NA,FALSE,FALSE
20080603,"2008-06-03 12:00:00","2008-06-03 12:00:00",2008,6,3,16.778,26.111,21.389,0,NA,NA,FALSE,FALSE
20080604,"2008-06-04 12:00:00","2008-06-04 12:00:00",2008,6,4,17.222,22.889,19.444,0.254,NA,NA,FALSE,FALSE
20080605,"2008-06-05 12:00:00","2008-06-05 12:00:00",2008,6,5,16.389,21.5,17.389,21.336,NA,NA,FALSE,FALSE
20080606,"2008-06-06 12:00:00","2008-06-06 12:00:00",2008,6,6,16.111,24.611,19.222,0,NA,NA,FALSE,FALSE
20080607,"2008-06-07 12:00:00","2008-06-07 12:00:00",2008,6,7,16.611,25.889,21.5,0,NA,NA,FALSE,FALSE
20080608,"2008-06-08 12:00:00","2008-06-08 12:00:00",2008,6,8,17.5,26.5,21.333,17.018,NA,NA,FALSE,FALSE
20080609,"2008-06-09 12:00:00","2008-06-09 12:00:00",2008,6,9,18.278,28.389,23.333,0,NA,NA,FALSE,FALSE
20080610,"2008-06-10 12:00:00","2008-06-10 12:00:00",2008,6,10,19.889,29.111,24.056,0,NA,NA,FALSE,FALSE
20080611,"2008-06-11 12:00:00","2008-06-11 12:00:00",2008,6,11,17.889,27.778,22.333,0,NA,NA,FALSE,FALSE
20080612,"2008-06-12 12:00:00","2008-06-12 12:00:00",2008,6,12,16.778,30.278,22.889,0,NA,NA,FALSE,FALSE
20080613,"2008-06-13 12:00:00","2008-06-13 12:00:00",2008,6,13,17.389,32,24.778,0,NA,NA,FALSE,FALSE
20080614,"2008-06-14 12:00:00","2008-06-14 12:00:00",2008,6,14,18.889,26.389,22.778,0,NA,NA,FALSE,FALSE
20080615,"2008-06-15 12:00:00","2008-06-15 12:00:00",2008,6,15,15.889,28.111,21.111,0,NA,NA,FALSE,FALSE
20080616,"2008-06-16 12:00:00","2008-06-16 12:00:00",2008,6,16,15.5,27.889,22.611,NA,NA,NA,FALSE,FALSE
20080617,"2008-06-17 12:00:00","2008-06-17 12:00:00",2008,6,17,20,25.222,22.889,5.08,NA,NA,FALSE,FALSE
20080618,"2008-06-18 12:00:00","2008-06-18 12:00:00",2008,6,18,19.889,25.222,22,93.98,NA,NA,FALSE,FALSE
20080619,"2008-06-19 12:00:00","2008-06-19 12:00:00",2008,6,19,19.722,27.722,24.111,0,NA,NA,FALSE,FALSE
20080620,"2008-06-20 12:00:00","2008-06-20 12:00:00",2008,6,20,21.778,28,24.5,11.176,NA,NA,FALSE,FALSE
20080621,"2008-06-21 12:00:00","2008-06-21 12:00:00",2008,6,21,21.278,26.278,22.667,66.04,NA,NA,FALSE,FALSE
20080622,"2008-06-22 12:00:00","2008-06-22 12:00:00",2008,6,22,21.222,30.111,25.111,0,NA,NA,FALSE,FALSE
20080623,"2008-06-23 12:00:00","2008-06-23 12:00:00",2008,6,23,19.5,23.5,21.5,0,NA,NA,FALSE,FALSE
20080624,"2008-06-24 12:00:00","2008-06-24 12:00:00",2008,6,24,19.389,25.111,22.167,0,NA,NA,FALSE,FALSE
20080625,"2008-06-25 12:00:00","2008-06-25 12:00:00",2008,6,25,20.111,27,23.056,0,NA,NA,FALSE,FALSE
20080626,"2008-06-26 12:00:00","2008-06-26 12:00:00",2008,6,26,19.889,28.111,23.167,0,NA,NA,FALSE,FALSE
20080627,"2008-06-27 12:00:00","2008-06-27 12:00:00",2008,6,27,19.722,29.389,24.333,NA,NA,NA,FALSE,FALSE
20080628,"2008-06-28 12:00:00","2008-06-28 12:00:00",2008,6,28,18.278,23.778,19.222,59.944,NA,NA,FALSE,FALSE
20080629,"2008-06-29 12:00:00","2008-06-29 12:00:00",2008,6,29,19.389,23.722,21.444,2.54,NA,NA,FALSE,FALSE
20080630,"2008-06-30 12:00:00","2008-06-30 12:00:00",2008,6,30,20.111,27.722,22.778,0,NA,NA,FALSE,FALSE
20080701,"2008-07-01 12:00:00","2008-07-01 12:00:00",2008,7,1,19.722,24.222,21.889,1.016,NA,NA,FALSE,FALSE
20080702,"2008-07-02 12:00:00","2008-07-02 12:00:00",2008,7,2,21.222,25.389,22.611,46.482,NA,NA,FALSE,FALSE
20080703,"2008-07-03 12:00:00","2008-07-03 12:00:00",2008,7,3,21.5,26.5,24.222,6.096,NA,NA,FALSE,FALSE
20080704,"2008-07-04 12:00:00","2008-07-04 12:00:00",2008,7,4,22.611,29.611,25.889,0,NA,NA,FALSE,FALSE
20080705,"2008-07-05 12:00:00","2008-07-05 12:00:00",2008,7,5,22.778,29,26.389,0,NA,NA,FALSE,FALSE
20080706,"2008-07-06 12:00:00","2008-07-06 12:00:00",2008,7,6,25.111,31.389,27.611,0,NA,NA,FALSE,FALSE
20080707,"2008-07-07 12:00:00","2008-07-07 12:00:00",2008,7,7,24.778,33.222,28.5,0,NA,NA,FALSE,FALSE
20080708,"2008-07-08 12:00:00","2008-07-08 12:00:00",2008,7,8,23.889,34.722,28.667,0,NA,NA,FALSE,FALSE
20080709,"2008-07-09 12:00:00","2008-07-09 12:00:00",2008,7,9,23.889,34.111,28.778,0,NA,NA,FALSE,FALSE
20080710,"2008-07-10 12:00:00","2008-07-10 12:00:00",2008,7,10,24,34.5,28.667,0,NA,NA,FALSE,FALSE
20080711,"2008-07-11 12:00:00","2008-07-11 12:00:00",2008,7,11,24.278,30.389,26.722,0,NA,NA,FALSE,FALSE
20080712,"2008-07-12 12:00:00","2008-07-12 12:00:00",2008,7,12,24.111,31.889,26.889,23.114,NA,NA,FALSE,FALSE
20080713,"2008-07-13 12:00:00","2008-07-13 12:00:00",2008,7,13,25,30.778,27.333,3.048,NA,NA,FALSE,FALSE
20080714,"2008-07-14 12:00:00","2008-07-14 12:00:00",2008,7,14,25.389,32,28.167,0,NA,NA,FALSE,FALSE
20080715,"2008-07-15 12:00:00","2008-07-15 12:00:00",2008,7,15,25.278,33,28.556,0,NA,NA,FALSE,FALSE
20080716,"2008-07-16 12:00:00","2008-07-16 12:00:00",2008,7,16,25.5,32.278,28.389,0,NA,NA,FALSE,FALSE
20080717,"2008-07-17 12:00:00","2008-07-17 12:00:00",2008,7,17,25.611,31.278,27.556,0.254,NA,NA,FALSE,FALSE
20080718,"2008-07-18 12:00:00","2008-07-18 12:00:00",2008,7,18,24.889,32.722,29.111,0,NA,NA,FALSE,FALSE
20080719,"2008-07-19 12:00:00","2008-07-19 12:00:00",2008,7,19,26.778,33,29.222,1.016,NA,NA,FALSE,FALSE
20080720,"2008-07-20 12:00:00","2008-07-20 12:00:00",2008,7,20,24.111,30.778,26.833,2.032,NA,NA,FALSE,FALSE
20080721,"2008-07-21 12:00:00","2008-07-21 12:00:00",2008,7,21,24.111,29,26.056,6.096,NA,NA,FALSE,FALSE
20080722,"2008-07-22 12:00:00","2008-07-22 12:00:00",2008,7,22,23.778,29.889,26.389,0,NA,NA,FALSE,FALSE
20080723,"2008-07-23 12:00:00","2008-07-23 12:00:00",2008,7,23,23.722,32.722,28.889,0,NA,NA,FALSE,FALSE
20080724,"2008-07-24 12:00:00","2008-07-24 12:00:00",2008,7,24,26.111,33.111,28.556,0,NA,NA,FALSE,FALSE
20080725,"2008-07-25 12:00:00","2008-07-25 12:00:00",2008,7,25,25.222,31.278,27.222,46.99,NA,NA,FALSE,FALSE
20080726,"2008-07-26 12:00:00","2008-07-26 12:00:00",2008,7,26,23.722,28.389,26,0,NA,NA,FALSE,FALSE
20080727,"2008-07-27 12:00:00","2008-07-27 12:00:00",2008,7,27,23.611,32.778,29.056,0,NA,NA,FALSE,FALSE
20080728,"2008-07-28 12:00:00","2008-07-28 12:00:00",2008,7,28,25.389,34.778,28.444,4.064,NA,NA,FALSE,FALSE
20080729,"2008-07-29 12:00:00","2008-07-29 12:00:00",2008,7,29,24,34.222,27.389,0.508,NA,NA,FALSE,FALSE
20080730,"2008-07-30 12:00:00","2008-07-30 12:00:00",2008,7,30,23.889,33.278,28.389,0.508,NA,NA,FALSE,FALSE
20080731,"2008-07-31 12:00:00","2008-07-31 12:00:00",2008,7,31,25.5,35.111,30.056,0,NA,NA,FALSE,FALSE
20080801,"2008-08-01 12:00:00","2008-08-01 12:00:00",2008,8,1,26.5,33.111,29.389,0,NA,NA,FALSE,FALSE
20080802,"2008-08-02 12:00:00","2008-08-02 12:00:00",2008,8,2,25.389,31.222,27.889,0,NA,NA,FALSE,FALSE
20080803,"2008-08-03 12:00:00","2008-08-03 12:00:00",2008,8,3,22.778,30.889,26.111,5.08,NA,NA,FALSE,FALSE
20080804,"2008-08-04 12:00:00","2008-08-04 12:00:00",2008,8,4,22.611,32.222,27.278,0,NA,NA,FALSE,FALSE
20080805,"2008-08-05 12:00:00","2008-08-05 12:00:00",2008,8,5,22.278,31.722,26.222,0,NA,NA,FALSE,FALSE
20080806,"2008-08-06 12:00:00","2008-08-06 12:00:00",2008,8,6,21.889,33.389,27.889,0,NA,NA,FALSE,FALSE
20080807,"2008-08-07 12:00:00","2008-08-07 12:00:00",2008,8,7,23.778,33.222,28.889,0,NA,NA,FALSE,FALSE
20080808,"2008-08-08 12:00:00","2008-08-08 12:00:00",2008,8,8,22.722,34.278,27.278,98.044,NA,NA,FALSE,FALSE
20080809,"2008-08-09 12:00:00","2008-08-09 12:00:00",2008,8,9,23.222,31.611,27.278,0.508,NA,NA,FALSE,FALSE
20080810,"2008-08-10 12:00:00","2008-08-10 12:00:00",2008,8,10,24.111,33.889,29.111,0,NA,NA,FALSE,FALSE
20080811,"2008-08-11 12:00:00","2008-08-11 12:00:00",2008,8,11,25.111,32.778,28.5,2.032,NA,NA,FALSE,FALSE
20080812,"2008-08-12 12:00:00","2008-08-12 12:00:00",2008,8,12,24.778,31.778,27.722,16.002,NA,NA,FALSE,FALSE
20080813,"2008-08-13 12:00:00","2008-08-13 12:00:00",2008,8,13,24.389,32,27.056,1.016,NA,NA,FALSE,FALSE
20080814,"2008-08-14 12:00:00","2008-08-14 12:00:00",2008,8,14,24.278,32.111,27.722,0,NA,NA,FALSE,FALSE
20080815,"2008-08-15 12:00:00","2008-08-15 12:00:00",2008,8,15,24.889,31.222,27.278,0.508,NA,NA,FALSE,FALSE
20080816,"2008-08-16 12:00:00","2008-08-16 12:00:00",2008,8,16,23.389,31.889,26.833,0.508,NA,NA,FALSE,FALSE
20080817,"2008-08-17 12:00:00","2008-08-17 12:00:00",2008,8,17,23.222,29.778,26.833,0,NA,NA,FALSE,FALSE
20080818,"2008-08-18 12:00:00","2008-08-18 12:00:00",2008,8,18,23.111,29.389,26,2.032,NA,NA,FALSE,FALSE
20080819,"2008-08-19 12:00:00","2008-08-19 12:00:00",2008,8,19,20.5,29.111,24.778,0,NA,NA,FALSE,FALSE
20080820,"2008-08-20 12:00:00","2008-08-20 12:00:00",2008,8,20,20.222,30.889,24.889,0,NA,NA,FALSE,FALSE
20080821,"2008-08-21 12:00:00","2008-08-21 12:00:00",2008,8,21,20.111,29.5,25.5,0,NA,NA,FALSE,FALSE
20080822,"2008-08-22 12:00:00","2008-08-22 12:00:00",2008,8,22,22,26.222,23.778,18.034,NA,NA,FALSE,FALSE
20080823,"2008-08-23 12:00:00","2008-08-23 12:00:00",2008,8,23,20.611,25.278,22.167,0.508,NA,NA,FALSE,FALSE
20080824,"2008-08-24 12:00:00","2008-08-24 12:00:00",2008,8,24,20.222,29.889,24.056,9.906,NA,NA,FALSE,FALSE
20080825,"2008-08-25 12:00:00","2008-08-25 12:00:00",2008,8,25,20.111,28.389,23.778,5.08,NA,NA,FALSE,FALSE
20080826,"2008-08-26 12:00:00","2008-08-26 12:00:00",2008,8,26,19.722,29.389,24.5,0,NA,NA,FALSE,FALSE
20080827,"2008-08-27 12:00:00","2008-08-27 12:00:00",2008,8,27,19.222,29.5,24.222,0,NA,NA,FALSE,FALSE
20080828,"2008-08-28 12:00:00","2008-08-28 12:00:00",2008,8,28,19.5,30.5,25.167,0,NA,NA,FALSE,FALSE
20080829,"2008-08-29 12:00:00","2008-08-29 12:00:00",2008,8,29,20.722,31,25.778,0,NA,NA,FALSE,FALSE
20080830,"2008-08-30 12:00:00","2008-08-30 12:00:00",2008,8,30,20.389,30.778,25.167,0,NA,NA,FALSE,FALSE
20080831,"2008-08-31 12:00:00","2008-08-31 12:00:00",2008,8,31,20,29.778,26.222,0,NA,NA,FALSE,FALSE
20080901,"2008-09-01 12:00:00","2008-09-01 12:00:00",2008,9,1,22.111,26.5,23.444,5.08,NA,NA,FALSE,FALSE
20080902,"2008-09-02 12:00:00","2008-09-02 12:00:00",2008,9,2,20.222,27.389,22.722,9.144,NA,NA,FALSE,FALSE
20080903,"2008-09-03 12:00:00","2008-09-03 12:00:00",2008,9,3,20.111,31.278,25.222,0,NA,NA,FALSE,FALSE
20080904,"2008-09-04 12:00:00","2008-09-04 12:00:00",2008,9,4,21.278,29.889,24.722,0,NA,NA,FALSE,FALSE
20080905,"2008-09-05 12:00:00","2008-09-05 12:00:00",2008,9,5,20.778,29.778,25.222,0,NA,NA,FALSE,FALSE
20080906,"2008-09-06 12:00:00","2008-09-06 12:00:00",2008,9,6,20,26.778,22.333,4.064,NA,NA,FALSE,FALSE
20080907,"2008-09-07 12:00:00","2008-09-07 12:00:00",2008,9,7,19.611,32.5,26.389,0,NA,NA,FALSE,FALSE
20080908,"2008-09-08 12:00:00","2008-09-08 12:00:00",2008,9,8,21,31.389,26.222,0,NA,NA,FALSE,FALSE
20080909,"2008-09-09 12:00:00","2008-09-09 12:00:00",2008,9,9,21.222,31.722,25.889,0,NA,NA,FALSE,FALSE
20080910,"2008-09-10 12:00:00","2008-09-10 12:00:00",2008,9,10,20.722,31.389,25.5,0,NA,NA,FALSE,FALSE
20080911,"2008-09-11 12:00:00","2008-09-11 12:00:00",2008,9,11,21,30.5,25.556,0,NA,NA,FALSE,FALSE
20080912,"2008-09-12 12:00:00","2008-09-12 12:00:00",2008,9,12,20.389,31,25.5,0.508,NA,NA,FALSE,FALSE
20080913,"2008-09-13 12:00:00","2008-09-13 12:00:00",2008,9,13,20.222,32.222,26.389,0,NA,NA,FALSE,FALSE
20080914,"2008-09-14 12:00:00","2008-09-14 12:00:00",2008,9,14,21.722,32.111,26.667,0,NA,NA,FALSE,FALSE
20080915,"2008-09-15 12:00:00","2008-09-15 12:00:00",2008,9,15,19.111,25.278,21.722,22.098,NA,NA,FALSE,FALSE
20080916,"2008-09-16 12:00:00","2008-09-16 12:00:00",2008,9,16,18.889,31.389,24.944,0,NA,NA,FALSE,FALSE
20080917,"2008-09-17 12:00:00","2008-09-17 12:00:00",2008,9,17,20.278,32.278,26.222,0,NA,NA,FALSE,FALSE
20080918,"2008-09-18 12:00:00","2008-09-18 12:00:00",2008,9,18,21.611,33.722,27.167,0,NA,NA,FALSE,FALSE
20080919,"2008-09-19 12:00:00","2008-09-19 12:00:00",2008,9,19,21.5,33.722,27.611,NA,NA,NA,FALSE,FALSE
20080920,"2008-09-20 12:00:00","2008-09-20 12:00:00",2008,9,20,21,27.889,25,0.254,NA,NA,FALSE,FALSE
20080921,"2008-09-21 12:00:00","2008-09-21 12:00:00",2008,9,21,20.889,30.889,25,14.986,NA,NA,FALSE,FALSE
20080922,"2008-09-22 12:00:00","2008-09-22 12:00:00",2008,9,22,21.222,29.222,25.222,0,NA,NA,FALSE,FALSE
20080923,"2008-09-23 12:00:00","2008-09-23 12:00:00",2008,9,23,21.611,28.778,24.667,0,NA,NA,FALSE,FALSE
20080924,"2008-09-24 12:00:00","2008-09-24 12:00:00",2008,9,24,21.222,26.5,23.278,NA,NA,NA,FALSE,FALSE
20080925,"2008-09-25 12:00:00","2008-09-25 12:00:00",2008,9,25,17.611,23.389,20.056,0.254,NA,NA,FALSE,FALSE
20080926,"2008-09-26 12:00:00","2008-09-26 12:00:00",2008,9,26,9.778,20.278,15.278,0,NA,NA,FALSE,FALSE
20080927,"2008-09-27 12:00:00","2008-09-27 12:00:00",2008,9,27,9.722,22,17,0,NA,NA,FALSE,FALSE
20080928,"2008-09-28 12:00:00","2008-09-28 12:00:00",2008,9,28,14.722,22.722,18.056,0,NA,NA,FALSE,FALSE
20080929,"2008-09-29 12:00:00","2008-09-29 12:00:00",2008,9,29,12.278,20.111,16.167,0,NA,NA,FALSE,FALSE
20080930,"2008-09-30 12:00:00","2008-09-30 12:00:00",2008,9,30,12.222,25.722,18.778,0,NA,NA,FALSE,FALSE
20081001,"2008-10-01 12:00:00","2008-10-01 12:00:00",2008,10,1,14,28.111,20.833,0,NA,NA,FALSE,FALSE
20081002,"2008-10-02 12:00:00","2008-10-02 12:00:00",2008,10,2,15.5,26.222,20.111,0,NA,NA,FALSE,FALSE
20081003,"2008-10-03 12:00:00","2008-10-03 12:00:00",2008,10,3,14.778,26.278,20,0,NA,NA,FALSE,FALSE
20081004,"2008-10-04 12:00:00","2008-10-04 12:00:00",2008,10,4,14.611,27.222,20.889,0,NA,NA,FALSE,FALSE
20081005,"2008-10-05 12:00:00","2008-10-05 12:00:00",2008,10,5,16.389,22.889,19.556,0,NA,NA,FALSE,FALSE
20081006,"2008-10-06 12:00:00","2008-10-06 12:00:00",2008,10,6,14.278,24.778,18.611,1.016,NA,NA,FALSE,FALSE
20081007,"2008-10-07 12:00:00","2008-10-07 12:00:00",2008,10,7,12.222,24,17.556,0,NA,NA,FALSE,FALSE
20081008,"2008-10-08 12:00:00","2008-10-08 12:00:00",2008,10,8,12,25.222,18.889,0,NA,NA,FALSE,FALSE
20081009,"2008-10-09 12:00:00","2008-10-09 12:00:00",2008,10,9,15.389,27.611,21.778,0,NA,NA,FALSE,FALSE
20081010,"2008-10-10 12:00:00","2008-10-10 12:00:00",2008,10,10,11.278,22.278,17.889,0,NA,NA,FALSE,FALSE
20081011,"2008-10-11 12:00:00","2008-10-11 12:00:00",2008,10,11,11.111,21.778,15.778,0,NA,NA,FALSE,FALSE
20081012,"2008-10-12 12:00:00","2008-10-12 12:00:00",2008,10,12,9.389,22.611,15.056,0,NA,NA,FALSE,FALSE
20081013,"2008-10-13 12:00:00","2008-10-13 12:00:00",2008,10,13,9,24.278,16.778,0,NA,NA,FALSE,FALSE
20081014,"2008-10-14 12:00:00","2008-10-14 12:00:00",2008,10,14,11,23.611,16.778,0,NA,NA,FALSE,FALSE
20081015,"2008-10-15 12:00:00","2008-10-15 12:00:00",2008,10,15,11.222,26.278,18.278,0,NA,NA,FALSE,FALSE
20081016,"2008-10-16 12:00:00","2008-10-16 12:00:00",2008,10,16,11.889,27.389,19.611,0,NA,NA,FALSE,FALSE
20081017,"2008-10-17 12:00:00","2008-10-17 12:00:00",2008,10,17,13.611,28.722,20.167,0,NA,NA,FALSE,FALSE
20081018,"2008-10-18 12:00:00","2008-10-18 12:00:00",2008,10,18,13.611,30.611,20.611,0,NA,NA,FALSE,FALSE
20081019,"2008-10-19 12:00:00","2008-10-19 12:00:00",2008,10,19,12.889,25.278,19.278,0,NA,NA,FALSE,FALSE
20081020,"2008-10-20 12:00:00","2008-10-20 12:00:00",2008,10,20,13.389,27.889,19.778,0,NA,NA,FALSE,FALSE
20081021,"2008-10-21 12:00:00","2008-10-21 12:00:00",2008,10,21,13.722,26.389,21.222,NA,NA,NA,FALSE,FALSE
20081022,"2008-10-22 12:00:00","2008-10-22 12:00:00",2008,10,22,17.111,21,18.611,11.938,NA,NA,FALSE,FALSE
20081023,"2008-10-23 12:00:00","2008-10-23 12:00:00",2008,10,23,13,24.611,19.167,0,NA,NA,FALSE,FALSE
20081024,"2008-10-24 12:00:00","2008-10-24 12:00:00",2008,10,24,8.5,19.222,13.333,0,NA,NA,FALSE,FALSE
20081025,"2008-10-25 12:00:00","2008-10-25 12:00:00",2008,10,25,8.111,17.222,14.389,0,NA,NA,FALSE,FALSE
20081026,"2008-10-26 12:00:00","2008-10-26 12:00:00",2008,10,26,12.389,20.5,15.222,0.508,NA,NA,FALSE,FALSE
20081027,"2008-10-27 12:00:00","2008-10-27 12:00:00",2008,10,27,11,17.5,13.944,0,NA,NA,FALSE,FALSE
20081028,"2008-10-28 12:00:00","2008-10-28 12:00:00",2008,10,28,10,19.5,14.611,0,NA,NA,FALSE,FALSE
20081029,"2008-10-29 12:00:00","2008-10-29 12:00:00",2008,10,29,9.889,19.722,14.611,0,NA,NA,FALSE,FALSE
20081030,"2008-10-30 12:00:00","2008-10-30 12:00:00",2008,10,30,9,19.278,13.222,0,NA,NA,FALSE,FALSE
20081031,"2008-10-31 12:00:00","2008-10-31 12:00:00",2008,10,31,7.611,16.278,12.111,1.016,NA,NA,FALSE,FALSE
20081101,"2008-11-01 12:00:00","2008-11-01 12:00:00",2008,11,1,7,19.5,12.889,0,NA,NA,FALSE,FALSE
20081102,"2008-11-02 12:00:00","2008-11-02 12:00:00",2008,11,2,9.278,20.222,15.333,0,NA,NA,FALSE,FALSE
20081103,"2008-11-03 12:00:00","2008-11-03 12:00:00",2008,11,3,7.611,19.778,13.833,0,NA,NA,FALSE,FALSE
20081104,"2008-11-04 12:00:00","2008-11-04 12:00:00",2008,11,4,6.722,19.389,11.889,0,NA,NA,FALSE,FALSE
20081105,"2008-11-05 12:00:00","2008-11-05 12:00:00",2008,11,5,6.111,22,14.222,0,NA,NA,FALSE,FALSE
20081106,"2008-11-06 12:00:00","2008-11-06 12:00:00",2008,11,6,10.611,23.611,17.889,0,NA,NA,FALSE,FALSE
20081107,"2008-11-07 12:00:00","2008-11-07 12:00:00",2008,11,7,12,19.722,15.333,0.254,NA,NA,FALSE,FALSE
20081108,"2008-11-08 12:00:00","2008-11-08 12:00:00",2008,11,8,10.222,15.889,12.5,0.508,NA,NA,FALSE,FALSE
20081109,"2008-11-09 12:00:00","2008-11-09 12:00:00",2008,11,9,6.222,17.278,11.111,0,NA,NA,FALSE,FALSE
20081110,"2008-11-10 12:00:00","2008-11-10 12:00:00",2008,11,10,6,17.5,11.444,0,NA,NA,FALSE,FALSE
20081111,"2008-11-11 12:00:00","2008-11-11 12:00:00",2008,11,11,5.5,17.5,11.111,0,NA,NA,FALSE,FALSE
20081112,"2008-11-12 12:00:00","2008-11-12 12:00:00",2008,11,12,5.222,19.222,11.5,0,NA,NA,FALSE,FALSE
20081113,"2008-11-13 12:00:00","2008-11-13 12:00:00",2008,11,13,5.222,19.611,12.556,0,NA,NA,FALSE,FALSE
20081114,"2008-11-14 12:00:00","2008-11-14 12:00:00",2008,11,14,7.611,19.611,12.944,0,NA,NA,FALSE,FALSE
20081115,"2008-11-15 12:00:00","2008-11-15 12:00:00",2008,11,15,7.278,19.278,14.5,0,NA,NA,FALSE,FALSE
20081116,"2008-11-16 12:00:00","2008-11-16 12:00:00",2008,11,16,5.722,16.778,10.667,0,NA,NA,FALSE,FALSE
20081117,"2008-11-17 12:00:00","2008-11-17 12:00:00",2008,11,17,0.5,13.389,7.111,0,NA,NA,FALSE,FALSE
20081118,"2008-11-18 12:00:00","2008-11-18 12:00:00",2008,11,18,-2.278,7.5,1.556,1.016,NA,NA,FALSE,FALSE
20081119,"2008-11-19 12:00:00","2008-11-19 12:00:00",2008,11,19,-3,3.611,-0.111,6.096,NA,NA,FALSE,FALSE
20081120,"2008-11-20 12:00:00","2008-11-20 12:00:00",2008,11,20,-2.611,9.611,5.444,0.508,NA,NA,FALSE,FALSE
20081121,"2008-11-21 12:00:00","2008-11-21 12:00:00",2008,11,21,0.111,12.389,5.778,3.048,NA,NA,FALSE,FALSE
20081122,"2008-11-22 12:00:00","2008-11-22 12:00:00",2008,11,22,-1,11.5,6.944,0,NA,NA,FALSE,FALSE
20081123,"2008-11-23 12:00:00","2008-11-23 12:00:00",2008,11,23,4.389,16,9.889,NA,NA,NA,FALSE,FALSE
20081124,"2008-11-24 12:00:00","2008-11-24 12:00:00",2008,11,24,3.611,11.5,7.222,8.382,NA,NA,FALSE,FALSE
20081125,"2008-11-25 12:00:00","2008-11-25 12:00:00",2008,11,25,3,11.278,7.056,2.032,NA,NA,FALSE,FALSE
20081126,"2008-11-26 12:00:00","2008-11-26 12:00:00",2008,11,26,1.222,11.389,6.667,0,NA,NA,FALSE,FALSE
20081127,"2008-11-27 12:00:00","2008-11-27 12:00:00",2008,11,27,2.889,8,4.944,10.922,NA,NA,FALSE,FALSE
20081128,"2008-11-28 12:00:00","2008-11-28 12:00:00",2008,11,28,2.611,11.778,8,8.89,NA,NA,FALSE,FALSE
20081129,"2008-11-29 12:00:00","2008-11-29 12:00:00",2008,11,29,2.278,9.722,6.056,0.508,NA,NA,FALSE,FALSE
20081130,"2008-11-30 12:00:00","2008-11-30 12:00:00",2008,11,30,-0.222,11.222,4.889,0,NA,NA,FALSE,FALSE
20081201,"2008-12-01 12:00:00","2008-12-01 12:00:00",2008,12,1,-0.278,14.722,8.667,0,NA,NA,FALSE,FALSE
20081202,"2008-12-02 12:00:00","2008-12-02 12:00:00",2008,12,2,3,15.278,8.667,0,NA,NA,FALSE,FALSE
20081203,"2008-12-03 12:00:00","2008-12-03 12:00:00",2008,12,3,1.778,15.222,10.889,0,NA,NA,FALSE,FALSE
20081204,"2008-12-04 12:00:00","2008-12-04 12:00:00",2008,12,4,1.611,13.222,7.5,5.08,NA,NA,FALSE,FALSE
20081205,"2008-12-05 12:00:00","2008-12-05 12:00:00",2008,12,5,-8.111,5.889,-3.556,3.048,NA,NA,FALSE,FALSE
20081206,"2008-12-06 12:00:00","2008-12-06 12:00:00",2008,12,6,-8.5,0.389,-3.278,0.508,NA,NA,FALSE,FALSE
20081207,"2008-12-07 12:00:00","2008-12-07 12:00:00",2008,12,7,-5.278,6.111,2.222,0,NA,NA,FALSE,FALSE
20081208,"2008-12-08 12:00:00","2008-12-08 12:00:00",2008,12,8,1.278,13.278,6.944,0,NA,NA,FALSE,FALSE
20081209,"2008-12-09 12:00:00","2008-12-09 12:00:00",2008,12,9,2.278,16.111,9.389,0,NA,NA,FALSE,FALSE
20081210,"2008-12-10 12:00:00","2008-12-10 12:00:00",2008,12,10,4.778,17.722,12.333,0,NA,NA,FALSE,FALSE
20081211,"2008-12-11 12:00:00","2008-12-11 12:00:00",2008,12,11,-0.5,12.111,5.333,0,NA,NA,FALSE,FALSE
20081212,"2008-12-12 12:00:00","2008-12-12 12:00:00",2008,12,12,-0.722,10.722,6.222,0,NA,NA,FALSE,FALSE
20081213,"2008-12-13 12:00:00","2008-12-13 12:00:00",2008,12,13,-0.611,9.111,4.167,0,NA,NA,FALSE,FALSE
20081214,"2008-12-14 12:00:00","2008-12-14 12:00:00",2008,12,14,-0.778,5.611,2.5,0,NA,NA,FALSE,FALSE
20081215,"2008-12-15 12:00:00","2008-12-15 12:00:00",2008,12,15,-0.389,9.778,4.333,0,NA,NA,FALSE,FALSE
20081216,"2008-12-16 12:00:00","2008-12-16 12:00:00",2008,12,16,-1.278,11,4.722,0,NA,NA,FALSE,FALSE
20081217,"2008-12-17 12:00:00","2008-12-17 12:00:00",2008,12,17,1.222,14.389,7.944,0,NA,NA,FALSE,FALSE
20081218,"2008-12-18 12:00:00","2008-12-18 12:00:00",2008,12,18,-2.278,8.778,3,0,NA,NA,FALSE,FALSE
20081219,"2008-12-19 12:00:00","2008-12-19 12:00:00",2008,12,19,-2.722,9.111,4.278,0,NA,NA,FALSE,FALSE
20081220,"2008-12-20 12:00:00","2008-12-20 12:00:00",2008,12,20,2.389,10.222,5.556,1.016,NA,NA,FALSE,FALSE
20081221,"2008-12-21 12:00:00","2008-12-21 12:00:00",2008,12,21,-2.611,5.278,2.222,0.508,NA,NA,FALSE,FALSE
20081222,"2008-12-22 12:00:00","2008-12-22 12:00:00",2008,12,22,-3.278,1.5,-1.278,2.032,NA,NA,FALSE,FALSE
20081223,"2008-12-23 12:00:00","2008-12-23 12:00:00",2008,12,23,-2.222,6.389,3.111,0,NA,NA,FALSE,FALSE
20081224,"2008-12-24 12:00:00","2008-12-24 12:00:00",2008,12,24,0.722,9.611,5,0,NA,NA,FALSE,FALSE
20081225,"2008-12-25 12:00:00","2008-12-25 12:00:00",2008,12,25,-3.111,5.5,1.278,0,NA,NA,FALSE,FALSE
20081226,"2008-12-26 12:00:00","2008-12-26 12:00:00",2008,12,26,-3.778,2.5,-1.389,0,NA,NA,FALSE,FALSE
20081227,"2008-12-27 12:00:00","2008-12-27 12:00:00",2008,12,27,-4,7.389,1,0,NA,NA,FALSE,FALSE
20081228,"2008-12-28 12:00:00","2008-12-28 12:00:00",2008,12,28,-2.889,7.722,4.222,0,NA,NA,FALSE,FALSE
20081229,"2008-12-29 12:00:00","2008-12-29 12:00:00",2008,12,29,2.889,7.389,4.889,NA,NA,NA,FALSE,FALSE
20081230,"2008-12-30 12:00:00","2008-12-30 12:00:00",2008,12,30,-3,4.389,-0.389,0.762,NA,NA,FALSE,FALSE
20081231,"2008-12-31 12:00:00","2008-12-31 12:00:00",2008,12,31,-4.278,2.222,-1.611,0.254,NA,NA,FALSE,FALSE
20090101,"2009-01-01 12:00:00","2009-01-01 12:00:00",2009,1,1,-4.722,0.278,-2.778,3.048,NA,NA,FALSE,FALSE
20090102,"2009-01-02 12:00:00","2009-01-02 12:00:00",2009,1,2,-5.111,5.111,-0.611,0,NA,NA,FALSE,FALSE
20090103,"2009-01-03 12:00:00","2009-01-03 12:00:00",2009,1,3,-5,7.222,1.222,0,NA,NA,FALSE,FALSE
20090104,"2009-01-04 12:00:00","2009-01-04 12:00:00",2009,1,4,-2.222,7.278,1.889,0,NA,NA,FALSE,FALSE
20090105,"2009-01-05 12:00:00","2009-01-05 12:00:00",2009,1,5,-2.5,6,1.167,0,NA,NA,FALSE,FALSE
20090106,"2009-01-06 12:00:00","2009-01-06 12:00:00",2009,1,6,-3.278,5.5,1.111,0,NA,NA,FALSE,FALSE
20090107,"2009-01-07 12:00:00","2009-01-07 12:00:00",2009,1,7,-2.889,6.722,1.167,0,NA,NA,FALSE,FALSE
20090108,"2009-01-08 12:00:00","2009-01-08 12:00:00",2009,1,8,-3.722,6.222,0.778,0,NA,NA,FALSE,FALSE
20090109,"2009-01-09 12:00:00","2009-01-09 12:00:00",2009,1,9,-2.889,4.5,0,0,NA,NA,FALSE,FALSE
20090110,"2009-01-10 12:00:00","2009-01-10 12:00:00",2009,1,10,-3.889,-0.722,-2.222,5.588,NA,NA,FALSE,FALSE
20090111,"2009-01-11 12:00:00","2009-01-11 12:00:00",2009,1,11,-4.722,1.889,-2.222,3.048,NA,NA,FALSE,FALSE
20090112,"2009-01-12 12:00:00","2009-01-12 12:00:00",2009,1,12,-5.278,-0.389,-2.167,7.112,NA,NA,FALSE,FALSE
20090113,"2009-01-13 12:00:00","2009-01-13 12:00:00",2009,1,13,-4.278,1.278,-1.111,1.016,NA,NA,FALSE,FALSE
20090114,"2009-01-14 12:00:00","2009-01-14 12:00:00",2009,1,14,-7.5,0.778,-3.278,0.254,NA,NA,FALSE,FALSE
20090115,"2009-01-15 12:00:00","2009-01-15 12:00:00",2009,1,15,-7.889,1.611,-2.611,0,NA,NA,FALSE,FALSE
20090116,"2009-01-16 12:00:00","2009-01-16 12:00:00",2009,1,16,-4.722,6.611,1.222,0,NA,NA,FALSE,FALSE
20090117,"2009-01-17 12:00:00","2009-01-17 12:00:00",2009,1,17,-3.278,9.722,4.167,NA,NA,NA,FALSE,FALSE
20090118,"2009-01-18 12:00:00","2009-01-18 12:00:00",2009,1,18,2.278,9.389,5.778,8.128,NA,NA,FALSE,FALSE
20090119,"2009-01-19 12:00:00","2009-01-19 12:00:00",2009,1,19,0.611,8.111,3.778,0,NA,NA,FALSE,FALSE
20090120,"2009-01-20 12:00:00","2009-01-20 12:00:00",2009,1,20,1.222,9.889,5.111,0,NA,NA,FALSE,FALSE
20090121,"2009-01-21 12:00:00","2009-01-21 12:00:00",2009,1,21,-0.611,9.111,4.167,0,NA,NA,FALSE,FALSE
20090122,"2009-01-22 12:00:00","2009-01-22 12:00:00",2009,1,22,-0.889,10.889,4.556,NA,NA,NA,FALSE,FALSE
20090123,"2009-01-23 12:00:00","2009-01-23 12:00:00",2009,1,23,-9.889,4.611,-5.556,2.032,NA,NA,FALSE,FALSE
20090124,"2009-01-24 12:00:00","2009-01-24 12:00:00",2009,1,24,-10,-0.889,-3.778,2.032,NA,NA,FALSE,FALSE
20090125,"2009-01-25 12:00:00","2009-01-25 12:00:00",2009,1,25,-4.5,2.611,-0.778,1.524,NA,NA,FALSE,FALSE
20090126,"2009-01-26 12:00:00","2009-01-26 12:00:00",2009,1,26,-4.722,4.278,-0.389,0,NA,NA,FALSE,FALSE
20090127,"2009-01-27 12:00:00","2009-01-27 12:00:00",2009,1,27,-5.611,6.389,0.222,0,NA,NA,FALSE,FALSE
20090128,"2009-01-28 12:00:00","2009-01-28 12:00:00",2009,1,28,-3.5,11.611,4.389,0,NA,NA,FALSE,FALSE
20090129,"2009-01-29 12:00:00","2009-01-29 12:00:00",2009,1,29,0.5,10.111,5.944,2.032,NA,NA,FALSE,FALSE
20090130,"2009-01-30 12:00:00","2009-01-30 12:00:00",2009,1,30,3.5,14.278,8.556,2.032,NA,NA,FALSE,FALSE
20090131,"2009-01-31 12:00:00","2009-01-31 12:00:00",2009,1,31,2.222,15.722,7.778,0,NA,NA,FALSE,FALSE
20090201,"2009-02-01 12:00:00","2009-02-01 12:00:00",2009,2,1,2.389,12.778,7.889,0,NA,NA,FALSE,FALSE
20090202,"2009-02-02 12:00:00","2009-02-02 12:00:00",2009,2,2,4.5,13.611,9.278,NA,NA,NA,FALSE,FALSE
20090203,"2009-02-03 12:00:00","2009-02-03 12:00:00",2009,2,3,3.722,11.111,6.722,3.048,NA,NA,FALSE,FALSE
20090204,"2009-02-04 12:00:00","2009-02-04 12:00:00",2009,2,4,0.889,12.778,6.556,0,NA,NA,FALSE,FALSE
20090205,"2009-02-05 12:00:00","2009-02-05 12:00:00",2009,2,5,0.611,10.889,5.944,0,NA,NA,FALSE,FALSE
20090206,"2009-02-06 12:00:00","2009-02-06 12:00:00",2009,2,6,0.222,11,4.778,0,NA,NA,FALSE,FALSE
20090207,"2009-02-07 12:00:00","2009-02-07 12:00:00",2009,2,7,0,13.222,5.667,0,NA,NA,FALSE,FALSE
20090208,"2009-02-08 12:00:00","2009-02-08 12:00:00",2009,2,8,1.5,14.111,6.167,0,NA,NA,FALSE,FALSE
20090209,"2009-02-09 12:00:00","2009-02-09 12:00:00",2009,2,9,2.278,8.889,4.611,0,NA,NA,FALSE,FALSE
20090210,"2009-02-10 12:00:00","2009-02-10 12:00:00",2009,2,10,2.111,8.778,5.389,0,NA,NA,FALSE,FALSE
20090211,"2009-02-11 12:00:00","2009-02-11 12:00:00",2009,2,11,0.389,16.111,7.389,0,NA,NA,FALSE,FALSE
20090212,"2009-02-12 12:00:00","2009-02-12 12:00:00",2009,2,12,-0.111,17.778,14.444,NA,NA,NA,FALSE,FALSE
20090213,"2009-02-13 12:00:00","2009-02-13 12:00:00",2009,2,13,5.389,18.889,11.667,34.036,NA,NA,FALSE,FALSE
20090214,"2009-02-14 12:00:00","2009-02-14 12:00:00",2009,2,14,3,15.5,7.5,0,NA,NA,FALSE,FALSE
20090215,"2009-02-15 12:00:00","2009-02-15 12:00:00",2009,2,15,-2.389,7.611,2,0.254,NA,NA,FALSE,FALSE
20090216,"2009-02-16 12:00:00","2009-02-16 12:00:00",2009,2,16,-4.278,4.278,-0.889,0,NA,NA,FALSE,FALSE
20090217,"2009-02-17 12:00:00","2009-02-17 12:00:00",2009,2,17,-4.778,3.611,-0.611,0,NA,NA,FALSE,FALSE
20090218,"2009-02-18 12:00:00","2009-02-18 12:00:00",2009,2,18,-3,6.722,2,0,NA,NA,FALSE,FALSE
20090219,"2009-02-19 12:00:00","2009-02-19 12:00:00",2009,2,19,0,5,2.611,6.096,NA,NA,FALSE,FALSE
20090220,"2009-02-20 12:00:00","2009-02-20 12:00:00",2009,2,20,-2.889,6,0.389,1.016,NA,NA,FALSE,FALSE
20090221,"2009-02-21 12:00:00","2009-02-21 12:00:00",2009,2,21,-3.722,8,2.611,0,NA,NA,FALSE,FALSE
20090222,"2009-02-22 12:00:00","2009-02-22 12:00:00",2009,2,22,0.111,6.889,5.111,21.082,NA,NA,FALSE,FALSE
20090223,"2009-02-23 12:00:00","2009-02-23 12:00:00",2009,2,23,3.111,13.611,9.556,0,NA,NA,FALSE,FALSE
20090224,"2009-02-24 12:00:00","2009-02-24 12:00:00",2009,2,24,7.389,15.5,11.111,0,NA,NA,FALSE,FALSE
20090225,"2009-02-25 12:00:00","2009-02-25 12:00:00",2009,2,25,1.611,10.5,5.056,7.874,NA,NA,FALSE,FALSE
20090226,"2009-02-26 12:00:00","2009-02-26 12:00:00",2009,2,26,1.389,11.222,6.333,0,NA,NA,FALSE,FALSE
20090227,"2009-02-27 12:00:00","2009-02-27 12:00:00",2009,2,27,0.889,10.5,5.389,0,NA,NA,FALSE,FALSE
20090228,"2009-02-28 12:00:00","2009-02-28 12:00:00",2009,2,28,0.222,12.778,5.889,0,NA,NA,FALSE,FALSE
20090301,"2009-03-01 12:00:00","2009-03-01 12:00:00",2009,3,1,-0.889,12.889,4.889,0,NA,NA,FALSE,FALSE
20090302,"2009-03-02 12:00:00","2009-03-02 12:00:00",2009,3,2,-1.5,10.5,5.889,0,NA,NA,FALSE,FALSE
20090303,"2009-03-03 12:00:00","2009-03-03 12:00:00",2009,3,3,0.722,5.222,2.5,12.954,NA,NA,FALSE,FALSE
20090304,"2009-03-04 12:00:00","2009-03-04 12:00:00",2009,3,4,1.222,11.778,6,0,NA,NA,FALSE,FALSE
20090305,"2009-03-05 12:00:00","2009-03-05 12:00:00",2009,3,5,2.611,12.5,7.833,7.874,NA,NA,FALSE,FALSE
20090306,"2009-03-06 12:00:00","2009-03-06 12:00:00",2009,3,6,-1.222,8.5,2.722,0,NA,NA,FALSE,FALSE
20090307,"2009-03-07 12:00:00","2009-03-07 12:00:00",2009,3,7,-1.778,10.389,5.556,0,NA,NA,FALSE,FALSE
20090308,"2009-03-08 12:00:00","2009-03-08 12:00:00",2009,3,8,1.778,15.722,8.056,0,NA,NA,FALSE,FALSE
20090309,"2009-03-09 12:00:00","2009-03-09 12:00:00",2009,3,9,2.611,16.5,8.444,0,NA,NA,FALSE,FALSE
20090310,"2009-03-10 12:00:00","2009-03-10 12:00:00",2009,3,10,2.889,14.611,6.889,0,NA,NA,FALSE,FALSE
20090311,"2009-03-11 12:00:00","2009-03-11 12:00:00",2009,3,11,2.222,13.889,7.333,0,NA,NA,FALSE,FALSE
20090312,"2009-03-12 12:00:00","2009-03-12 12:00:00",2009,3,12,2.5,16.389,11.111,2.032,NA,NA,FALSE,FALSE
20090313,"2009-03-13 12:00:00","2009-03-13 12:00:00",2009,3,13,-0.778,12.278,3.944,5.588,NA,NA,FALSE,FALSE
20090314,"2009-03-14 12:00:00","2009-03-14 12:00:00",2009,3,14,-1.222,6.611,2.333,0,NA,NA,FALSE,FALSE
20090315,"2009-03-15 12:00:00","2009-03-15 12:00:00",2009,3,15,-1.889,13.722,8.611,0,NA,NA,FALSE,FALSE
20090316,"2009-03-16 12:00:00","2009-03-16 12:00:00",2009,3,16,6.222,18.889,11.833,0,NA,NA,FALSE,FALSE
20090317,"2009-03-17 12:00:00","2009-03-17 12:00:00",2009,3,17,5,23.111,15.833,0,NA,NA,FALSE,FALSE
20090318,"2009-03-18 12:00:00","2009-03-18 12:00:00",2009,3,18,14.611,22.222,18.278,0,NA,NA,FALSE,FALSE
20090319,"2009-03-19 12:00:00","2009-03-19 12:00:00",2009,3,19,11.111,24.889,17.611,0,NA,NA,FALSE,FALSE
20090320,"2009-03-20 12:00:00","2009-03-20 12:00:00",2009,3,20,7.5,22.111,13.722,0,NA,NA,FALSE,FALSE
20090321,"2009-03-21 12:00:00","2009-03-21 12:00:00",2009,3,21,7.389,19.889,14.778,2.032,NA,NA,FALSE,FALSE
20090322,"2009-03-22 12:00:00","2009-03-22 12:00:00",2009,3,22,3.111,15.889,7,12.954,NA,NA,FALSE,FALSE
20090323,"2009-03-23 12:00:00","2009-03-23 12:00:00",2009,3,23,1.278,12.222,6.333,0,NA,NA,FALSE,FALSE
20090324,"2009-03-24 12:00:00","2009-03-24 12:00:00",2009,3,24,0.722,14,7.056,0,NA,NA,FALSE,FALSE
20090325,"2009-03-25 12:00:00","2009-03-25 12:00:00",2009,3,25,1.222,8.5,4.333,0,NA,NA,FALSE,FALSE
20090326,"2009-03-26 12:00:00","2009-03-26 12:00:00",2009,3,26,0.722,13.111,7.111,0,NA,NA,FALSE,FALSE
20090327,"2009-03-27 12:00:00","2009-03-27 12:00:00",2009,3,27,1.222,13.222,6.667,0,NA,NA,FALSE,FALSE
20090328,"2009-03-28 12:00:00","2009-03-28 12:00:00",2009,3,28,2.278,15.389,8.167,0,NA,NA,FALSE,FALSE
20090329,"2009-03-29 12:00:00","2009-03-29 12:00:00",2009,3,29,3.278,15.222,9.167,0,NA,NA,FALSE,FALSE
20090330,"2009-03-30 12:00:00","2009-03-30 12:00:00",2009,3,30,5.111,16.389,10.056,NA,NA,NA,FALSE,FALSE
20090331,"2009-03-31 12:00:00","2009-03-31 12:00:00",2009,3,31,3.222,12.222,6.611,0,NA,NA,FALSE,FALSE
20090401,"2009-04-01 12:00:00","2009-04-01 12:00:00",2009,4,1,1.889,9.389,5.556,0,NA,NA,FALSE,FALSE
20090402,"2009-04-02 12:00:00","2009-04-02 12:00:00",2009,4,2,1.5,16.278,8.833,0,NA,NA,FALSE,FALSE
20090403,"2009-04-03 12:00:00","2009-04-03 12:00:00",2009,4,3,5.778,14.111,10.167,0,NA,NA,FALSE,FALSE
20090404,"2009-04-04 12:00:00","2009-04-04 12:00:00",2009,4,4,6.389,16.722,11.056,0,NA,NA,FALSE,FALSE
20090405,"2009-04-05 12:00:00","2009-04-05 12:00:00",2009,4,5,3.722,18.722,10.778,0,NA,NA,FALSE,FALSE
20090406,"2009-04-06 12:00:00","2009-04-06 12:00:00",2009,4,6,3.5,18.778,12.722,0,NA,NA,FALSE,FALSE
20090407,"2009-04-07 12:00:00","2009-04-07 12:00:00",2009,4,7,7,24.611,15.667,0,NA,NA,FALSE,FALSE
20090408,"2009-04-08 12:00:00","2009-04-08 12:00:00",2009,4,8,9.111,25.111,16.778,0,NA,NA,FALSE,FALSE
20090409,"2009-04-09 12:00:00","2009-04-09 12:00:00",2009,4,9,8.889,27.5,17.889,0,NA,NA,FALSE,FALSE
20090410,"2009-04-10 12:00:00","2009-04-10 12:00:00",2009,4,10,9.611,27.722,17.667,0,NA,NA,FALSE,FALSE
20090411,"2009-04-11 12:00:00","2009-04-11 12:00:00",2009,4,11,9.222,28.389,18.056,0,NA,NA,FALSE,FALSE
20090412,"2009-04-12 12:00:00","2009-04-12 12:00:00",2009,4,12,10.722,25.5,17.444,0,NA,NA,FALSE,FALSE
20090413,"2009-04-13 12:00:00","2009-04-13 12:00:00",2009,4,13,10.889,22,17.611,NA,NA,NA,FALSE,FALSE
20090414,"2009-04-14 12:00:00","2009-04-14 12:00:00",2009,4,14,11.611,23.278,15.167,2.032,NA,NA,FALSE,FALSE
20090415,"2009-04-15 12:00:00","2009-04-15 12:00:00",2009,4,15,10.278,20.778,13.667,1.016,NA,NA,FALSE,FALSE
20090416,"2009-04-16 12:00:00","2009-04-16 12:00:00",2009,4,16,6.222,20.778,12.056,0,NA,NA,FALSE,FALSE
20090417,"2009-04-17 12:00:00","2009-04-17 12:00:00",2009,4,17,5.611,23.222,14.556,0,NA,NA,FALSE,FALSE
20090418,"2009-04-18 12:00:00","2009-04-18 12:00:00",2009,4,18,7.278,27.611,17.722,0,NA,NA,FALSE,FALSE
20090419,"2009-04-19 12:00:00","2009-04-19 12:00:00",2009,4,19,10.111,28.778,20.889,NA,NA,NA,FALSE,FALSE
20090420,"2009-04-20 12:00:00","2009-04-20 12:00:00",2009,4,20,10.389,18,14.056,22.098,NA,NA,FALSE,FALSE
20090421,"2009-04-21 12:00:00","2009-04-21 12:00:00",2009,4,21,8.111,16.611,11.944,0,NA,NA,FALSE,FALSE
20090422,"2009-04-22 12:00:00","2009-04-22 12:00:00",2009,4,22,5.722,18.778,11.333,0,NA,NA,FALSE,FALSE
20090423,"2009-04-23 12:00:00","2009-04-23 12:00:00",2009,4,23,5.5,22.389,14.611,0,NA,NA,FALSE,FALSE
20090424,"2009-04-24 12:00:00","2009-04-24 12:00:00",2009,4,24,11,17.222,13.833,1.016,NA,NA,FALSE,FALSE
20090425,"2009-04-25 12:00:00","2009-04-25 12:00:00",2009,4,25,7.889,13,9,9.906,NA,NA,FALSE,FALSE
20090426,"2009-04-26 12:00:00","2009-04-26 12:00:00",2009,4,26,7.278,14,9.722,0.508,NA,NA,FALSE,FALSE
20090427,"2009-04-27 12:00:00","2009-04-27 12:00:00",2009,4,27,6.222,18.278,11.778,0,NA,NA,FALSE,FALSE
20090428,"2009-04-28 12:00:00","2009-04-28 12:00:00",2009,4,28,6.111,22.5,14.722,0,NA,NA,FALSE,FALSE
20090429,"2009-04-29 12:00:00","2009-04-29 12:00:00",2009,4,29,7.611,25,16.167,0,NA,NA,FALSE,FALSE
20090430,"2009-04-30 12:00:00","2009-04-30 12:00:00",2009,4,30,8.389,24.611,16.889,0,NA,NA,FALSE,FALSE
20090501,"2009-05-01 12:00:00","2009-05-01 12:00:00",2009,5,1,10.222,25.611,19.333,0,NA,NA,FALSE,FALSE
20090502,"2009-05-02 12:00:00","2009-05-02 12:00:00",2009,5,2,15,24.5,17.333,13.97,NA,NA,FALSE,FALSE
20090503,"2009-05-03 12:00:00","2009-05-03 12:00:00",2009,5,3,14.611,24.778,18.444,1.016,NA,NA,FALSE,FALSE
20090504,"2009-05-04 12:00:00","2009-05-04 12:00:00",2009,5,4,10.5,26.889,17.778,0,NA,NA,FALSE,FALSE
20090505,"2009-05-05 12:00:00","2009-05-05 12:00:00",2009,5,5,10.389,28.5,20.222,0,NA,NA,FALSE,FALSE
20090506,"2009-05-06 12:00:00","2009-05-06 12:00:00",2009,5,6,13,30.278,20.889,0,NA,NA,FALSE,FALSE
20090507,"2009-05-07 12:00:00","2009-05-07 12:00:00",2009,5,7,12.722,27.389,20.111,0,NA,NA,FALSE,FALSE
20090508,"2009-05-08 12:00:00","2009-05-08 12:00:00",2009,5,8,13.611,29.5,21.889,0,NA,NA,FALSE,FALSE
20090509,"2009-05-09 12:00:00","2009-05-09 12:00:00",2009,5,9,15.111,30.5,22.444,0,NA,NA,FALSE,FALSE
20090510,"2009-05-10 12:00:00","2009-05-10 12:00:00",2009,5,10,15.222,29.389,22.167,0,NA,NA,FALSE,FALSE
20090511,"2009-05-11 12:00:00","2009-05-11 12:00:00",2009,5,11,16,30.278,23.167,NA,NA,NA,FALSE,FALSE
20090512,"2009-05-12 12:00:00","2009-05-12 12:00:00",2009,5,12,14.278,20.778,16.5,18.034,NA,NA,FALSE,FALSE
20090513,"2009-05-13 12:00:00","2009-05-13 12:00:00",2009,5,13,12.111,26.111,19,0,NA,NA,FALSE,FALSE
20090514,"2009-05-14 12:00:00","2009-05-14 12:00:00",2009,5,14,11.722,29.389,21.944,0,NA,NA,FALSE,FALSE
20090515,"2009-05-15 12:00:00","2009-05-15 12:00:00",2009,5,15,13.5,22.5,17.833,0,NA,NA,FALSE,FALSE
20090516,"2009-05-16 12:00:00","2009-05-16 12:00:00",2009,5,16,13,19.722,17.444,26.924,NA,NA,FALSE,FALSE
20090517,"2009-05-17 12:00:00","2009-05-17 12:00:00",2009,5,17,9.111,18.889,13.389,6.096,NA,NA,FALSE,FALSE
20090518,"2009-05-18 12:00:00","2009-05-18 12:00:00",2009,5,18,9.111,25.222,17.778,0,NA,NA,FALSE,FALSE
20090519,"2009-05-19 12:00:00","2009-05-19 12:00:00",2009,5,19,11.722,27.778,20.167,0,NA,NA,FALSE,FALSE
20090520,"2009-05-20 12:00:00","2009-05-20 12:00:00",2009,5,20,14.389,27.5,20.778,0,NA,NA,FALSE,FALSE
20090521,"2009-05-21 12:00:00","2009-05-21 12:00:00",2009,5,21,14.889,18.778,16.222,49.022,NA,NA,FALSE,FALSE
20090522,"2009-05-22 12:00:00","2009-05-22 12:00:00",2009,5,22,14.778,25.889,19.722,1.016,NA,NA,FALSE,FALSE
20090523,"2009-05-23 12:00:00","2009-05-23 12:00:00",2009,5,23,12.889,22.611,16.611,0.508,NA,NA,FALSE,FALSE
20090524,"2009-05-24 12:00:00","2009-05-24 12:00:00",2009,5,24,12.222,24.889,18.833,0,NA,NA,FALSE,FALSE
20090525,"2009-05-25 12:00:00","2009-05-25 12:00:00",2009,5,25,14.222,29.5,22.5,0,NA,NA,FALSE,FALSE
20090526,"2009-05-26 12:00:00","2009-05-26 12:00:00",2009,5,26,15.611,31,21.889,0.508,NA,NA,FALSE,FALSE
20090527,"2009-05-27 12:00:00","2009-05-27 12:00:00",2009,5,27,15.278,30.278,21.778,0,NA,NA,FALSE,FALSE
20090528,"2009-05-28 12:00:00","2009-05-28 12:00:00",2009,5,28,15.222,31.389,23.889,0,NA,NA,FALSE,FALSE
20090529,"2009-05-29 12:00:00","2009-05-29 12:00:00",2009,5,29,16.389,29.222,22.611,0,NA,NA,FALSE,FALSE
20090530,"2009-05-30 12:00:00","2009-05-30 12:00:00",2009,5,30,13.389,26.111,19.056,0,NA,NA,FALSE,FALSE
20090531,"2009-05-31 12:00:00","2009-05-31 12:00:00",2009,5,31,13,26.889,19.722,0,NA,NA,FALSE,FALSE
20090601,"2009-06-01 12:00:00","2009-06-01 12:00:00",2009,6,1,14.778,29.611,23.111,0,NA,NA,FALSE,FALSE
20090602,"2009-06-02 12:00:00","2009-06-02 12:00:00",2009,6,2,17.722,25.889,21.333,0,NA,NA,FALSE,FALSE
20090603,"2009-06-03 12:00:00","2009-06-03 12:00:00",2009,6,3,17.278,23.222,19.611,0.508,NA,NA,FALSE,FALSE
20090604,"2009-06-04 12:00:00","2009-06-04 12:00:00",2009,6,4,17,29.278,22.056,0,NA,NA,FALSE,FALSE
20090605,"2009-06-05 12:00:00","2009-06-05 12:00:00",2009,6,5,16.778,29.778,23.111,0,NA,NA,FALSE,FALSE
20090606,"2009-06-06 12:00:00","2009-06-06 12:00:00",2009,6,6,17.222,29.778,22.167,0,NA,NA,FALSE,FALSE
20090607,"2009-06-07 12:00:00","2009-06-07 12:00:00",2009,6,7,17.722,25.889,21.278,0,NA,NA,FALSE,FALSE
20090608,"2009-06-08 12:00:00","2009-06-08 12:00:00",2009,6,8,19.222,26.889,22.444,0,NA,NA,FALSE,FALSE
20090609,"2009-06-09 12:00:00","2009-06-09 12:00:00",2009,6,9,18,26,20.5,4.064,NA,NA,FALSE,FALSE
20090610,"2009-06-10 12:00:00","2009-06-10 12:00:00",2009,6,10,17,25.611,20.611,4.064,NA,NA,FALSE,FALSE
20090611,"2009-06-11 12:00:00","2009-06-11 12:00:00",2009,6,11,16.889,29.5,23.556,0,NA,NA,FALSE,FALSE
20090612,"2009-06-12 12:00:00","2009-06-12 12:00:00",2009,6,12,14.889,23.5,19.833,0,NA,NA,FALSE,FALSE
20090613,"2009-06-13 12:00:00","2009-06-13 12:00:00",2009,6,13,14.889,27.778,21.611,0,NA,NA,FALSE,FALSE
20090614,"2009-06-14 12:00:00","2009-06-14 12:00:00",2009,6,14,16.5,27.722,21.889,0,NA,NA,FALSE,FALSE
20090615,"2009-06-15 12:00:00","2009-06-15 12:00:00",2009,6,15,17,29.778,23,0,NA,NA,FALSE,FALSE
20090616,"2009-06-16 12:00:00","2009-06-16 12:00:00",2009,6,16,17.778,31.222,24.722,0,NA,NA,FALSE,FALSE
20090617,"2009-06-17 12:00:00","2009-06-17 12:00:00",2009,6,17,19.111,31.722,25.556,0,NA,NA,FALSE,FALSE
20090618,"2009-06-18 12:00:00","2009-06-18 12:00:00",2009,6,18,21.222,33.5,26.889,0,NA,NA,FALSE,FALSE
20090619,"2009-06-19 12:00:00","2009-06-19 12:00:00",2009,6,19,22.222,32.611,27.111,0,NA,NA,FALSE,FALSE
20090620,"2009-06-20 12:00:00","2009-06-20 12:00:00",2009,6,20,22.889,27.889,24.111,3.048,NA,NA,FALSE,FALSE
20090621,"2009-06-21 12:00:00","2009-06-21 12:00:00",2009,6,21,21.222,31.222,25.167,5.08,NA,NA,FALSE,FALSE
20090622,"2009-06-22 12:00:00","2009-06-22 12:00:00",2009,6,22,19,27.222,22.167,85.09,NA,NA,FALSE,FALSE
20090623,"2009-06-23 12:00:00","2009-06-23 12:00:00",2009,6,23,18.611,30.222,24.111,0,NA,NA,FALSE,FALSE
20090624,"2009-06-24 12:00:00","2009-06-24 12:00:00",2009,6,24,18.611,32.611,25.611,0,NA,NA,FALSE,FALSE
20090625,"2009-06-25 12:00:00","2009-06-25 12:00:00",2009,6,25,19,33,26.444,0,NA,NA,FALSE,FALSE
20090626,"2009-06-26 12:00:00","2009-06-26 12:00:00",2009,6,26,19.5,33.278,26.389,0,NA,NA,FALSE,FALSE
20090627,"2009-06-27 12:00:00","2009-06-27 12:00:00",2009,6,27,21.889,30.722,25.333,0,NA,NA,FALSE,FALSE
20090628,"2009-06-28 12:00:00","2009-06-28 12:00:00",2009,6,28,22.111,29,25.333,0,NA,NA,FALSE,FALSE
20090629,"2009-06-29 12:00:00","2009-06-29 12:00:00",2009,6,29,22,28.278,24.889,75.184,NA,NA,FALSE,FALSE
20090630,"2009-06-30 12:00:00","2009-06-30 12:00:00",2009,6,30,18.722,25.389,21.667,7.112,NA,NA,FALSE,FALSE
20090701,"2009-07-01 12:00:00","2009-07-01 12:00:00",2009,7,1,18.611,28.222,24.167,0.508,NA,NA,FALSE,FALSE
20090702,"2009-07-02 12:00:00","2009-07-02 12:00:00",2009,7,2,20.778,29.111,24.056,0,NA,NA,FALSE,FALSE
20090703,"2009-07-03 12:00:00","2009-07-03 12:00:00",2009,7,3,20.389,27.5,23.444,0,NA,NA,FALSE,FALSE
20090704,"2009-07-04 12:00:00","2009-07-04 12:00:00",2009,7,4,20.222,29.889,24.333,0.762,NA,NA,FALSE,FALSE
20090705,"2009-07-05 12:00:00","2009-07-05 12:00:00",2009,7,5,20.222,31.778,25.667,11.938,NA,NA,FALSE,FALSE
20090706,"2009-07-06 12:00:00","2009-07-06 12:00:00",2009,7,6,19.389,31.611,25.222,0,NA,NA,FALSE,FALSE
20090707,"2009-07-07 12:00:00","2009-07-07 12:00:00",2009,7,7,18.5,24.889,23.667,195.834,NA,NA,FALSE,FALSE
20090708,"2009-07-08 12:00:00","2009-07-08 12:00:00",2009,7,8,23.722,30.389,26.944,1.016,NA,NA,FALSE,FALSE
20090709,"2009-07-09 12:00:00","2009-07-09 12:00:00",2009,7,9,21.5,28.611,24.722,5.08,NA,NA,FALSE,FALSE
20090710,"2009-07-10 12:00:00","2009-07-10 12:00:00",2009,7,10,21.278,30.111,25.278,0,NA,NA,FALSE,FALSE
20090711,"2009-07-11 12:00:00","2009-07-11 12:00:00",2009,7,11,20.889,25,22.444,58.928,NA,NA,FALSE,FALSE
20090712,"2009-07-12 12:00:00","2009-07-12 12:00:00",2009,7,12,21.389,29.222,25.778,14.986,NA,NA,FALSE,FALSE
20090713,"2009-07-13 12:00:00","2009-07-13 12:00:00",2009,7,13,23.278,30.222,26.889,4.064,NA,NA,FALSE,FALSE
20090714,"2009-07-14 12:00:00","2009-07-14 12:00:00",2009,7,14,20.111,31.722,26.556,3.048,NA,NA,FALSE,FALSE
20090715,"2009-07-15 12:00:00","2009-07-15 12:00:00",2009,7,15,20,28.111,23.389,56.896,NA,NA,FALSE,FALSE
20090716,"2009-07-16 12:00:00","2009-07-16 12:00:00",2009,7,16,22.611,27.5,25.444,146.558,NA,NA,FALSE,FALSE
20090717,"2009-07-17 12:00:00","2009-07-17 12:00:00",2009,7,17,25,27.889,26.722,1.016,NA,NA,FALSE,FALSE
20090718,"2009-07-18 12:00:00","2009-07-18 12:00:00",2009,7,18,25.722,30.278,27.667,0,NA,NA,FALSE,FALSE
20090719,"2009-07-19 12:00:00","2009-07-19 12:00:00",2009,7,19,25.722,27.778,26.222,9.144,NA,NA,FALSE,FALSE
20090720,"2009-07-20 12:00:00","2009-07-20 12:00:00",2009,7,20,24.389,31.389,27.056,11.938,NA,NA,FALSE,FALSE
20090721,"2009-07-21 12:00:00","2009-07-21 12:00:00",2009,7,21,21.278,27.722,24.056,53.086,NA,NA,FALSE,FALSE
20090722,"2009-07-22 12:00:00","2009-07-22 12:00:00",2009,7,22,20.778,30.778,25.111,0,NA,NA,FALSE,FALSE
20090723,"2009-07-23 12:00:00","2009-07-23 12:00:00",2009,7,23,18.722,28.611,23.611,0,NA,NA,FALSE,FALSE
20090724,"2009-07-24 12:00:00","2009-07-24 12:00:00",2009,7,24,18.222,27.5,22.556,8.89,NA,NA,FALSE,FALSE
20090725,"2009-07-25 12:00:00","2009-07-25 12:00:00",2009,7,25,20.778,25.778,22.778,4.064,NA,NA,FALSE,FALSE
20090726,"2009-07-26 12:00:00","2009-07-26 12:00:00",2009,7,26,20.722,29.5,25.111,0,NA,NA,FALSE,FALSE
20090727,"2009-07-27 12:00:00","2009-07-27 12:00:00",2009,7,27,21.611,29.222,24.278,4.064,NA,NA,FALSE,FALSE
20090728,"2009-07-28 12:00:00","2009-07-28 12:00:00",2009,7,28,19.722,24,21.5,6.858,NA,NA,FALSE,FALSE
20090729,"2009-07-29 12:00:00","2009-07-29 12:00:00",2009,7,29,19.722,28.5,24.944,2.032,NA,NA,FALSE,FALSE
20090730,"2009-07-30 12:00:00","2009-07-30 12:00:00",2009,7,30,22,31.778,25.944,0,NA,NA,FALSE,FALSE
20090731,"2009-07-31 12:00:00","2009-07-31 12:00:00",2009,7,31,22.389,30.5,25,12.954,NA,NA,FALSE,FALSE
20090801,"2009-08-01 12:00:00","2009-08-01 12:00:00",2009,8,1,22.889,31.222,26.167,0,NA,NA,FALSE,FALSE
20090802,"2009-08-02 12:00:00","2009-08-02 12:00:00",2009,8,2,23.222,31.278,26.111,0,NA,NA,FALSE,FALSE
20090803,"2009-08-03 12:00:00","2009-08-03 12:00:00",2009,8,3,20.611,27.222,23.667,0,NA,NA,FALSE,FALSE
20090804,"2009-08-04 12:00:00","2009-08-04 12:00:00",2009,8,4,20.222,31.5,26.389,0,NA,NA,FALSE,FALSE
20090805,"2009-08-05 12:00:00","2009-08-05 12:00:00",2009,8,5,22.611,32.278,26.889,0,NA,NA,FALSE,FALSE
20090806,"2009-08-06 12:00:00","2009-08-06 12:00:00",2009,8,6,22.5,30.389,26.556,1.016,NA,NA,FALSE,FALSE
20090807,"2009-08-07 12:00:00","2009-08-07 12:00:00",2009,8,7,23.611,30.222,25.056,62.992,NA,NA,FALSE,FALSE
20090808,"2009-08-08 12:00:00","2009-08-08 12:00:00",2009,8,8,23.389,33.389,26.333,25.908,NA,NA,FALSE,FALSE
20090809,"2009-08-09 12:00:00","2009-08-09 12:00:00",2009,8,9,23.778,32.611,27.444,0,NA,NA,FALSE,FALSE
20090810,"2009-08-10 12:00:00","2009-08-10 12:00:00",2009,8,10,23.5,30.111,27.444,0.254,NA,NA,FALSE,FALSE
20090811,"2009-08-11 12:00:00","2009-08-11 12:00:00",2009,8,11,25.111,27.889,26.444,30.48,NA,NA,FALSE,FALSE
20090812,"2009-08-12 12:00:00","2009-08-12 12:00:00",2009,8,12,24,27.778,25.389,9.144,NA,NA,FALSE,FALSE
20090813,"2009-08-13 12:00:00","2009-08-13 12:00:00",2009,8,13,23.722,32.389,27,0.508,NA,NA,FALSE,FALSE
20090814,"2009-08-14 12:00:00","2009-08-14 12:00:00",2009,8,14,23.5,31.111,26.556,0,NA,NA,FALSE,FALSE
20090815,"2009-08-15 12:00:00","2009-08-15 12:00:00",2009,8,15,23.278,34.5,27.778,0,NA,NA,FALSE,FALSE
20090816,"2009-08-16 12:00:00","2009-08-16 12:00:00",2009,8,16,22.778,31.278,27.5,0,NA,NA,FALSE,FALSE
20090817,"2009-08-17 12:00:00","2009-08-17 12:00:00",2009,8,17,24,31.889,27.167,0.508,NA,NA,FALSE,FALSE
20090818,"2009-08-18 12:00:00","2009-08-18 12:00:00",2009,8,18,24,32,28.111,0,NA,NA,FALSE,FALSE
20090819,"2009-08-19 12:00:00","2009-08-19 12:00:00",2009,8,19,25,33.778,29.167,0,NA,NA,FALSE,FALSE
20090820,"2009-08-20 12:00:00","2009-08-20 12:00:00",2009,8,20,25,31.389,27.333,32.004,NA,NA,FALSE,FALSE
20090821,"2009-08-21 12:00:00","2009-08-21 12:00:00",2009,8,21,21,32.611,26.222,55.118,NA,NA,FALSE,FALSE
20090822,"2009-08-22 12:00:00","2009-08-22 12:00:00",2009,8,22,20.611,32,26.167,0,NA,NA,FALSE,FALSE
20090823,"2009-08-23 12:00:00","2009-08-23 12:00:00",2009,8,23,19.611,30.111,24.333,0,NA,NA,FALSE,FALSE
20090824,"2009-08-24 12:00:00","2009-08-24 12:00:00",2009,8,24,19.222,31.111,25.889,0,NA,NA,FALSE,FALSE
20090825,"2009-08-25 12:00:00","2009-08-25 12:00:00",2009,8,25,21.5,31,25.611,0,NA,NA,FALSE,FALSE
20090826,"2009-08-26 12:00:00","2009-08-26 12:00:00",2009,8,26,21.278,30.889,26.389,0,NA,NA,FALSE,FALSE
20090827,"2009-08-27 12:00:00","2009-08-27 12:00:00",2009,8,27,23.778,27.111,25.444,31.496,NA,NA,FALSE,FALSE
20090828,"2009-08-28 12:00:00","2009-08-28 12:00:00",2009,8,28,18.5,31,24.5,16.002,NA,NA,FALSE,FALSE
20090829,"2009-08-29 12:00:00","2009-08-29 12:00:00",2009,8,29,18.111,28.111,24.111,0,NA,NA,FALSE,FALSE
20090830,"2009-08-30 12:00:00","2009-08-30 12:00:00",2009,8,30,19.5,24,21.111,0.254,NA,NA,FALSE,FALSE
20090831,"2009-08-31 12:00:00","2009-08-31 12:00:00",2009,8,31,18.278,26.5,22,0,NA,NA,FALSE,FALSE
20090901,"2009-09-01 12:00:00","2009-09-01 12:00:00",2009,9,1,18,29.222,24,0,NA,NA,FALSE,FALSE
20090902,"2009-09-02 12:00:00","2009-09-02 12:00:00",2009,9,2,19.278,30.111,24.333,0,NA,NA,FALSE,FALSE
20090903,"2009-09-03 12:00:00","2009-09-03 12:00:00",2009,9,3,19.278,30.222,24.667,0,NA,NA,FALSE,FALSE
20090904,"2009-09-04 12:00:00","2009-09-04 12:00:00",2009,9,4,20.389,30.889,25.833,0,NA,NA,FALSE,FALSE
20090905,"2009-09-05 12:00:00","2009-09-05 12:00:00",2009,9,5,21.778,30.889,25.778,0,NA,NA,FALSE,FALSE
20090906,"2009-09-06 12:00:00","2009-09-06 12:00:00",2009,9,6,21.5,32,26.111,0,NA,NA,FALSE,FALSE
20090907,"2009-09-07 12:00:00","2009-09-07 12:00:00",2009,9,7,21.222,30.278,24.778,0,NA,NA,FALSE,FALSE
20090908,"2009-09-08 12:00:00","2009-09-08 12:00:00",2009,9,8,20.278,30.722,23.889,0,NA,NA,FALSE,FALSE
20090909,"2009-09-09 12:00:00","2009-09-09 12:00:00",2009,9,9,17.111,29.389,22.667,0,NA,NA,FALSE,FALSE
20090910,"2009-09-10 12:00:00","2009-09-10 12:00:00",2009,9,10,16.778,29.722,23.111,0,NA,NA,FALSE,FALSE
20090911,"2009-09-11 12:00:00","2009-09-11 12:00:00",2009,9,11,17,23.778,20.167,0.508,NA,NA,FALSE,FALSE
20090912,"2009-09-12 12:00:00","2009-09-12 12:00:00",2009,9,12,15.889,25.889,19.778,3.556,NA,NA,FALSE,FALSE
20090913,"2009-09-13 12:00:00","2009-09-13 12:00:00",2009,9,13,15.778,28.111,21.778,0,NA,NA,FALSE,FALSE
20090914,"2009-09-14 12:00:00","2009-09-14 12:00:00",2009,9,14,17.278,23.5,20.389,0,NA,NA,FALSE,FALSE
20090915,"2009-09-15 12:00:00","2009-09-15 12:00:00",2009,9,15,17,27.889,21.667,0,NA,NA,FALSE,FALSE
20090916,"2009-09-16 12:00:00","2009-09-16 12:00:00",2009,9,16,17,27.389,21.833,0,NA,NA,FALSE,FALSE
20090917,"2009-09-17 12:00:00","2009-09-17 12:00:00",2009,9,17,17.222,29.389,22.389,0,NA,NA,FALSE,FALSE
20090918,"2009-09-18 12:00:00","2009-09-18 12:00:00",2009,9,18,17,30.222,23.167,0,NA,NA,FALSE,FALSE
20090919,"2009-09-19 12:00:00","2009-09-19 12:00:00",2009,9,19,17.222,28.5,22.167,0,NA,NA,FALSE,FALSE
20090920,"2009-09-20 12:00:00","2009-09-20 12:00:00",2009,9,20,17.222,28,22.556,0,NA,NA,FALSE,FALSE
20090921,"2009-09-21 12:00:00","2009-09-21 12:00:00",2009,9,21,16.222,21.611,19.056,1.016,NA,NA,FALSE,FALSE
20090922,"2009-09-22 12:00:00","2009-09-22 12:00:00",2009,9,22,16.222,25.889,22.389,0,NA,NA,FALSE,FALSE
20090923,"2009-09-23 12:00:00","2009-09-23 12:00:00",2009,9,23,19.111,29.889,23.5,0,NA,NA,FALSE,FALSE
20090924,"2009-09-24 12:00:00","2009-09-24 12:00:00",2009,9,24,18.778,30.389,24.611,0,NA,NA,FALSE,FALSE
20090925,"2009-09-25 12:00:00","2009-09-25 12:00:00",2009,9,25,18.389,25,21.278,2.032,NA,NA,FALSE,FALSE
20090926,"2009-09-26 12:00:00","2009-09-26 12:00:00",2009,9,26,18.111,28.778,23.389,0.508,NA,NA,FALSE,FALSE
20090927,"2009-09-27 12:00:00","2009-09-27 12:00:00",2009,9,27,18.278,22.722,19.556,12.446,NA,NA,FALSE,FALSE
20090928,"2009-09-28 12:00:00","2009-09-28 12:00:00",2009,9,28,18.722,26.722,22.389,3.048,NA,NA,FALSE,FALSE
20090929,"2009-09-29 12:00:00","2009-09-29 12:00:00",2009,9,29,18.889,26.278,22.889,0,NA,NA,FALSE,FALSE
20090930,"2009-09-30 12:00:00","2009-09-30 12:00:00",2009,9,30,18.889,25.222,21.611,0,NA,NA,FALSE,FALSE
20091001,"2009-10-01 12:00:00","2009-10-01 12:00:00",2009,10,1,18.389,28.278,22.778,0,NA,NA,FALSE,FALSE
20091002,"2009-10-02 12:00:00","2009-10-02 12:00:00",2009,10,2,15.389,25.389,20,20.066,NA,NA,FALSE,FALSE
20091003,"2009-10-03 12:00:00","2009-10-03 12:00:00",2009,10,3,14,25.5,18.778,0,NA,NA,FALSE,FALSE
20091004,"2009-10-04 12:00:00","2009-10-04 12:00:00",2009,10,4,12.5,22.889,17,0,NA,NA,FALSE,FALSE
20091005,"2009-10-05 12:00:00","2009-10-05 12:00:00",2009,10,5,12.389,25.722,19,0,NA,NA,FALSE,FALSE
20091006,"2009-10-06 12:00:00","2009-10-06 12:00:00",2009,10,6,13.111,26.5,19.611,0,NA,NA,FALSE,FALSE
20091007,"2009-10-07 12:00:00","2009-10-07 12:00:00",2009,10,7,12.611,25.722,18.944,0,NA,NA,FALSE,FALSE
20091008,"2009-10-08 12:00:00","2009-10-08 12:00:00",2009,10,8,12.222,24.278,17.5,0,NA,NA,FALSE,FALSE
20091009,"2009-10-09 12:00:00","2009-10-09 12:00:00",2009,10,9,11.278,23.111,16.833,0,NA,NA,FALSE,FALSE
20091010,"2009-10-10 12:00:00","2009-10-10 12:00:00",2009,10,10,11,22.889,16.722,0,NA,NA,FALSE,FALSE
20091011,"2009-10-11 12:00:00","2009-10-11 12:00:00",2009,10,11,11.389,24,17.056,0,NA,NA,FALSE,FALSE
20091012,"2009-10-12 12:00:00","2009-10-12 12:00:00",2009,10,12,11.5,21.222,16.111,0,NA,NA,FALSE,FALSE
20091013,"2009-10-13 12:00:00","2009-10-13 12:00:00",2009,10,13,11,23.389,17,NA,NA,NA,FALSE,FALSE
20091014,"2009-10-14 12:00:00","2009-10-14 12:00:00",2009,10,14,10.722,21.389,15.722,7.112,NA,NA,FALSE,FALSE
20091015,"2009-10-15 12:00:00","2009-10-15 12:00:00",2009,10,15,10.389,23.5,16.389,0,NA,NA,FALSE,FALSE
20091016,"2009-10-16 12:00:00","2009-10-16 12:00:00",2009,10,16,10.889,22.778,16.778,NA,NA,NA,FALSE,FALSE
20091017,"2009-10-17 12:00:00","2009-10-17 12:00:00",2009,10,17,11.778,20.778,15.889,7.874,NA,NA,FALSE,FALSE
20091018,"2009-10-18 12:00:00","2009-10-18 12:00:00",2009,10,18,11.5,21.111,16.5,0,NA,NA,FALSE,FALSE
20091019,"2009-10-19 12:00:00","2009-10-19 12:00:00",2009,10,19,11.611,20.111,14.889,0,NA,NA,FALSE,FALSE
20091020,"2009-10-20 12:00:00","2009-10-20 12:00:00",2009,10,20,9.111,19.778,13.556,0,NA,NA,FALSE,FALSE
20091021,"2009-10-21 12:00:00","2009-10-21 12:00:00",2009,10,21,8.722,22.889,15,0,NA,NA,FALSE,FALSE
20091022,"2009-10-22 12:00:00","2009-10-22 12:00:00",2009,10,22,9.722,23.778,15.833,0,NA,NA,FALSE,FALSE
20091023,"2009-10-23 12:00:00","2009-10-23 12:00:00",2009,10,23,9.389,24.778,17.333,0,NA,NA,FALSE,FALSE
20091024,"2009-10-24 12:00:00","2009-10-24 12:00:00",2009,10,24,11.778,24.389,18.056,0,NA,NA,FALSE,FALSE
20091025,"2009-10-25 12:00:00","2009-10-25 12:00:00",2009,10,25,10.722,23.889,16.778,0,NA,NA,FALSE,FALSE
20091026,"2009-10-26 12:00:00","2009-10-26 12:00:00",2009,10,26,10.389,23.722,17.167,0,NA,NA,FALSE,FALSE
20091027,"2009-10-27 12:00:00","2009-10-27 12:00:00",2009,10,27,10.611,22.889,16,0,NA,NA,FALSE,FALSE
20091028,"2009-10-28 12:00:00","2009-10-28 12:00:00",2009,10,28,9.5,24.111,17.444,NA,NA,NA,FALSE,FALSE
20091029,"2009-10-29 12:00:00","2009-10-29 12:00:00",2009,10,29,13.778,19.778,16.556,0,NA,NA,FALSE,FALSE
20091030,"2009-10-30 12:00:00","2009-10-30 12:00:00",2009,10,30,13.889,26.5,19.056,0,NA,NA,FALSE,FALSE
20091031,"2009-10-31 12:00:00","2009-10-31 12:00:00",2009,10,31,14,26,19.5,NA,NA,NA,FALSE,FALSE
20091101,"2009-11-01 12:00:00","2009-11-01 12:00:00",2009,11,1,7.389,17,12.278,4.064,NA,NA,FALSE,FALSE
20091102,"2009-11-02 12:00:00","2009-11-02 12:00:00",2009,11,2,1,11.722,3.667,0.254,NA,NA,FALSE,FALSE
20091103,"2009-11-03 12:00:00","2009-11-03 12:00:00",2009,11,3,0.889,13.722,8.222,0,NA,NA,FALSE,FALSE
20091104,"2009-11-04 12:00:00","2009-11-04 12:00:00",2009,11,4,5.5,16.611,12.944,0,NA,NA,FALSE,FALSE
20091105,"2009-11-05 12:00:00","2009-11-05 12:00:00",2009,11,5,10.389,22.5,15.833,0,NA,NA,FALSE,FALSE
20091106,"2009-11-06 12:00:00","2009-11-06 12:00:00",2009,11,6,12,23.778,17.444,0,NA,NA,FALSE,FALSE
20091107,"2009-11-07 12:00:00","2009-11-07 12:00:00",2009,11,7,12.778,25,20.056,0,NA,NA,FALSE,FALSE
20091108,"2009-11-08 12:00:00","2009-11-08 12:00:00",2009,11,8,16,23.722,18.333,8.89,NA,NA,FALSE,FALSE
20091109,"2009-11-09 12:00:00","2009-11-09 12:00:00",2009,11,9,16,25.389,19.722,0,NA,NA,FALSE,FALSE
20091110,"2009-11-10 12:00:00","2009-11-10 12:00:00",2009,11,10,12.778,18.389,15.278,4.064,NA,NA,FALSE,FALSE
20091111,"2009-11-11 12:00:00","2009-11-11 12:00:00",2009,11,11,9.722,19.778,13.444,0,NA,NA,FALSE,FALSE
20091112,"2009-11-12 12:00:00","2009-11-12 12:00:00",2009,11,12,9.5,16.611,12.222,0,NA,NA,FALSE,FALSE
20091113,"2009-11-13 12:00:00","2009-11-13 12:00:00",2009,11,13,10.278,12.889,11.667,5.588,NA,NA,FALSE,FALSE
20091114,"2009-11-14 12:00:00","2009-11-14 12:00:00",2009,11,14,6.389,12.778,8.444,0,NA,NA,FALSE,FALSE
20091115,"2009-11-15 12:00:00","2009-11-15 12:00:00",2009,11,15,3,7.889,4.722,0,NA,NA,FALSE,FALSE
20091116,"2009-11-16 12:00:00","2009-11-16 12:00:00",2009,11,16,1.722,6,3.389,0,NA,NA,FALSE,FALSE
20091117,"2009-11-17 12:00:00","2009-11-17 12:00:00",2009,11,17,-0.222,6.722,2.222,0,NA,NA,FALSE,FALSE
20091118,"2009-11-18 12:00:00","2009-11-18 12:00:00",2009,11,18,-0.722,8.5,4.056,0,NA,NA,FALSE,FALSE
20091119,"2009-11-19 12:00:00","2009-11-19 12:00:00",2009,11,19,1.722,11.5,5.556,0,NA,NA,FALSE,FALSE
20091120,"2009-11-20 12:00:00","2009-11-20 12:00:00",2009,11,20,1.722,9.889,5.389,NA,NA,NA,FALSE,FALSE
20091121,"2009-11-21 12:00:00","2009-11-21 12:00:00",2009,11,21,-1,8.5,3.278,0,NA,NA,FALSE,FALSE
20091122,"2009-11-22 12:00:00","2009-11-22 12:00:00",2009,11,22,-1.278,12,5.389,0,NA,NA,FALSE,FALSE
20091123,"2009-11-23 12:00:00","2009-11-23 12:00:00",2009,11,23,1.778,14.889,8,0,NA,NA,FALSE,FALSE
20091124,"2009-11-24 12:00:00","2009-11-24 12:00:00",2009,11,24,2.111,17.278,8.889,0,NA,NA,FALSE,FALSE
20091125,"2009-11-25 12:00:00","2009-11-25 12:00:00",2009,11,25,2.5,15.889,9,0,NA,NA,FALSE,FALSE
20091126,"2009-11-26 12:00:00","2009-11-26 12:00:00",2009,11,26,3.5,17.611,10.667,0,NA,NA,FALSE,FALSE
20091127,"2009-11-27 12:00:00","2009-11-27 12:00:00",2009,11,27,4.889,14.222,8.556,0,NA,NA,FALSE,FALSE
20091128,"2009-11-28 12:00:00","2009-11-28 12:00:00",2009,11,28,3.778,12.722,7.111,NA,NA,NA,FALSE,FALSE
20091129,"2009-11-29 12:00:00","2009-11-29 12:00:00",2009,11,29,3.222,9.222,6.333,6.096,NA,NA,FALSE,FALSE
20091130,"2009-11-30 12:00:00","2009-11-30 12:00:00",2009,11,30,2,11.5,6.222,0,NA,NA,FALSE,FALSE
20091201,"2009-12-01 12:00:00","2009-12-01 12:00:00",2009,12,1,1.778,12.5,6.389,0,NA,NA,FALSE,FALSE
20091202,"2009-12-02 12:00:00","2009-12-02 12:00:00",2009,12,2,1.389,12.222,7.222,0,NA,NA,FALSE,FALSE
20091203,"2009-12-03 12:00:00","2009-12-03 12:00:00",2009,12,3,0.611,9.278,5.111,0.508,NA,NA,FALSE,FALSE
20091204,"2009-12-04 12:00:00","2009-12-04 12:00:00",2009,12,4,-0.222,12.722,7.5,0,NA,NA,FALSE,FALSE
20091205,"2009-12-05 12:00:00","2009-12-05 12:00:00",2009,12,5,0.722,9.278,2.389,8.382,NA,NA,FALSE,FALSE
20091206,"2009-12-06 12:00:00","2009-12-06 12:00:00",2009,12,6,-1,5.5,1.5,0,NA,NA,FALSE,FALSE
20091207,"2009-12-07 12:00:00","2009-12-07 12:00:00",2009,12,7,-1.389,10.111,3.556,0,NA,NA,FALSE,FALSE
20091208,"2009-12-08 12:00:00","2009-12-08 12:00:00",2009,12,8,-0.778,11,6.444,NA,NA,NA,FALSE,FALSE
20091209,"2009-12-09 12:00:00","2009-12-09 12:00:00",2009,12,9,4.778,9.222,8.056,2.54,NA,NA,FALSE,FALSE
20091210,"2009-12-10 12:00:00","2009-12-10 12:00:00",2009,12,10,8.222,12.222,10.889,11.176,NA,NA,FALSE,FALSE
20091211,"2009-12-11 12:00:00","2009-12-11 12:00:00",2009,12,11,8.722,12.278,9.944,5.08,NA,NA,FALSE,FALSE
20091212,"2009-12-12 12:00:00","2009-12-12 12:00:00",2009,12,12,4.611,11.889,7.056,0,NA,NA,FALSE,FALSE
20091213,"2009-12-13 12:00:00","2009-12-13 12:00:00",2009,12,13,1.222,11.778,5.167,0,NA,NA,FALSE,FALSE
20091214,"2009-12-14 12:00:00","2009-12-14 12:00:00",2009,12,14,0.778,7.389,4,0,NA,NA,FALSE,FALSE
20091215,"2009-12-15 12:00:00","2009-12-15 12:00:00",2009,12,15,-4.222,3.278,-0.111,0,NA,NA,FALSE,FALSE
20091216,"2009-12-16 12:00:00","2009-12-16 12:00:00",2009,12,16,-4.611,2.611,-1.333,NA,NA,NA,FALSE,FALSE
20091217,"2009-12-17 12:00:00","2009-12-17 12:00:00",2009,12,17,-5.111,2.778,-2.278,2.54,NA,NA,FALSE,FALSE
20091218,"2009-12-18 12:00:00","2009-12-18 12:00:00",2009,12,18,-6.222,-0.722,-3.833,4.064,NA,NA,FALSE,FALSE
20091219,"2009-12-19 12:00:00","2009-12-19 12:00:00",2009,12,19,-5,2.111,-0.556,3.048,NA,NA,FALSE,FALSE
20091220,"2009-12-20 12:00:00","2009-12-20 12:00:00",2009,12,20,-3.889,4.389,0.222,7.112,NA,NA,FALSE,FALSE
20091221,"2009-12-21 12:00:00","2009-12-21 12:00:00",2009,12,21,-4.5,4.389,0.111,0,NA,NA,FALSE,FALSE
20091222,"2009-12-22 12:00:00","2009-12-22 12:00:00",2009,12,22,-2.5,10.222,4.5,0,NA,NA,FALSE,FALSE
20091223,"2009-12-23 12:00:00","2009-12-23 12:00:00",2009,12,23,0,11.278,5.111,0,NA,NA,FALSE,FALSE
20091224,"2009-12-24 12:00:00","2009-12-24 12:00:00",2009,12,24,-1.278,10.778,4.944,0,NA,NA,FALSE,FALSE
20091225,"2009-12-25 12:00:00","2009-12-25 12:00:00",2009,12,25,-0.278,7.611,3.056,0.508,NA,NA,FALSE,FALSE
20091226,"2009-12-26 12:00:00","2009-12-26 12:00:00",2009,12,26,-5.389,1.722,-2.278,0,NA,NA,FALSE,FALSE
20091227,"2009-12-27 12:00:00","2009-12-27 12:00:00",2009,12,27,-5.722,1.722,-2.167,0,NA,NA,FALSE,FALSE
20091228,"2009-12-28 12:00:00","2009-12-28 12:00:00",2009,12,28,-6,3.111,-2.278,0,NA,NA,FALSE,FALSE
20091229,"2009-12-29 12:00:00","2009-12-29 12:00:00",2009,12,29,-6.5,5.5,1.667,0,NA,NA,FALSE,FALSE
20091230,"2009-12-30 12:00:00","2009-12-30 12:00:00",2009,12,30,-3.889,4.389,-0.778,2.032,NA,NA,FALSE,FALSE
20091231,"2009-12-31 12:00:00","2009-12-31 12:00:00",2009,12,31,-7.889,-2,-5.556,6.604,NA,NA,FALSE,FALSE
20100101,"2010-01-01 12:00:00","2010-01-01 12:00:00",2010,1,1,-9.5,1.889,-2.444,0,NA,NA,FALSE,FALSE
20100102,"2010-01-02 12:00:00","2010-01-02 12:00:00",2010,1,2,-3.889,6.611,2.278,0,NA,NA,FALSE,FALSE
20100103,"2010-01-03 12:00:00","2010-01-03 12:00:00",2010,1,3,-1.778,3.5,0.056,0,NA,NA,FALSE,FALSE
20100104,"2010-01-04 12:00:00","2010-01-04 12:00:00",2010,1,4,-2.889,5.722,0.167,4.064,NA,NA,FALSE,FALSE
20100105,"2010-01-05 12:00:00","2010-01-05 12:00:00",2010,1,5,-6.889,0.222,-3.889,6.096,NA,NA,FALSE,FALSE
20100106,"2010-01-06 12:00:00","2010-01-06 12:00:00",2010,1,6,-7.222,-0.389,-4.111,0.508,NA,NA,FALSE,FALSE
20100107,"2010-01-07 12:00:00","2010-01-07 12:00:00",2010,1,7,-5.778,1.111,-2.778,0,NA,NA,FALSE,FALSE
20100108,"2010-01-08 12:00:00","2010-01-08 12:00:00",2010,1,8,-5.889,3.278,-1.778,0,NA,NA,FALSE,FALSE
20100109,"2010-01-09 12:00:00","2010-01-09 12:00:00",2010,1,9,-5.111,2.278,0.556,0,NA,NA,FALSE,FALSE
20100110,"2010-01-10 12:00:00","2010-01-10 12:00:00",2010,1,10,0.611,3.722,1.889,0,NA,NA,FALSE,FALSE
20100111,"2010-01-11 12:00:00","2010-01-11 12:00:00",2010,1,11,-1.778,3.889,0.944,NA,NA,NA,FALSE,FALSE
20100112,"2010-01-12 12:00:00","2010-01-12 12:00:00",2010,1,12,-7,0.222,-3.333,0,NA,NA,FALSE,FALSE
20100113,"2010-01-13 12:00:00","2010-01-13 12:00:00",2010,1,13,-8.5,-2.889,-6.111,4.572,NA,NA,FALSE,FALSE
20100114,"2010-01-14 12:00:00","2010-01-14 12:00:00",2010,1,14,-8.111,2.222,-1.722,0,NA,NA,FALSE,FALSE
20100115,"2010-01-15 12:00:00","2010-01-15 12:00:00",2010,1,15,-5.222,5.722,-0.278,0,NA,NA,FALSE,FALSE
20100116,"2010-01-16 12:00:00","2010-01-16 12:00:00",2010,1,16,-5.389,3.778,-1.889,0,NA,NA,FALSE,FALSE
20100117,"2010-01-17 12:00:00","2010-01-17 12:00:00",2010,1,17,-6.611,6.278,-0.167,0,NA,NA,FALSE,FALSE
20100118,"2010-01-18 12:00:00","2010-01-18 12:00:00",2010,1,18,-3.889,10.222,2.444,0,NA,NA,FALSE,FALSE
20100119,"2010-01-19 12:00:00","2010-01-19 12:00:00",2010,1,19,-1.611,15.611,10,NA,NA,NA,FALSE,FALSE
20100120,"2010-01-20 12:00:00","2010-01-20 12:00:00",2010,1,20,3,13.778,10.389,10.16,NA,NA,FALSE,FALSE
20100121,"2010-01-21 12:00:00","2010-01-21 12:00:00",2010,1,21,-2,10,-0.111,0.508,NA,NA,FALSE,FALSE
20100122,"2010-01-22 12:00:00","2010-01-22 12:00:00",2010,1,22,-3.5,1.889,-1.389,0,NA,NA,FALSE,FALSE
20100123,"2010-01-23 12:00:00","2010-01-23 12:00:00",2010,1,23,-3.722,1.389,-1.444,2.286,NA,NA,FALSE,FALSE
20100124,"2010-01-24 12:00:00","2010-01-24 12:00:00",2010,1,24,-3.889,6.111,1.778,0,NA,NA,FALSE,FALSE
20100125,"2010-01-25 12:00:00","2010-01-25 12:00:00",2010,1,25,-4.778,5,-0.944,0,NA,NA,FALSE,FALSE
20100126,"2010-01-26 12:00:00","2010-01-26 12:00:00",2010,1,26,-5.722,5.778,-0.167,0,NA,NA,FALSE,FALSE
20100127,"2010-01-27 12:00:00","2010-01-27 12:00:00",2010,1,27,-3.389,7.111,5.222,10.922,NA,NA,FALSE,FALSE
20100128,"2010-01-28 12:00:00","2010-01-28 12:00:00",2010,1,28,-0.722,7.389,2.944,0.508,NA,NA,FALSE,FALSE
20100129,"2010-01-29 12:00:00","2010-01-29 12:00:00",2010,1,29,-1.611,7.389,1.556,0,NA,NA,FALSE,FALSE
20100130,"2010-01-30 12:00:00","2010-01-30 12:00:00",2010,1,30,-2.389,7.278,4.5,0,NA,NA,FALSE,FALSE
20100131,"2010-01-31 12:00:00","2010-01-31 12:00:00",2010,1,31,3.111,12.278,6.056,0,NA,NA,FALSE,FALSE
20100201,"2010-02-01 12:00:00","2010-02-01 12:00:00",2010,2,1,-0.889,7.889,2.611,0,NA,NA,FALSE,FALSE
20100202,"2010-02-02 12:00:00","2010-02-02 12:00:00",2010,2,2,-5.222,2.778,-1.611,0,NA,NA,FALSE,FALSE
20100203,"2010-02-03 12:00:00","2010-02-03 12:00:00",2010,2,3,-5.389,0.389,-3.444,NA,NA,NA,FALSE,FALSE
20100204,"2010-02-04 12:00:00","2010-02-04 12:00:00",2010,2,4,-5.778,4.111,-0.944,0,NA,NA,FALSE,FALSE
20100205,"2010-02-05 12:00:00","2010-02-05 12:00:00",2010,2,5,-5,4.389,-1,0,NA,NA,FALSE,FALSE
20100206,"2010-02-06 12:00:00","2010-02-06 12:00:00",2010,2,6,-5.278,6.778,0.056,0,NA,NA,FALSE,FALSE
20100207,"2010-02-07 12:00:00","2010-02-07 12:00:00",2010,2,7,-4.278,11.389,6.056,NA,NA,NA,FALSE,FALSE
20100208,"2010-02-08 12:00:00","2010-02-08 12:00:00",2010,2,8,5,10,8.167,8.128,NA,NA,FALSE,FALSE
20100209,"2010-02-09 12:00:00","2010-02-09 12:00:00",2010,2,9,7.222,11.222,10.056,4.572,NA,NA,FALSE,FALSE
20100210,"2010-02-10 12:00:00","2010-02-10 12:00:00",2010,2,10,6.611,10.389,7.444,10.16,NA,NA,FALSE,FALSE
20100211,"2010-02-11 12:00:00","2010-02-11 12:00:00",2010,2,11,1.889,7.389,3.778,25.146,NA,NA,FALSE,FALSE
20100212,"2010-02-12 12:00:00","2010-02-12 12:00:00",2010,2,12,-0.5,3.111,1.333,7.112,NA,NA,FALSE,FALSE
20100213,"2010-02-13 12:00:00","2010-02-13 12:00:00",2010,2,13,-2.722,2.5,-0.5,0,NA,NA,FALSE,FALSE
20100214,"2010-02-14 12:00:00","2010-02-14 12:00:00",2010,2,14,-3.278,3.778,0.778,0,NA,NA,FALSE,FALSE
20100215,"2010-02-15 12:00:00","2010-02-15 12:00:00",2010,2,15,-3,6.278,0.611,0,NA,NA,FALSE,FALSE
20100216,"2010-02-16 12:00:00","2010-02-16 12:00:00",2010,2,16,-3.778,3.889,-1.222,0,NA,NA,FALSE,FALSE
20100217,"2010-02-17 12:00:00","2010-02-17 12:00:00",2010,2,17,-4.111,6.889,1.111,NA,NA,NA,FALSE,FALSE
20100218,"2010-02-18 12:00:00","2010-02-18 12:00:00",2010,2,18,-3.5,2.778,-0.944,2.032,NA,NA,FALSE,FALSE
20100219,"2010-02-19 12:00:00","2010-02-19 12:00:00",2010,2,19,-3.889,7,1.389,0.254,NA,NA,FALSE,FALSE
20100220,"2010-02-20 12:00:00","2010-02-20 12:00:00",2010,2,20,-2.722,11.778,4.556,0,NA,NA,FALSE,FALSE
20100221,"2010-02-21 12:00:00","2010-02-21 12:00:00",2010,2,21,-1,14.611,6.778,0,NA,NA,FALSE,FALSE
20100222,"2010-02-22 12:00:00","2010-02-22 12:00:00",2010,2,22,1.222,11.722,6.444,0,NA,NA,FALSE,FALSE
20100223,"2010-02-23 12:00:00","2010-02-23 12:00:00",2010,2,23,0.611,19.778,10.611,0,NA,NA,FALSE,FALSE
20100224,"2010-02-24 12:00:00","2010-02-24 12:00:00",2010,2,24,5.889,20.611,17.111,NA,NA,NA,FALSE,FALSE
20100225,"2010-02-25 12:00:00","2010-02-25 12:00:00",2010,2,25,12.611,18.611,14.944,69.088,NA,NA,FALSE,FALSE
20100226,"2010-02-26 12:00:00","2010-02-26 12:00:00",2010,2,26,10.5,15,12.111,7.874,NA,NA,FALSE,FALSE
20100227,"2010-02-27 12:00:00","2010-02-27 12:00:00",2010,2,27,7.722,11.111,8.5,5.08,NA,NA,FALSE,FALSE
20100228,"2010-02-28 12:00:00","2010-02-28 12:00:00",2010,2,28,7.389,14.5,10.611,0,NA,NA,FALSE,FALSE
20100301,"2010-03-01 12:00:00","2010-03-01 12:00:00",2010,3,1,6.778,12.111,9.5,6.096,NA,NA,FALSE,FALSE
20100302,"2010-03-02 12:00:00","2010-03-02 12:00:00",2010,3,2,2.5,8.111,5.167,0.508,NA,NA,FALSE,FALSE
20100303,"2010-03-03 12:00:00","2010-03-03 12:00:00",2010,3,3,2.278,14,8.611,0,NA,NA,FALSE,FALSE
20100304,"2010-03-04 12:00:00","2010-03-04 12:00:00",2010,3,4,5.278,8.889,8.056,5.08,NA,NA,FALSE,FALSE
20100305,"2010-03-05 12:00:00","2010-03-05 12:00:00",2010,3,5,5.611,9.222,7.389,4.572,NA,NA,FALSE,FALSE
20100306,"2010-03-06 12:00:00","2010-03-06 12:00:00",2010,3,6,4.5,7.611,6.056,8.128,NA,NA,FALSE,FALSE
20100307,"2010-03-07 12:00:00","2010-03-07 12:00:00",2010,3,7,1.722,10,5.5,3.048,NA,NA,FALSE,FALSE
20100308,"2010-03-08 12:00:00","2010-03-08 12:00:00",2010,3,8,1.111,12,6.5,0,NA,NA,FALSE,FALSE
20100309,"2010-03-09 12:00:00","2010-03-09 12:00:00",2010,3,9,-3.278,6.278,1.667,0.508,NA,NA,FALSE,FALSE
20100310,"2010-03-10 12:00:00","2010-03-10 12:00:00",2010,3,10,-3.5,2.389,0.5,3.048,NA,NA,FALSE,FALSE
20100311,"2010-03-11 12:00:00","2010-03-11 12:00:00",2010,3,11,-0.5,10.5,6.5,0,NA,NA,FALSE,FALSE
20100312,"2010-03-12 12:00:00","2010-03-12 12:00:00",2010,3,12,4.111,17.611,10.222,0,NA,NA,FALSE,FALSE
20100313,"2010-03-13 12:00:00","2010-03-13 12:00:00",2010,3,13,3.611,16.611,10.278,0,NA,NA,FALSE,FALSE
20100314,"2010-03-14 12:00:00","2010-03-14 12:00:00",2010,3,14,6.889,16,13.944,0,NA,NA,FALSE,FALSE
20100315,"2010-03-15 12:00:00","2010-03-15 12:00:00",2010,3,15,3,15.389,7.722,16.002,NA,NA,FALSE,FALSE
20100316,"2010-03-16 12:00:00","2010-03-16 12:00:00",2010,3,16,-0.278,8,3.222,0,NA,NA,FALSE,FALSE
20100317,"2010-03-17 12:00:00","2010-03-17 12:00:00",2010,3,17,-0.5,10.389,6.611,NA,NA,NA,FALSE,FALSE
20100318,"2010-03-18 12:00:00","2010-03-18 12:00:00",2010,3,18,-1.889,6.389,1.667,4.064,NA,NA,FALSE,FALSE
20100319,"2010-03-19 12:00:00","2010-03-19 12:00:00",2010,3,19,-2.389,17,12.278,0,NA,NA,FALSE,FALSE
20100320,"2010-03-20 12:00:00","2010-03-20 12:00:00",2010,3,20,2.778,20.722,10.444,0,NA,NA,FALSE,FALSE
20100321,"2010-03-21 12:00:00","2010-03-21 12:00:00",2010,3,21,1.778,9.389,4.778,0,NA,NA,FALSE,FALSE
20100322,"2010-03-22 12:00:00","2010-03-22 12:00:00",2010,3,22,1.111,10,7.556,0,NA,NA,FALSE,FALSE
20100323,"2010-03-23 12:00:00","2010-03-23 12:00:00",2010,3,23,5.778,12,9.111,2.032,NA,NA,FALSE,FALSE
20100324,"2010-03-24 12:00:00","2010-03-24 12:00:00",2010,3,24,7.222,15.5,10.667,0,NA,NA,FALSE,FALSE
20100325,"2010-03-25 12:00:00","2010-03-25 12:00:00",2010,3,25,1.278,10.222,5.222,0,NA,NA,FALSE,FALSE
20100326,"2010-03-26 12:00:00","2010-03-26 12:00:00",2010,3,26,0.722,9.778,5,0,NA,NA,FALSE,FALSE
20100327,"2010-03-27 12:00:00","2010-03-27 12:00:00",2010,3,27,1.111,12.889,8.333,0,NA,NA,FALSE,FALSE
20100328,"2010-03-28 12:00:00","2010-03-28 12:00:00",2010,3,28,0.611,12.778,5.944,0,NA,NA,FALSE,FALSE
20100329,"2010-03-29 12:00:00","2010-03-29 12:00:00",2010,3,29,0.278,16,8.889,0,NA,NA,FALSE,FALSE
20100330,"2010-03-30 12:00:00","2010-03-30 12:00:00",2010,3,30,5.5,15,9.944,NA,NA,NA,FALSE,FALSE
20100331,"2010-03-31 12:00:00","2010-03-31 12:00:00",2010,3,31,7.111,13.722,11.333,22.86,NA,NA,FALSE,FALSE
20100401,"2010-04-01 12:00:00","2010-04-01 12:00:00",2010,4,1,3.389,11.778,7.444,17.018,NA,NA,FALSE,FALSE
20100402,"2010-04-02 12:00:00","2010-04-02 12:00:00",2010,4,2,2.722,13.278,8.167,0,NA,NA,FALSE,FALSE
20100403,"2010-04-03 12:00:00","2010-04-03 12:00:00",2010,4,3,2.222,14.5,7.556,0,NA,NA,FALSE,FALSE
20100404,"2010-04-04 12:00:00","2010-04-04 12:00:00",2010,4,4,2,19.611,12.889,0,NA,NA,FALSE,FALSE
20100405,"2010-04-05 12:00:00","2010-04-05 12:00:00",2010,4,5,8.778,21.889,15.278,0,NA,NA,FALSE,FALSE
20100406,"2010-04-06 12:00:00","2010-04-06 12:00:00",2010,4,6,2.722,13.778,8.056,0,NA,NA,FALSE,FALSE
20100407,"2010-04-07 12:00:00","2010-04-07 12:00:00",2010,4,7,2.278,14.889,8.222,0,NA,NA,FALSE,FALSE
20100408,"2010-04-08 12:00:00","2010-04-08 12:00:00",2010,4,8,2.5,20.111,12.167,0,NA,NA,FALSE,FALSE
20100409,"2010-04-09 12:00:00","2010-04-09 12:00:00",2010,4,9,7.778,21.389,14.667,0,NA,NA,FALSE,FALSE
20100410,"2010-04-10 12:00:00","2010-04-10 12:00:00",2010,4,10,10.722,20.389,14.611,0,NA,NA,FALSE,FALSE
20100411,"2010-04-11 12:00:00","2010-04-11 12:00:00",2010,4,11,11,20.611,14.5,0.508,NA,NA,FALSE,FALSE
20100412,"2010-04-12 12:00:00","2010-04-12 12:00:00",2010,4,12,7,19.889,12.944,8.128,NA,NA,FALSE,FALSE
20100413,"2010-04-13 12:00:00","2010-04-13 12:00:00",2010,4,13,3.111,11.278,5.667,3.048,NA,NA,FALSE,FALSE
20100414,"2010-04-14 12:00:00","2010-04-14 12:00:00",2010,4,14,1,9.611,3.611,0.508,NA,NA,FALSE,FALSE
20100415,"2010-04-15 12:00:00","2010-04-15 12:00:00",2010,4,15,1,14.5,7.778,0.508,NA,NA,FALSE,FALSE
20100416,"2010-04-16 12:00:00","2010-04-16 12:00:00",2010,4,16,2.722,16.5,8.111,0,NA,NA,FALSE,FALSE
20100417,"2010-04-17 12:00:00","2010-04-17 12:00:00",2010,4,17,2.111,18.889,11.111,0,NA,NA,FALSE,FALSE
20100418,"2010-04-18 12:00:00","2010-04-18 12:00:00",2010,4,18,6.278,15.722,12.389,0.508,NA,NA,FALSE,FALSE
20100419,"2010-04-19 12:00:00","2010-04-19 12:00:00",2010,4,19,11.5,17.611,14.444,20.066,NA,NA,FALSE,FALSE
20100420,"2010-04-20 12:00:00","2010-04-20 12:00:00",2010,4,20,12.5,26.111,18.667,0,NA,NA,FALSE,FALSE
20100421,"2010-04-21 12:00:00","2010-04-21 12:00:00",2010,4,21,9.222,18.611,13.389,5.08,NA,NA,FALSE,FALSE
20100422,"2010-04-22 12:00:00","2010-04-22 12:00:00",2010,4,22,9.111,14.722,11.167,28.194,NA,NA,FALSE,FALSE
20100423,"2010-04-23 12:00:00","2010-04-23 12:00:00",2010,4,23,5.611,16.389,10.556,0.508,NA,NA,FALSE,FALSE
20100424,"2010-04-24 12:00:00","2010-04-24 12:00:00",2010,4,24,5.278,19.222,12.167,0,NA,NA,FALSE,FALSE
20100425,"2010-04-25 12:00:00","2010-04-25 12:00:00",2010,4,25,5.889,22.611,16,0,NA,NA,FALSE,FALSE
20100426,"2010-04-26 12:00:00","2010-04-26 12:00:00",2010,4,26,10.889,17.778,13.944,36.068,NA,NA,FALSE,FALSE
20100427,"2010-04-27 12:00:00","2010-04-27 12:00:00",2010,4,27,5.278,14,9.056,1.016,NA,NA,FALSE,FALSE
20100428,"2010-04-28 12:00:00","2010-04-28 12:00:00",2010,4,28,4.722,11.278,7.611,13.97,NA,NA,FALSE,FALSE
20100429,"2010-04-29 12:00:00","2010-04-29 12:00:00",2010,4,29,5.778,16.222,11.389,0.508,NA,NA,FALSE,FALSE
20100430,"2010-04-30 12:00:00","2010-04-30 12:00:00",2010,4,30,6.222,18.5,12.333,0,NA,NA,FALSE,FALSE
20100501,"2010-05-01 12:00:00","2010-05-01 12:00:00",2010,5,1,5.889,22,14.778,0,NA,NA,FALSE,FALSE
20100502,"2010-05-02 12:00:00","2010-05-02 12:00:00",2010,5,2,9.278,27.611,21.111,0,NA,NA,FALSE,FALSE
20100503,"2010-05-03 12:00:00","2010-05-03 12:00:00",2010,5,3,17.222,26.278,20.833,0,NA,NA,FALSE,FALSE
20100504,"2010-05-04 12:00:00","2010-05-04 12:00:00",2010,5,4,17.222,27.722,21.778,0,NA,NA,FALSE,FALSE
20100505,"2010-05-05 12:00:00","2010-05-05 12:00:00",2010,5,5,16.889,25.111,21.056,NA,NA,NA,FALSE,FALSE
20100506,"2010-05-06 12:00:00","2010-05-06 12:00:00",2010,5,6,10,21.889,15.111,6.096,NA,NA,FALSE,FALSE
20100507,"2010-05-07 12:00:00","2010-05-07 12:00:00",2010,5,7,9.778,23.722,16.778,0,NA,NA,FALSE,FALSE
20100508,"2010-05-08 12:00:00","2010-05-08 12:00:00",2010,5,8,10.278,26.611,19.611,0,NA,NA,FALSE,FALSE
20100509,"2010-05-09 12:00:00","2010-05-09 12:00:00",2010,5,9,14.5,26.611,20.778,0,NA,NA,FALSE,FALSE
20100510,"2010-05-10 12:00:00","2010-05-10 12:00:00",2010,5,10,10.889,24,17.056,0,NA,NA,FALSE,FALSE
20100511,"2010-05-11 12:00:00","2010-05-11 12:00:00",2010,5,11,9.778,24.111,15.778,0,NA,NA,FALSE,FALSE
20100512,"2010-05-12 12:00:00","2010-05-12 12:00:00",2010,5,12,9.389,22.111,14.944,0,NA,NA,FALSE,FALSE
20100513,"2010-05-13 12:00:00","2010-05-13 12:00:00",2010,5,13,9.111,24.389,16.556,0,NA,NA,FALSE,FALSE
20100514,"2010-05-14 12:00:00","2010-05-14 12:00:00",2010,5,14,11.389,25.111,18.111,0,NA,NA,FALSE,FALSE
20100515,"2010-05-15 12:00:00","2010-05-15 12:00:00",2010,5,15,13,23.278,18.111,0,NA,NA,FALSE,FALSE
20100516,"2010-05-16 12:00:00","2010-05-16 12:00:00",2010,5,16,13.278,28.222,20.556,0,NA,NA,FALSE,FALSE
20100517,"2010-05-17 12:00:00","2010-05-17 12:00:00",2010,5,17,13.889,26.889,20.722,9.906,NA,NA,FALSE,FALSE
20100518,"2010-05-18 12:00:00","2010-05-18 12:00:00",2010,5,18,17.389,21.5,19.5,21.082,NA,NA,FALSE,FALSE
20100519,"2010-05-19 12:00:00","2010-05-19 12:00:00",2010,5,19,16.889,25.889,20.167,4.064,NA,NA,FALSE,FALSE
20100520,"2010-05-20 12:00:00","2010-05-20 12:00:00",2010,5,20,16.222,30.111,22.222,0,NA,NA,FALSE,FALSE
20100521,"2010-05-21 12:00:00","2010-05-21 12:00:00",2010,5,21,15.889,32.222,25.111,0,NA,NA,FALSE,FALSE
20100522,"2010-05-22 12:00:00","2010-05-22 12:00:00",2010,5,22,15.611,22,16.611,11.938,NA,NA,FALSE,FALSE
20100523,"2010-05-23 12:00:00","2010-05-23 12:00:00",2010,5,23,13.889,19.722,16.111,11.43,NA,NA,FALSE,FALSE
20100524,"2010-05-24 12:00:00","2010-05-24 12:00:00",2010,5,24,13.889,16.778,15.056,2.032,NA,NA,FALSE,FALSE
20100525,"2010-05-25 12:00:00","2010-05-25 12:00:00",2010,5,25,13.222,18.111,14.889,2.54,NA,NA,FALSE,FALSE
20100526,"2010-05-26 12:00:00","2010-05-26 12:00:00",2010,5,26,13.111,25.222,19.333,0,NA,NA,FALSE,FALSE
20100527,"2010-05-27 12:00:00","2010-05-27 12:00:00",2010,5,27,15.889,26,19.389,0,NA,NA,FALSE,FALSE
20100528,"2010-05-28 12:00:00","2010-05-28 12:00:00",2010,5,28,14.389,21.222,17.389,0,NA,NA,FALSE,FALSE
20100529,"2010-05-29 12:00:00","2010-05-29 12:00:00",2010,5,29,14.222,27,20.222,0,NA,NA,FALSE,FALSE
20100530,"2010-05-30 12:00:00","2010-05-30 12:00:00",2010,5,30,15.111,26.111,20.111,1.016,NA,NA,FALSE,FALSE
20100531,"2010-05-31 12:00:00","2010-05-31 12:00:00",2010,5,31,15.389,25.722,19.111,0,NA,NA,FALSE,FALSE
20100601,"2010-06-01 12:00:00","2010-06-01 12:00:00",2010,6,1,14.611,24.778,18.778,0,NA,NA,FALSE,FALSE
20100602,"2010-06-02 12:00:00","2010-06-02 12:00:00",2010,6,2,15.111,26.722,20.389,0,NA,NA,FALSE,FALSE
20100603,"2010-06-03 12:00:00","2010-06-03 12:00:00",2010,6,3,15.889,29.111,22.389,0,NA,NA,FALSE,FALSE
20100604,"2010-06-04 12:00:00","2010-06-04 12:00:00",2010,6,4,17.389,29.889,22.611,0,NA,NA,FALSE,FALSE
20100605,"2010-06-05 12:00:00","2010-06-05 12:00:00",2010,6,5,17.389,31,22.944,2.032,NA,NA,FALSE,FALSE
20100606,"2010-06-06 12:00:00","2010-06-06 12:00:00",2010,6,6,18.278,31.222,22.222,34.036,NA,NA,FALSE,FALSE
20100607,"2010-06-07 12:00:00","2010-06-07 12:00:00",2010,6,7,17.722,29.389,22.278,4.064,NA,NA,FALSE,FALSE
20100608,"2010-06-08 12:00:00","2010-06-08 12:00:00",2010,6,8,17.222,28.278,22.833,0,NA,NA,FALSE,FALSE
20100609,"2010-06-09 12:00:00","2010-06-09 12:00:00",2010,6,9,17.278,31.778,24.778,0,NA,NA,FALSE,FALSE
20100610,"2010-06-10 12:00:00","2010-06-10 12:00:00",2010,6,10,18.611,31.111,24.778,0,NA,NA,FALSE,FALSE
20100611,"2010-06-11 12:00:00","2010-06-11 12:00:00",2010,6,11,19.5,28.611,23,0.508,NA,NA,FALSE,FALSE
20100612,"2010-06-12 12:00:00","2010-06-12 12:00:00",2010,6,12,19.278,26.389,22.778,3.048,NA,NA,FALSE,FALSE
20100613,"2010-06-13 12:00:00","2010-06-13 12:00:00",2010,6,13,21.389,28.611,23.944,2.032,NA,NA,FALSE,FALSE
20100614,"2010-06-14 12:00:00","2010-06-14 12:00:00",2010,6,14,20.889,29.778,24.222,0,NA,NA,FALSE,FALSE
20100615,"2010-06-15 12:00:00","2010-06-15 12:00:00",2010,6,15,20.278,29.889,24.167,1.016,NA,NA,FALSE,FALSE
20100616,"2010-06-16 12:00:00","2010-06-16 12:00:00",2010,6,16,19.889,30.111,24.611,0,NA,NA,FALSE,FALSE
20100617,"2010-06-17 12:00:00","2010-06-17 12:00:00",2010,6,17,20.611,32.5,26.944,NA,NA,NA,FALSE,FALSE
20100618,"2010-06-18 12:00:00","2010-06-18 12:00:00",2010,6,18,21.222,27.5,23.389,0.508,NA,NA,FALSE,FALSE
20100619,"2010-06-19 12:00:00","2010-06-19 12:00:00",2010,6,19,21.222,29.722,24.722,7.874,NA,NA,FALSE,FALSE
20100620,"2010-06-20 12:00:00","2010-06-20 12:00:00",2010,6,20,19.889,28.611,22.833,0,NA,NA,FALSE,FALSE
20100621,"2010-06-21 12:00:00","2010-06-21 12:00:00",2010,6,21,18.778,29.611,23.333,0,NA,NA,FALSE,FALSE
20100622,"2010-06-22 12:00:00","2010-06-22 12:00:00",2010,6,22,18.5,30,24.722,0,NA,NA,FALSE,FALSE
20100623,"2010-06-23 12:00:00","2010-06-23 12:00:00",2010,6,23,19.889,31,25,0,NA,NA,FALSE,FALSE
20100624,"2010-06-24 12:00:00","2010-06-24 12:00:00",2010,6,24,19.5,30.5,25.333,0,NA,NA,FALSE,FALSE
20100625,"2010-06-25 12:00:00","2010-06-25 12:00:00",2010,6,25,21,31.611,25.111,0,NA,NA,FALSE,FALSE
20100626,"2010-06-26 12:00:00","2010-06-26 12:00:00",2010,6,26,20.889,27.5,24.222,5.08,NA,NA,FALSE,FALSE
20100627,"2010-06-27 12:00:00","2010-06-27 12:00:00",2010,6,27,21.111,26.111,23.167,0.508,NA,NA,FALSE,FALSE
20100628,"2010-06-28 12:00:00","2010-06-28 12:00:00",2010,6,28,20.889,26.5,24.167,3.048,NA,NA,FALSE,FALSE
20100629,"2010-06-29 12:00:00","2010-06-29 12:00:00",2010,6,29,22.889,30.5,26.222,0,NA,NA,FALSE,FALSE
20100630,"2010-06-30 12:00:00","2010-06-30 12:00:00",2010,6,30,22.222,31.611,25.778,NA,NA,NA,FALSE,FALSE
20100701,"2010-07-01 12:00:00","2010-07-01 12:00:00",2010,7,1,21.5,30.611,27.222,60.96,NA,NA,FALSE,FALSE
20100702,"2010-07-02 12:00:00","2010-07-02 12:00:00",2010,7,2,24.5,28.222,25.611,26.924,NA,NA,FALSE,FALSE
20100703,"2010-07-03 12:00:00","2010-07-03 12:00:00",2010,7,3,24.5,30.111,26.5,2.032,NA,NA,FALSE,FALSE
20100704,"2010-07-04 12:00:00","2010-07-04 12:00:00",2010,7,4,23.611,28.111,25.5,0,NA,NA,FALSE,FALSE
20100705,"2010-07-05 12:00:00","2010-07-05 12:00:00",2010,7,5,23.222,30.111,25.556,0,NA,NA,FALSE,FALSE
20100706,"2010-07-06 12:00:00","2010-07-06 12:00:00",2010,7,6,22.778,33.111,26.944,0,NA,NA,FALSE,FALSE
20100707,"2010-07-07 12:00:00","2010-07-07 12:00:00",2010,7,7,22.111,31.222,25.944,0,NA,NA,FALSE,FALSE
20100708,"2010-07-08 12:00:00","2010-07-08 12:00:00",2010,7,8,21.5,31.222,26.278,0,NA,NA,FALSE,FALSE
20100709,"2010-07-09 12:00:00","2010-07-09 12:00:00",2010,7,9,22.611,33.111,26.5,0,NA,NA,FALSE,FALSE
20100710,"2010-07-10 12:00:00","2010-07-10 12:00:00",2010,7,10,21.222,31.778,25.111,NA,NA,NA,FALSE,FALSE
20100711,"2010-07-11 12:00:00","2010-07-11 12:00:00",2010,7,11,21.111,23.778,22.944,193.802,NA,NA,FALSE,FALSE
20100712,"2010-07-12 12:00:00","2010-07-12 12:00:00",2010,7,12,21.611,28,24.667,0,NA,NA,FALSE,FALSE
20100713,"2010-07-13 12:00:00","2010-07-13 12:00:00",2010,7,13,21.389,25.611,23,5.588,NA,NA,FALSE,FALSE
20100714,"2010-07-14 12:00:00","2010-07-14 12:00:00",2010,7,14,21.278,30.222,25.778,0,NA,NA,FALSE,FALSE
20100715,"2010-07-15 12:00:00","2010-07-15 12:00:00",2010,7,15,22.611,30.889,25.111,0.254,NA,NA,FALSE,FALSE
20100716,"2010-07-16 12:00:00","2010-07-16 12:00:00",2010,7,16,22.5,28.111,25.278,73.914,NA,NA,FALSE,FALSE
20100717,"2010-07-17 12:00:00","2010-07-17 12:00:00",2010,7,17,24.222,29.111,26.611,25.146,NA,NA,FALSE,FALSE
20100718,"2010-07-18 12:00:00","2010-07-18 12:00:00",2010,7,18,25.389,31.389,27.611,0,NA,NA,FALSE,FALSE
20100719,"2010-07-19 12:00:00","2010-07-19 12:00:00",2010,7,19,25.278,32.5,28.333,0,NA,NA,FALSE,FALSE
20100720,"2010-07-20 12:00:00","2010-07-20 12:00:00",2010,7,20,26,29.722,27.333,0.254,NA,NA,FALSE,FALSE
20100721,"2010-07-21 12:00:00","2010-07-21 12:00:00",2010,7,21,26,32.722,28.5,0,NA,NA,FALSE,FALSE
20100722,"2010-07-22 12:00:00","2010-07-22 12:00:00",2010,7,22,26,33.222,28.611,0,NA,NA,FALSE,FALSE
20100723,"2010-07-23 12:00:00","2010-07-23 12:00:00",2010,7,23,25.889,32.889,28.667,0,NA,NA,FALSE,FALSE
20100724,"2010-07-24 12:00:00","2010-07-24 12:00:00",2010,7,24,23.222,32.278,25.889,36.068,NA,NA,FALSE,FALSE
20100725,"2010-07-25 12:00:00","2010-07-25 12:00:00",2010,7,25,22.889,31.389,25.278,16.002,NA,NA,FALSE,FALSE
20100726,"2010-07-26 12:00:00","2010-07-26 12:00:00",2010,7,26,22.611,31.611,26.056,2.032,NA,NA,FALSE,FALSE
20100727,"2010-07-27 12:00:00","2010-07-27 12:00:00",2010,7,27,23.5,30.778,27.222,0,NA,NA,FALSE,FALSE
20100728,"2010-07-28 12:00:00","2010-07-28 12:00:00",2010,7,28,23.5,30.222,26,11.938,NA,NA,FALSE,FALSE
20100729,"2010-07-29 12:00:00","2010-07-29 12:00:00",2010,7,29,23.722,28.722,25.722,5.08,NA,NA,FALSE,FALSE
20100730,"2010-07-30 12:00:00","2010-07-30 12:00:00",2010,7,30,24.389,31,27.333,0,NA,NA,FALSE,FALSE
20100731,"2010-07-31 12:00:00","2010-07-31 12:00:00",2010,7,31,25.222,32.222,28.5,0,NA,NA,FALSE,FALSE
20100801,"2010-08-01 12:00:00","2010-08-01 12:00:00",2010,8,1,26.111,33.722,29.111,NA,NA,NA,FALSE,FALSE
20100802,"2010-08-02 12:00:00","2010-08-02 12:00:00",2010,8,2,26.778,33.278,29.111,0,NA,NA,FALSE,FALSE
20100803,"2010-08-03 12:00:00","2010-08-03 12:00:00",2010,8,3,26.389,33.722,29.167,0,NA,NA,FALSE,FALSE
20100804,"2010-08-04 12:00:00","2010-08-04 12:00:00",2010,8,4,26.278,34,29.722,0,NA,NA,FALSE,FALSE
20100805,"2010-08-05 12:00:00","2010-08-05 12:00:00",2010,8,5,26,32.778,29.333,NA,NA,NA,FALSE,FALSE
20100806,"2010-08-06 12:00:00","2010-08-06 12:00:00",2010,8,6,25.611,33.389,28.778,9.906,NA,NA,FALSE,FALSE
20100807,"2010-08-07 12:00:00","2010-08-07 12:00:00",2010,8,7,23,32.611,26.833,8.89,NA,NA,FALSE,FALSE
20100808,"2010-08-08 12:00:00","2010-08-08 12:00:00",2010,8,8,22.889,33.278,27.944,0,NA,NA,FALSE,FALSE
20100809,"2010-08-09 12:00:00","2010-08-09 12:00:00",2010,8,9,23.389,34.611,29.944,NA,NA,NA,FALSE,FALSE
20100810,"2010-08-10 12:00:00","2010-08-10 12:00:00",2010,8,10,25.111,29.5,26.111,37.084,NA,NA,FALSE,FALSE
20100811,"2010-08-11 12:00:00","2010-08-11 12:00:00",2010,8,11,24.611,30.889,27,21.082,NA,NA,FALSE,FALSE
20100812,"2010-08-12 12:00:00","2010-08-12 12:00:00",2010,8,12,24.111,33.389,29.111,0,NA,NA,FALSE,FALSE
20100813,"2010-08-13 12:00:00","2010-08-13 12:00:00",2010,8,13,25.222,30.389,28,33.02,NA,NA,FALSE,FALSE
20100814,"2010-08-14 12:00:00","2010-08-14 12:00:00",2010,8,14,27.722,31.778,29.278,0,NA,NA,FALSE,FALSE
20100815,"2010-08-15 12:00:00","2010-08-15 12:00:00",2010,8,15,25.778,30.389,27.5,19.05,NA,NA,FALSE,FALSE
20100816,"2010-08-16 12:00:00","2010-08-16 12:00:00",2010,8,16,24.222,31.222,25.944,32.004,NA,NA,FALSE,FALSE
20100817,"2010-08-17 12:00:00","2010-08-17 12:00:00",2010,8,17,24,31.389,27.556,88.9,NA,NA,FALSE,FALSE
20100818,"2010-08-18 12:00:00","2010-08-18 12:00:00",2010,8,18,24.611,32.889,28.222,0,NA,NA,FALSE,FALSE
20100819,"2010-08-19 12:00:00","2010-08-19 12:00:00",2010,8,19,24.389,34.722,29.611,0,NA,NA,FALSE,FALSE
20100820,"2010-08-20 12:00:00","2010-08-20 12:00:00",2010,8,20,25.389,34.722,29.722,0,NA,NA,FALSE,FALSE
20100821,"2010-08-21 12:00:00","2010-08-21 12:00:00",2010,8,21,25.5,35.5,29.889,0,NA,NA,FALSE,FALSE
20100822,"2010-08-22 12:00:00","2010-08-22 12:00:00",2010,8,22,25.5,34.222,29.722,0,NA,NA,FALSE,FALSE
20100823,"2010-08-23 12:00:00","2010-08-23 12:00:00",2010,8,23,26.722,33.278,29.167,0,NA,NA,FALSE,FALSE
20100824,"2010-08-24 12:00:00","2010-08-24 12:00:00",2010,8,24,25.222,33.278,28,4.064,NA,NA,FALSE,FALSE
20100825,"2010-08-25 12:00:00","2010-08-25 12:00:00",2010,8,25,25,31.722,27.111,9.144,NA,NA,FALSE,FALSE
20100826,"2010-08-26 12:00:00","2010-08-26 12:00:00",2010,8,26,24,30.722,26.611,14.986,NA,NA,FALSE,FALSE
20100827,"2010-08-27 12:00:00","2010-08-27 12:00:00",2010,8,27,24,28.5,26.111,2.032,NA,NA,FALSE,FALSE
20100828,"2010-08-28 12:00:00","2010-08-28 12:00:00",2010,8,28,23.389,39.389,26.056,36.068,NA,NA,FALSE,FALSE
20100829,"2010-08-29 12:00:00","2010-08-29 12:00:00",2010,8,29,24.611,28.778,26.389,11.938,NA,NA,FALSE,FALSE
20100830,"2010-08-30 12:00:00","2010-08-30 12:00:00",2010,8,30,23.889,30.778,26.444,4.064,NA,NA,FALSE,FALSE
20100831,"2010-08-31 12:00:00","2010-08-31 12:00:00",2010,8,31,23.778,31.778,26.389,4.572,NA,NA,FALSE,FALSE
20100901,"2010-09-01 12:00:00","2010-09-01 12:00:00",2010,9,1,23.889,32.389,27.389,7.874,NA,NA,FALSE,FALSE
20100902,"2010-09-02 12:00:00","2010-09-02 12:00:00",2010,9,2,24.778,31.111,27.5,7.874,NA,NA,FALSE,FALSE
20100903,"2010-09-03 12:00:00","2010-09-03 12:00:00",2010,9,3,23.222,33.389,28.111,0,NA,NA,FALSE,FALSE
20100904,"2010-09-04 12:00:00","2010-09-04 12:00:00",2010,9,4,23,33,27.611,0,NA,NA,FALSE,FALSE
20100905,"2010-09-05 12:00:00","2010-09-05 12:00:00",2010,9,5,23.778,33.778,27.778,NA,NA,NA,FALSE,FALSE
20100906,"2010-09-06 12:00:00","2010-09-06 12:00:00",2010,9,6,23.722,28.278,25.667,3.556,NA,NA,FALSE,FALSE
20100907,"2010-09-07 12:00:00","2010-09-07 12:00:00",2010,9,7,22,28.222,24.5,2.54,NA,NA,FALSE,FALSE
20100908,"2010-09-08 12:00:00","2010-09-08 12:00:00",2010,9,8,21.778,28.5,24,2.032,NA,NA,FALSE,FALSE
20100909,"2010-09-09 12:00:00","2010-09-09 12:00:00",2010,9,9,21.722,29.222,25.278,0.254,NA,NA,FALSE,FALSE
20100910,"2010-09-10 12:00:00","2010-09-10 12:00:00",2010,9,10,23.722,31.778,27.5,0,NA,NA,FALSE,FALSE
20100911,"2010-09-11 12:00:00","2010-09-11 12:00:00",2010,9,11,23.889,26.778,24.722,73.914,NA,NA,FALSE,FALSE
20100912,"2010-09-12 12:00:00","2010-09-12 12:00:00",2010,9,12,20.611,28.5,23.5,21.082,NA,NA,FALSE,FALSE
20100913,"2010-09-13 12:00:00","2010-09-13 12:00:00",2010,9,13,19.389,28.222,23.167,0,NA,NA,FALSE,FALSE
20100914,"2010-09-14 12:00:00","2010-09-14 12:00:00",2010,9,14,19.389,27.889,23.278,0.508,NA,NA,FALSE,FALSE
20100915,"2010-09-15 12:00:00","2010-09-15 12:00:00",2010,9,15,20.778,29,24.056,0,NA,NA,FALSE,FALSE
20100916,"2010-09-16 12:00:00","2010-09-16 12:00:00",2010,9,16,19.722,31.111,24.444,0,NA,NA,FALSE,FALSE
20100917,"2010-09-17 12:00:00","2010-09-17 12:00:00",2010,9,17,19.5,31.278,25,0,NA,NA,FALSE,FALSE
20100918,"2010-09-18 12:00:00","2010-09-18 12:00:00",2010,9,18,19.278,31.722,25.389,0,NA,NA,FALSE,FALSE
20100919,"2010-09-19 12:00:00","2010-09-19 12:00:00",2010,9,19,20.222,30.389,26.333,0,NA,NA,FALSE,FALSE
20100920,"2010-09-20 12:00:00","2010-09-20 12:00:00",2010,9,20,24.278,31.611,27.222,NA,NA,NA,FALSE,FALSE
20100921,"2010-09-21 12:00:00","2010-09-21 12:00:00",2010,9,21,22,32.111,27,0,NA,NA,FALSE,FALSE
20100922,"2010-09-22 12:00:00","2010-09-22 12:00:00",2010,9,22,15.389,26.111,18.611,23.114,NA,NA,FALSE,FALSE
20100923,"2010-09-23 12:00:00","2010-09-23 12:00:00",2010,9,23,14.5,24.222,18.667,0,NA,NA,FALSE,FALSE
20100924,"2010-09-24 12:00:00","2010-09-24 12:00:00",2010,9,24,14.111,25.5,19.278,0,NA,NA,FALSE,FALSE
20100925,"2010-09-25 12:00:00","2010-09-25 12:00:00",2010,9,25,14.389,24.722,20.111,0,NA,NA,FALSE,FALSE
20100926,"2010-09-26 12:00:00","2010-09-26 12:00:00",2010,9,26,16.389,22.722,19.278,0,NA,NA,FALSE,FALSE
20100927,"2010-09-27 12:00:00","2010-09-27 12:00:00",2010,9,27,14.722,25.889,19.278,0,NA,NA,FALSE,FALSE
20100928,"2010-09-28 12:00:00","2010-09-28 12:00:00",2010,9,28,12.5,22.111,16.5,0,NA,NA,FALSE,FALSE
20100929,"2010-09-29 12:00:00","2010-09-29 12:00:00",2010,9,29,11.278,21.111,15.778,0,NA,NA,FALSE,FALSE
20100930,"2010-09-30 12:00:00","2010-09-30 12:00:00",2010,9,30,10.889,22.722,16.167,0,NA,NA,FALSE,FALSE
20101001,"2010-10-01 12:00:00","2010-10-01 12:00:00",2010,10,1,10.389,25.611,19.444,0,NA,NA,FALSE,FALSE
20101002,"2010-10-02 12:00:00","2010-10-02 12:00:00",2010,10,2,15.389,25.111,20.389,9.906,NA,NA,FALSE,FALSE
20101003,"2010-10-03 12:00:00","2010-10-03 12:00:00",2010,10,3,15,23.889,18.889,12.954,NA,NA,FALSE,FALSE
20101004,"2010-10-04 12:00:00","2010-10-04 12:00:00",2010,10,4,14.111,18.278,15.389,2.54,NA,NA,FALSE,FALSE
20101005,"2010-10-05 12:00:00","2010-10-05 12:00:00",2010,10,5,11,19.889,15.111,2.032,NA,NA,FALSE,FALSE
20101006,"2010-10-06 12:00:00","2010-10-06 12:00:00",2010,10,6,10.111,23.278,17.333,0,NA,NA,FALSE,FALSE
20101007,"2010-10-07 12:00:00","2010-10-07 12:00:00",2010,10,7,13,25.222,19.667,0,NA,NA,FALSE,FALSE
20101008,"2010-10-08 12:00:00","2010-10-08 12:00:00",2010,10,8,15.722,22.611,17.611,4.064,NA,NA,FALSE,FALSE
20101009,"2010-10-09 12:00:00","2010-10-09 12:00:00",2010,10,9,14.5,24.722,18.389,0,NA,NA,FALSE,FALSE
20101010,"2010-10-10 12:00:00","2010-10-10 12:00:00",2010,10,10,14,25.778,18.056,0,NA,NA,FALSE,FALSE
20101011,"2010-10-11 12:00:00","2010-10-11 12:00:00",2010,10,11,13.222,23.778,18.056,2.032,NA,NA,FALSE,FALSE
20101012,"2010-10-12 12:00:00","2010-10-12 12:00:00",2010,10,12,12.5,23.389,17.833,0,NA,NA,FALSE,FALSE
20101013,"2010-10-13 12:00:00","2010-10-13 12:00:00",2010,10,13,10.278,21,14.944,0,NA,NA,FALSE,FALSE
20101014,"2010-10-14 12:00:00","2010-10-14 12:00:00",2010,10,14,9.778,21.111,16.222,0,NA,NA,FALSE,FALSE
20101015,"2010-10-15 12:00:00","2010-10-15 12:00:00",2010,10,15,8.722,19.389,14.111,0,NA,NA,FALSE,FALSE
20101016,"2010-10-16 12:00:00","2010-10-16 12:00:00",2010,10,16,8.5,22.389,15.611,0,NA,NA,FALSE,FALSE
20101017,"2010-10-17 12:00:00","2010-10-17 12:00:00",2010,10,17,11.222,22.722,16.056,0,NA,NA,FALSE,FALSE
20101018,"2010-10-18 12:00:00","2010-10-18 12:00:00",2010,10,18,11.389,24.278,16.889,0,NA,NA,FALSE,FALSE
20101019,"2010-10-19 12:00:00","2010-10-19 12:00:00",2010,10,19,11.889,23,17.278,0,NA,NA,FALSE,FALSE
20101020,"2010-10-20 12:00:00","2010-10-20 12:00:00",2010,10,20,12.222,23.778,16.778,0,NA,NA,FALSE,FALSE
20101021,"2010-10-21 12:00:00","2010-10-21 12:00:00",2010,10,21,11.778,23.389,17.444,0,NA,NA,FALSE,FALSE
20101022,"2010-10-22 12:00:00","2010-10-22 12:00:00",2010,10,22,12.722,23.722,17.278,0,NA,NA,FALSE,FALSE
20101023,"2010-10-23 12:00:00","2010-10-23 12:00:00",2010,10,23,12.611,21.389,17.278,NA,NA,NA,FALSE,FALSE
20101024,"2010-10-24 12:00:00","2010-10-24 12:00:00",2010,10,24,13.889,20.111,17,11.938,NA,NA,FALSE,FALSE
20101025,"2010-10-25 12:00:00","2010-10-25 12:00:00",2010,10,25,5.5,17.222,11.611,0,NA,NA,FALSE,FALSE
20101026,"2010-10-26 12:00:00","2010-10-26 12:00:00",2010,10,26,2.111,10.111,5.389,0,NA,NA,FALSE,FALSE
20101027,"2010-10-27 12:00:00","2010-10-27 12:00:00",2010,10,27,1.5,15,8.611,0,NA,NA,FALSE,FALSE
20101028,"2010-10-28 12:00:00","2010-10-28 12:00:00",2010,10,28,3.778,14.5,8.611,0,NA,NA,FALSE,FALSE
20101029,"2010-10-29 12:00:00","2010-10-29 12:00:00",2010,10,29,4.111,18.722,11.722,0,NA,NA,FALSE,FALSE
20101030,"2010-10-30 12:00:00","2010-10-30 12:00:00",2010,10,30,7.889,20.111,13.833,0,NA,NA,FALSE,FALSE
20101031,"2010-10-31 12:00:00","2010-10-31 12:00:00",2010,10,31,6.889,18.111,12.222,0,NA,NA,FALSE,FALSE
20101101,"2010-11-01 12:00:00","2010-11-01 12:00:00",2010,11,1,6.889,17.111,12.056,0,NA,NA,FALSE,FALSE
20101102,"2010-11-02 12:00:00","2010-11-02 12:00:00",2010,11,2,2.722,12.5,7.611,0,NA,NA,FALSE,FALSE
20101103,"2010-11-03 12:00:00","2010-11-03 12:00:00",2010,11,3,2.111,14.722,8.167,0,NA,NA,FALSE,FALSE
20101104,"2010-11-04 12:00:00","2010-11-04 12:00:00",2010,11,4,3,17.5,10.333,0,NA,NA,FALSE,FALSE
20101105,"2010-11-05 12:00:00","2010-11-05 12:00:00",2010,11,5,5,18.111,10.722,0,NA,NA,FALSE,FALSE
20101106,"2010-11-06 12:00:00","2010-11-06 12:00:00",2010,11,6,3.778,19.5,10.389,0,NA,NA,FALSE,FALSE
20101107,"2010-11-07 12:00:00","2010-11-07 12:00:00",2010,11,7,4.611,17.389,11.833,0,NA,NA,FALSE,FALSE
20101108,"2010-11-08 12:00:00","2010-11-08 12:00:00",2010,11,8,6,13.722,8.611,0.254,NA,NA,FALSE,FALSE
20101109,"2010-11-09 12:00:00","2010-11-09 12:00:00",2010,11,9,4.111,10.611,7.167,0.762,NA,NA,FALSE,FALSE
20101110,"2010-11-10 12:00:00","2010-11-10 12:00:00",2010,11,10,3.278,13.5,8.944,0,NA,NA,FALSE,FALSE
20101111,"2010-11-11 12:00:00","2010-11-11 12:00:00",2010,11,11,5.722,19.111,14,0,NA,NA,FALSE,FALSE
20101112,"2010-11-12 12:00:00","2010-11-12 12:00:00",2010,11,12,4.111,16.278,10.056,0,NA,NA,FALSE,FALSE
20101113,"2010-11-13 12:00:00","2010-11-13 12:00:00",2010,11,13,3.611,16.5,10.778,0,NA,NA,FALSE,FALSE
20101114,"2010-11-14 12:00:00","2010-11-14 12:00:00",2010,11,14,3.722,13.611,9,0,NA,NA,FALSE,FALSE
20101115,"2010-11-15 12:00:00","2010-11-15 12:00:00",2010,11,15,0.778,8.611,3.944,0,NA,NA,FALSE,FALSE
20101116,"2010-11-16 12:00:00","2010-11-16 12:00:00",2010,11,16,0.111,11.278,5.833,0,NA,NA,FALSE,FALSE
20101117,"2010-11-17 12:00:00","2010-11-17 12:00:00",2010,11,17,2.389,13.5,7.667,0,NA,NA,FALSE,FALSE
20101118,"2010-11-18 12:00:00","2010-11-18 12:00:00",2010,11,18,1.111,14,7,0,NA,NA,FALSE,FALSE
20101119,"2010-11-19 12:00:00","2010-11-19 12:00:00",2010,11,19,0.778,13.611,6.222,0,NA,NA,FALSE,FALSE
20101120,"2010-11-20 12:00:00","2010-11-20 12:00:00",2010,11,20,1.778,17.278,10.111,0,NA,NA,FALSE,FALSE
20101121,"2010-11-21 12:00:00","2010-11-21 12:00:00",2010,11,21,4.889,18.5,13,NA,NA,NA,FALSE,FALSE
20101122,"2010-11-22 12:00:00","2010-11-22 12:00:00",2010,11,22,0.389,12.889,6.444,5.08,NA,NA,FALSE,FALSE
20101123,"2010-11-23 12:00:00","2010-11-23 12:00:00",2010,11,23,0.111,13.389,7.611,0,NA,NA,FALSE,FALSE
20101124,"2010-11-24 12:00:00","2010-11-24 12:00:00",2010,11,24,3.5,14.222,9.111,0,NA,NA,FALSE,FALSE
20101125,"2010-11-25 12:00:00","2010-11-25 12:00:00",2010,11,25,1.889,10.111,5.222,0,NA,NA,FALSE,FALSE
20101126,"2010-11-26 12:00:00","2010-11-26 12:00:00",2010,11,26,-0.889,8.111,3.056,0,NA,NA,FALSE,FALSE
20101127,"2010-11-27 12:00:00","2010-11-27 12:00:00",2010,11,27,-1.222,9.389,4.944,2.032,NA,NA,FALSE,FALSE
20101128,"2010-11-28 12:00:00","2010-11-28 12:00:00",2010,11,28,0,8,3.111,0,NA,NA,FALSE,FALSE
20101129,"2010-11-29 12:00:00","2010-11-29 12:00:00",2010,11,29,0,13.722,8.5,0.508,NA,NA,FALSE,FALSE
20101130,"2010-11-30 12:00:00","2010-11-30 12:00:00",2010,11,30,3.389,17.111,9.944,0,NA,NA,FALSE,FALSE
20101201,"2010-12-01 12:00:00","2010-12-01 12:00:00",2010,12,1,2.111,18.278,10.389,0,NA,NA,FALSE,FALSE
20101202,"2010-12-02 12:00:00","2010-12-02 12:00:00",2010,12,2,6.278,15.722,10.722,NA,NA,NA,FALSE,FALSE
20101203,"2010-12-03 12:00:00","2010-12-03 12:00:00",2010,12,3,-1,10,2.833,2.032,NA,NA,FALSE,FALSE
20101204,"2010-12-04 12:00:00","2010-12-04 12:00:00",2010,12,4,-1.222,11.389,5.111,0,NA,NA,FALSE,FALSE
20101205,"2010-12-05 12:00:00","2010-12-05 12:00:00",2010,12,5,1.389,15.889,10.556,0,NA,NA,FALSE,FALSE
20101206,"2010-12-06 12:00:00","2010-12-06 12:00:00",2010,12,6,-0.5,11.389,4.222,0,NA,NA,FALSE,FALSE
20101207,"2010-12-07 12:00:00","2010-12-07 12:00:00",2010,12,7,-2.278,5.222,0.889,0,NA,NA,FALSE,FALSE
20101208,"2010-12-08 12:00:00","2010-12-08 12:00:00",2010,12,8,-2.778,6,1.778,4.064,NA,NA,FALSE,FALSE
20101209,"2010-12-09 12:00:00","2010-12-09 12:00:00",2010,12,9,-2.5,6.111,1.222,0.508,NA,NA,FALSE,FALSE
20101210,"2010-12-10 12:00:00","2010-12-10 12:00:00",2010,12,10,-2.778,13,8.444,0,NA,NA,FALSE,FALSE
20101211,"2010-12-11 12:00:00","2010-12-11 12:00:00",2010,12,11,-4,9.889,0,0,NA,NA,FALSE,FALSE
20101212,"2010-12-12 12:00:00","2010-12-12 12:00:00",2010,12,12,-4.389,4.889,3,NA,NA,NA,FALSE,FALSE
20101213,"2010-12-13 12:00:00","2010-12-13 12:00:00",2010,12,13,2.389,7.278,5.167,11.938,NA,NA,FALSE,FALSE
20101214,"2010-12-14 12:00:00","2010-12-14 12:00:00",2010,12,14,-5.722,5.389,-0.444,0,NA,NA,FALSE,FALSE
20101215,"2010-12-15 12:00:00","2010-12-15 12:00:00",2010,12,15,-7.611,-0.389,-4.889,0,NA,NA,FALSE,FALSE
20101216,"2010-12-16 12:00:00","2010-12-16 12:00:00",2010,12,16,-7.722,2.111,-1.222,0,NA,NA,FALSE,FALSE
20101217,"2010-12-17 12:00:00","2010-12-17 12:00:00",2010,12,17,-1.222,6.722,2.278,0,NA,NA,FALSE,FALSE
20101218,"2010-12-18 12:00:00","2010-12-18 12:00:00",2010,12,18,-1.278,9.389,4.333,0,NA,NA,FALSE,FALSE
20101219,"2010-12-19 12:00:00","2010-12-19 12:00:00",2010,12,19,2.722,15.278,9.333,0,NA,NA,FALSE,FALSE
20101220,"2010-12-20 12:00:00","2010-12-20 12:00:00",2010,12,20,0.5,13.222,5.778,0,NA,NA,FALSE,FALSE
20101221,"2010-12-21 12:00:00","2010-12-21 12:00:00",2010,12,21,-0.389,13,5.5,0,NA,NA,FALSE,FALSE
20101222,"2010-12-22 12:00:00","2010-12-22 12:00:00",2010,12,22,-0.222,10.778,4,0,NA,NA,FALSE,FALSE
20101223,"2010-12-23 12:00:00","2010-12-23 12:00:00",2010,12,23,-4.5,7.222,1.278,0,NA,NA,FALSE,FALSE
20101224,"2010-12-24 12:00:00","2010-12-24 12:00:00",2010,12,24,-8.889,-1.5,-6.389,0,NA,NA,FALSE,FALSE
20101225,"2010-12-25 12:00:00","2010-12-25 12:00:00",2010,12,25,-9.278,-1,-4.5,0,NA,NA,FALSE,FALSE
20101226,"2010-12-26 12:00:00","2010-12-26 12:00:00",2010,12,26,-6.389,-0.222,-1.833,2.032,NA,NA,FALSE,FALSE
20101227,"2010-12-27 12:00:00","2010-12-27 12:00:00",2010,12,27,-1.389,6.111,2.333,0.508,NA,NA,FALSE,FALSE
20101228,"2010-12-28 12:00:00","2010-12-28 12:00:00",2010,12,28,-1,5.722,1.278,2.032,NA,NA,FALSE,FALSE
20101229,"2010-12-29 12:00:00","2010-12-29 12:00:00",2010,12,29,-1.389,3.278,0.333,1.016,NA,NA,FALSE,FALSE
20101230,"2010-12-30 12:00:00","2010-12-30 12:00:00",2010,12,30,-5.611,1.111,-3.167,10.16,NA,NA,FALSE,FALSE
20101231,"2010-12-31 12:00:00","2010-12-31 12:00:00",2010,12,31,-7.778,-1.889,-5.222,6.096,NA,NA,FALSE,FALSE
20110101,"2011-01-01 12:00:00","2011-01-01 12:00:00",2011,1,1,-8.722,0.889,-4.556,0,NA,NA,FALSE,FALSE
20110102,"2011-01-02 12:00:00","2011-01-02 12:00:00",2011,1,2,-9,2,-2.889,0,NA,NA,FALSE,FALSE
20110103,"2011-01-03 12:00:00","2011-01-03 12:00:00",2011,1,3,-7.611,1.389,-3.111,0,NA,NA,FALSE,FALSE
20110104,"2011-01-04 12:00:00","2011-01-04 12:00:00",2011,1,4,-7.778,1.5,0.111,0,NA,NA,FALSE,FALSE
20110105,"2011-01-05 12:00:00","2011-01-05 12:00:00",2011,1,5,-1.611,3.278,0.222,0,NA,NA,FALSE,FALSE
20110106,"2011-01-06 12:00:00","2011-01-06 12:00:00",2011,1,6,-6.611,-0.778,-3.389,0.762,NA,NA,FALSE,FALSE
20110107,"2011-01-07 12:00:00","2011-01-07 12:00:00",2011,1,7,-7.5,0.389,-3.889,0,NA,NA,FALSE,FALSE
20110108,"2011-01-08 12:00:00","2011-01-08 12:00:00",2011,1,8,-7.778,4.222,0.222,0,NA,NA,FALSE,FALSE
20110109,"2011-01-09 12:00:00","2011-01-09 12:00:00",2011,1,9,-8.222,1.222,-3.667,0,NA,NA,FALSE,FALSE
20110110,"2011-01-10 12:00:00","2011-01-10 12:00:00",2011,1,10,-8.722,-1,-4.889,0,NA,NA,FALSE,FALSE
20110111,"2011-01-11 12:00:00","2011-01-11 12:00:00",2011,1,11,-7.278,1.722,-1.667,0,NA,NA,FALSE,FALSE
20110112,"2011-01-12 12:00:00","2011-01-12 12:00:00",2011,1,12,-6.722,-0.722,-4.333,1.016,NA,NA,FALSE,FALSE
20110113,"2011-01-13 12:00:00","2011-01-13 12:00:00",2011,1,13,-8.389,2.611,-2.833,0,NA,NA,FALSE,FALSE
20110114,"2011-01-14 12:00:00","2011-01-14 12:00:00",2011,1,14,-7.111,4.222,-0.222,NA,NA,NA,FALSE,FALSE
20110115,"2011-01-15 12:00:00","2011-01-15 12:00:00",2011,1,15,-11.278,-0.389,-8.111,1.016,NA,NA,FALSE,FALSE
20110116,"2011-01-16 12:00:00","2011-01-16 12:00:00",2011,1,16,-11.722,-4.389,-6.778,0,NA,NA,FALSE,FALSE
20110117,"2011-01-17 12:00:00","2011-01-17 12:00:00",2011,1,17,-8.611,-0.278,-4.389,0,NA,NA,FALSE,FALSE
20110118,"2011-01-18 12:00:00","2011-01-18 12:00:00",2011,1,18,-7.389,-0.5,-2.889,0,NA,NA,FALSE,FALSE
20110119,"2011-01-19 12:00:00","2011-01-19 12:00:00",2011,1,19,-4.889,1.611,-2.444,0,NA,NA,FALSE,FALSE
20110120,"2011-01-20 12:00:00","2011-01-20 12:00:00",2011,1,20,-6.278,-1.111,-4.111,0,NA,NA,FALSE,FALSE
20110121,"2011-01-21 12:00:00","2011-01-21 12:00:00",2011,1,21,-7.611,0.722,-4,0,NA,NA,FALSE,FALSE
20110122,"2011-01-22 12:00:00","2011-01-22 12:00:00",2011,1,22,-8.389,3.611,-1.722,0,NA,NA,FALSE,FALSE
20110123,"2011-01-23 12:00:00","2011-01-23 12:00:00",2011,1,23,-3.5,2.5,-1,0.508,NA,NA,FALSE,FALSE
20110124,"2011-01-24 12:00:00","2011-01-24 12:00:00",2011,1,24,-5.778,-1.222,-4.056,1.524,NA,NA,FALSE,FALSE
20110125,"2011-01-25 12:00:00","2011-01-25 12:00:00",2011,1,25,-6.611,0.722,-3.667,0,NA,NA,FALSE,FALSE
20110126,"2011-01-26 12:00:00","2011-01-26 12:00:00",2011,1,26,-7.611,0.111,-4.111,0,NA,NA,FALSE,FALSE
20110127,"2011-01-27 12:00:00","2011-01-27 12:00:00",2011,1,27,-6.611,0.278,-3.778,0,NA,NA,FALSE,FALSE
20110128,"2011-01-28 12:00:00","2011-01-28 12:00:00",2011,1,28,-7.5,0.5,-4.333,0,NA,NA,FALSE,FALSE
20110129,"2011-01-29 12:00:00","2011-01-29 12:00:00",2011,1,29,-7.778,-1.611,-5.611,0.762,NA,NA,FALSE,FALSE
20110130,"2011-01-30 12:00:00","2011-01-30 12:00:00",2011,1,30,-9.889,-2,-6.167,0.508,NA,NA,FALSE,FALSE
20110131,"2011-01-31 12:00:00","2011-01-31 12:00:00",2011,1,31,-9.5,1.5,-3.389,0.254,NA,NA,FALSE,FALSE
20110201,"2011-02-01 12:00:00","2011-02-01 12:00:00",2011,2,1,-7.5,6.278,0.889,0,NA,NA,FALSE,FALSE
20110202,"2011-02-02 12:00:00","2011-02-02 12:00:00",2011,2,2,-3.111,8.611,1.778,0,NA,NA,FALSE,FALSE
20110203,"2011-02-03 12:00:00","2011-02-03 12:00:00",2011,2,3,-3.778,8.889,2.5,0,NA,NA,FALSE,FALSE
20110204,"2011-02-04 12:00:00","2011-02-04 12:00:00",2011,2,4,-2.278,10.389,3.111,0,NA,NA,FALSE,FALSE
20110205,"2011-02-05 12:00:00","2011-02-05 12:00:00",2011,2,5,-2.778,10.222,2.667,0,NA,NA,FALSE,FALSE
20110206,"2011-02-06 12:00:00","2011-02-06 12:00:00",2011,2,6,-1.611,10.278,4.167,0,NA,NA,FALSE,FALSE
20110207,"2011-02-07 12:00:00","2011-02-07 12:00:00",2011,2,7,-0.278,9.611,5.167,NA,NA,NA,FALSE,FALSE
20110208,"2011-02-08 12:00:00","2011-02-08 12:00:00",2011,2,8,0.889,5.722,3.333,1.016,NA,NA,FALSE,FALSE
20110209,"2011-02-09 12:00:00","2011-02-09 12:00:00",2011,2,9,-1.722,5.778,0.889,0,NA,NA,FALSE,FALSE
20110210,"2011-02-10 12:00:00","2011-02-10 12:00:00",2011,2,10,-4.5,1.722,-1.167,0,NA,NA,FALSE,FALSE
20110211,"2011-02-11 12:00:00","2011-02-11 12:00:00",2011,2,11,-4.889,4,-1.056,NA,NA,NA,FALSE,FALSE
20110212,"2011-02-12 12:00:00","2011-02-12 12:00:00",2011,2,12,-7.111,-0.389,-4.611,0.762,NA,NA,FALSE,FALSE
20110213,"2011-02-13 12:00:00","2011-02-13 12:00:00",2011,2,13,-7.5,3.389,-2,0,NA,NA,FALSE,FALSE
20110214,"2011-02-14 12:00:00","2011-02-14 12:00:00",2011,2,14,-5.278,2,-2.222,0,NA,NA,FALSE,FALSE
20110215,"2011-02-15 12:00:00","2011-02-15 12:00:00",2011,2,15,-6.222,7.5,0.111,0,NA,NA,FALSE,FALSE
20110216,"2011-02-16 12:00:00","2011-02-16 12:00:00",2011,2,16,-4.111,9,2.944,1.016,NA,NA,FALSE,FALSE
20110217,"2011-02-17 12:00:00","2011-02-17 12:00:00",2011,2,17,-1.5,2.778,0.667,8.89,NA,NA,FALSE,FALSE
20110218,"2011-02-18 12:00:00","2011-02-18 12:00:00",2011,2,18,-2.5,9.778,2.667,0,NA,NA,FALSE,FALSE
20110219,"2011-02-19 12:00:00","2011-02-19 12:00:00",2011,2,19,-1.611,12,4,0,NA,NA,FALSE,FALSE
20110220,"2011-02-20 12:00:00","2011-02-20 12:00:00",2011,2,20,0,15,6.778,0,NA,NA,FALSE,FALSE
20110221,"2011-02-21 12:00:00","2011-02-21 12:00:00",2011,2,21,0,13.278,6.056,0,NA,NA,FALSE,FALSE
20110222,"2011-02-22 12:00:00","2011-02-22 12:00:00",2011,2,22,-0.222,12.222,6.056,0,NA,NA,FALSE,FALSE
20110223,"2011-02-23 12:00:00","2011-02-23 12:00:00",2011,2,23,1.722,15,7.556,0,NA,NA,FALSE,FALSE
20110224,"2011-02-24 12:00:00","2011-02-24 12:00:00",2011,2,24,1.889,17.5,8.611,0,NA,NA,FALSE,FALSE
20110225,"2011-02-25 12:00:00","2011-02-25 12:00:00",2011,2,25,0.5,12.111,5.333,0,NA,NA,FALSE,FALSE
20110226,"2011-02-26 12:00:00","2011-02-26 12:00:00",2011,2,26,-0.278,16.722,9.722,NA,NA,NA,FALSE,FALSE
20110227,"2011-02-27 12:00:00","2011-02-27 12:00:00",2011,2,27,6.278,13.778,10.944,37.084,NA,NA,FALSE,FALSE
20110228,"2011-02-28 12:00:00","2011-02-28 12:00:00",2011,2,28,2.389,10.778,5.5,11.938,NA,NA,FALSE,FALSE
20110301,"2011-03-01 12:00:00","2011-03-01 12:00:00",2011,3,1,-1.222,5.222,0.889,3.048,NA,NA,FALSE,FALSE
20110302,"2011-03-02 12:00:00","2011-03-02 12:00:00",2011,3,2,-3.111,5.111,0.556,0,NA,NA,FALSE,FALSE
20110303,"2011-03-03 12:00:00","2011-03-03 12:00:00",2011,3,3,-4.111,4.611,0.111,0,NA,NA,FALSE,FALSE
20110304,"2011-03-04 12:00:00","2011-03-04 12:00:00",2011,3,4,-3.111,6.889,1.333,0,NA,NA,FALSE,FALSE
20110305,"2011-03-05 12:00:00","2011-03-05 12:00:00",2011,3,5,-3,10.722,4.111,0,NA,NA,FALSE,FALSE
20110306,"2011-03-06 12:00:00","2011-03-06 12:00:00",2011,3,6,0.278,12.389,5.944,0,NA,NA,FALSE,FALSE
20110307,"2011-03-07 12:00:00","2011-03-07 12:00:00",2011,3,7,-0.5,7.222,2.611,0,NA,NA,FALSE,FALSE
20110308,"2011-03-08 12:00:00","2011-03-08 12:00:00",2011,3,8,-1.111,10.222,4.111,0,NA,NA,FALSE,FALSE
20110309,"2011-03-09 12:00:00","2011-03-09 12:00:00",2011,3,9,-0.889,6.889,2.722,0,NA,NA,FALSE,FALSE
20110310,"2011-03-10 12:00:00","2011-03-10 12:00:00",2011,3,10,-1.389,9.778,4.056,0,NA,NA,FALSE,FALSE
20110311,"2011-03-11 12:00:00","2011-03-11 12:00:00",2011,3,11,-0.389,13.611,7.222,0,NA,NA,FALSE,FALSE
20110312,"2011-03-12 12:00:00","2011-03-12 12:00:00",2011,3,12,3.278,17.722,9.667,0,NA,NA,FALSE,FALSE
20110313,"2011-03-13 12:00:00","2011-03-13 12:00:00",2011,3,13,3.611,19.611,12.222,0,NA,NA,FALSE,FALSE
20110314,"2011-03-14 12:00:00","2011-03-14 12:00:00",2011,3,14,2.778,19.278,8.5,0,NA,NA,FALSE,FALSE
20110315,"2011-03-15 12:00:00","2011-03-15 12:00:00",2011,3,15,-0.611,8.889,2.778,NA,NA,NA,FALSE,FALSE
20110316,"2011-03-16 12:00:00","2011-03-16 12:00:00",2011,3,16,-0.889,6.111,2.111,0,NA,NA,FALSE,FALSE
20110317,"2011-03-17 12:00:00","2011-03-17 12:00:00",2011,3,17,-2,9.278,3.389,0,NA,NA,FALSE,FALSE
20110318,"2011-03-18 12:00:00","2011-03-18 12:00:00",2011,3,18,-2.111,16.722,9.444,0,NA,NA,FALSE,FALSE
20110319,"2011-03-19 12:00:00","2011-03-19 12:00:00",2011,3,19,7.611,15.611,11.611,NA,NA,NA,FALSE,FALSE
20110320,"2011-03-20 12:00:00","2011-03-20 12:00:00",2011,3,20,6.611,13,8.111,19.05,NA,NA,FALSE,FALSE
20110321,"2011-03-21 12:00:00","2011-03-21 12:00:00",2011,3,21,1.889,13.722,7.944,0,NA,NA,FALSE,FALSE
20110322,"2011-03-22 12:00:00","2011-03-22 12:00:00",2011,3,22,-1.111,6.778,2.278,0,NA,NA,FALSE,FALSE
20110323,"2011-03-23 12:00:00","2011-03-23 12:00:00",2011,3,23,-1.278,9,3.667,0,NA,NA,FALSE,FALSE
20110324,"2011-03-24 12:00:00","2011-03-24 12:00:00",2011,3,24,0.222,11.389,5.889,0.508,NA,NA,FALSE,FALSE
20110325,"2011-03-25 12:00:00","2011-03-25 12:00:00",2011,3,25,-1.111,7.389,2.778,1.016,NA,NA,FALSE,FALSE
20110326,"2011-03-26 12:00:00","2011-03-26 12:00:00",2011,3,26,-2.111,9.5,3.611,0,NA,NA,FALSE,FALSE
20110327,"2011-03-27 12:00:00","2011-03-27 12:00:00",2011,3,27,-2,13.778,8.111,0,NA,NA,FALSE,FALSE
20110328,"2011-03-28 12:00:00","2011-03-28 12:00:00",2011,3,28,0.722,12.611,6.722,0,NA,NA,FALSE,FALSE
20110329,"2011-03-29 12:00:00","2011-03-29 12:00:00",2011,3,29,0.278,12.5,5.167,0,NA,NA,FALSE,FALSE
20110330,"2011-03-30 12:00:00","2011-03-30 12:00:00",2011,3,30,0.111,16,7.944,0,NA,NA,FALSE,FALSE
20110331,"2011-03-31 12:00:00","2011-03-31 12:00:00",2011,3,31,2.611,21,10.167,0,NA,NA,FALSE,FALSE
20110401,"2011-04-01 12:00:00","2011-04-01 12:00:00",2011,4,1,2.889,20.389,12.667,0,NA,NA,FALSE,FALSE
20110402,"2011-04-02 12:00:00","2011-04-02 12:00:00",2011,4,2,5.778,17.389,10.556,NA,NA,NA,FALSE,FALSE
20110403,"2011-04-03 12:00:00","2011-04-03 12:00:00",2011,4,3,4.111,9.5,6.778,5.08,NA,NA,FALSE,FALSE
20110404,"2011-04-04 12:00:00","2011-04-04 12:00:00",2011,4,4,3.222,16.889,9.222,0,NA,NA,FALSE,FALSE
20110405,"2011-04-05 12:00:00","2011-04-05 12:00:00",2011,4,5,2.722,20.611,11.167,0,NA,NA,FALSE,FALSE
20110406,"2011-04-06 12:00:00","2011-04-06 12:00:00",2011,4,6,3.389,20.611,13.778,NA,NA,NA,FALSE,FALSE
20110407,"2011-04-07 12:00:00","2011-04-07 12:00:00",2011,4,7,9.5,14.778,12.167,24.13,NA,NA,FALSE,FALSE
20110408,"2011-04-08 12:00:00","2011-04-08 12:00:00",2011,4,8,4.111,19.222,11.611,8.89,NA,NA,FALSE,FALSE
20110409,"2011-04-09 12:00:00","2011-04-09 12:00:00",2011,4,9,3.611,20.5,11.833,0,NA,NA,FALSE,FALSE
20110410,"2011-04-10 12:00:00","2011-04-10 12:00:00",2011,4,10,5.111,21.778,13.556,NA,NA,NA,FALSE,FALSE
20110411,"2011-04-11 12:00:00","2011-04-11 12:00:00",2011,4,11,1.889,15.278,8.778,4.064,NA,NA,FALSE,FALSE
20110412,"2011-04-12 12:00:00","2011-04-12 12:00:00",2011,4,12,1.778,18.611,10.667,0,NA,NA,FALSE,FALSE
20110413,"2011-04-13 12:00:00","2011-04-13 12:00:00",2011,4,13,3.278,20.389,11.5,0,NA,NA,FALSE,FALSE
20110414,"2011-04-14 12:00:00","2011-04-14 12:00:00",2011,4,14,3.222,21.722,15.833,NA,NA,NA,FALSE,FALSE
20110415,"2011-04-15 12:00:00","2011-04-15 12:00:00",2011,4,15,8.389,24.778,16.222,0,NA,NA,FALSE,FALSE
20110416,"2011-04-16 12:00:00","2011-04-16 12:00:00",2011,4,16,7.889,21.278,12.722,0,NA,NA,FALSE,FALSE
20110417,"2011-04-17 12:00:00","2011-04-17 12:00:00",2011,4,17,7.611,22.722,13.778,0,NA,NA,FALSE,FALSE
20110418,"2011-04-18 12:00:00","2011-04-18 12:00:00",2011,4,18,5.222,10.778,6.833,0.508,NA,NA,FALSE,FALSE
20110419,"2011-04-19 12:00:00","2011-04-19 12:00:00",2011,4,19,5,15.389,9.556,0,NA,NA,FALSE,FALSE
20110420,"2011-04-20 12:00:00","2011-04-20 12:00:00",2011,4,20,4.722,20.389,11.944,0,NA,NA,FALSE,FALSE
20110421,"2011-04-21 12:00:00","2011-04-21 12:00:00",2011,4,21,6,22.5,16.278,NA,NA,NA,FALSE,FALSE
20110422,"2011-04-22 12:00:00","2011-04-22 12:00:00",2011,4,22,6.889,15.722,10.5,11.938,NA,NA,FALSE,FALSE
20110423,"2011-04-23 12:00:00","2011-04-23 12:00:00",2011,4,23,6.722,16.278,10.556,0,NA,NA,FALSE,FALSE
20110424,"2011-04-24 12:00:00","2011-04-24 12:00:00",2011,4,24,6.5,17.389,11.389,NA,NA,NA,FALSE,FALSE
20110425,"2011-04-25 12:00:00","2011-04-25 12:00:00",2011,4,25,8,20.778,15.333,0,NA,NA,FALSE,FALSE
20110426,"2011-04-26 12:00:00","2011-04-26 12:00:00",2011,4,26,9.889,16.222,14.667,18.034,NA,NA,FALSE,FALSE
20110427,"2011-04-27 12:00:00","2011-04-27 12:00:00",2011,4,27,7.5,17.778,11.111,0,NA,NA,FALSE,FALSE
20110428,"2011-04-28 12:00:00","2011-04-28 12:00:00",2011,4,28,5.5,15.778,10.444,0,NA,NA,FALSE,FALSE
20110429,"2011-04-29 12:00:00","2011-04-29 12:00:00",2011,4,29,5.278,23.222,18.111,NA,NA,NA,FALSE,FALSE
20110430,"2011-04-30 12:00:00","2011-04-30 12:00:00",2011,4,30,14.222,25.611,19.556,10.922,NA,NA,FALSE,FALSE
20110501,"2011-05-01 12:00:00","2011-05-01 12:00:00",2011,5,1,10.222,18.278,13.444,4.064,NA,NA,FALSE,FALSE
20110502,"2011-05-02 12:00:00","2011-05-02 12:00:00",2011,5,2,9.889,23.778,16.722,0,NA,NA,FALSE,FALSE
20110503,"2011-05-03 12:00:00","2011-05-03 12:00:00",2011,5,3,8.722,22.389,15.222,0,NA,NA,FALSE,FALSE
20110504,"2011-05-04 12:00:00","2011-05-04 12:00:00",2011,5,4,8.389,24.611,16.778,0,NA,NA,FALSE,FALSE
20110505,"2011-05-05 12:00:00","2011-05-05 12:00:00",2011,5,5,10.278,25.222,18.222,0,NA,NA,FALSE,FALSE
20110506,"2011-05-06 12:00:00","2011-05-06 12:00:00",2011,5,6,12.5,21.222,17.667,0,NA,NA,FALSE,FALSE
20110507,"2011-05-07 12:00:00","2011-05-07 12:00:00",2011,5,7,15.778,25.5,19.5,0,NA,NA,FALSE,FALSE
20110508,"2011-05-08 12:00:00","2011-05-08 12:00:00",2011,5,8,15.722,28.611,22.111,0,NA,NA,FALSE,FALSE
20110509,"2011-05-09 12:00:00","2011-05-09 12:00:00",2011,5,9,17.778,24.111,22.278,4.064,NA,NA,FALSE,FALSE
20110510,"2011-05-10 12:00:00","2011-05-10 12:00:00",2011,5,10,19.722,22.111,20.278,58.928,NA,NA,FALSE,FALSE
20110511,"2011-05-11 12:00:00","2011-05-11 12:00:00",2011,5,11,16.222,20.889,18.167,67.056,NA,NA,FALSE,FALSE
20110512,"2011-05-12 12:00:00","2011-05-12 12:00:00",2011,5,12,9.889,18.889,14.667,4.064,NA,NA,FALSE,FALSE
20110513,"2011-05-13 12:00:00","2011-05-13 12:00:00",2011,5,13,9.778,22.5,16.5,0,NA,NA,FALSE,FALSE
20110514,"2011-05-14 12:00:00","2011-05-14 12:00:00",2011,5,14,9.889,25.278,17.833,0,NA,NA,FALSE,FALSE
20110515,"2011-05-15 12:00:00","2011-05-15 12:00:00",2011,5,15,9.778,26.278,19.222,0,NA,NA,FALSE,FALSE
20110516,"2011-05-16 12:00:00","2011-05-16 12:00:00",2011,5,16,10.778,24.222,17.333,0,NA,NA,FALSE,FALSE
20110517,"2011-05-17 12:00:00","2011-05-17 12:00:00",2011,5,17,10.389,26.222,18.333,0,NA,NA,FALSE,FALSE
20110518,"2011-05-18 12:00:00","2011-05-18 12:00:00",2011,5,18,12.889,27.222,20.944,0,NA,NA,FALSE,FALSE
20110519,"2011-05-19 12:00:00","2011-05-19 12:00:00",2011,5,19,16.889,26.278,21.833,0,NA,NA,FALSE,FALSE
20110520,"2011-05-20 12:00:00","2011-05-20 12:00:00",2011,5,20,19.778,28.278,23.611,0,NA,NA,FALSE,FALSE
20110521,"2011-05-21 12:00:00","2011-05-21 12:00:00",2011,5,21,16.111,28,20.111,0.254,NA,NA,FALSE,FALSE
20110522,"2011-05-22 12:00:00","2011-05-22 12:00:00",2011,5,22,13.5,25.778,19.222,0,NA,NA,FALSE,FALSE
20110523,"2011-05-23 12:00:00","2011-05-23 12:00:00",2011,5,23,11.5,19.778,14.278,6.096,NA,NA,FALSE,FALSE
20110524,"2011-05-24 12:00:00","2011-05-24 12:00:00",2011,5,24,11.278,29.278,21.667,0,NA,NA,FALSE,FALSE
20110525,"2011-05-25 12:00:00","2011-05-25 12:00:00",2011,5,25,15.278,27.889,22.167,NA,NA,NA,FALSE,FALSE
20110526,"2011-05-26 12:00:00","2011-05-26 12:00:00",2011,5,26,15.722,20.778,16.5,5.08,NA,NA,FALSE,FALSE
20110527,"2011-05-27 12:00:00","2011-05-27 12:00:00",2011,5,27,15.611,23.611,19.056,0,NA,NA,FALSE,FALSE
20110528,"2011-05-28 12:00:00","2011-05-28 12:00:00",2011,5,28,16.611,28.111,21.444,0,NA,NA,FALSE,FALSE
20110529,"2011-05-29 12:00:00","2011-05-29 12:00:00",2011,5,29,16.389,30.611,22.667,0,NA,NA,FALSE,FALSE
20110530,"2011-05-30 12:00:00","2011-05-30 12:00:00",2011,5,30,16.5,29.778,22.944,0,NA,NA,FALSE,FALSE
20110531,"2011-05-31 12:00:00","2011-05-31 12:00:00",2011,5,31,17,21.722,18.389,0,NA,NA,FALSE,FALSE
20110601,"2011-06-01 12:00:00","2011-06-01 12:00:00",2011,6,1,15.722,25.889,20.944,0,NA,NA,FALSE,FALSE
20110602,"2011-06-02 12:00:00","2011-06-02 12:00:00",2011,6,2,15.778,28.778,21.111,0,NA,NA,FALSE,FALSE
20110603,"2011-06-03 12:00:00","2011-06-03 12:00:00",2011,6,3,15.278,29.111,22.111,0,NA,NA,FALSE,FALSE
20110604,"2011-06-04 12:00:00","2011-06-04 12:00:00",2011,6,4,18.111,28.222,22.333,0,NA,NA,FALSE,FALSE
20110605,"2011-06-05 12:00:00","2011-06-05 12:00:00",2011,6,5,17.111,31,23,0,NA,NA,FALSE,FALSE
20110606,"2011-06-06 12:00:00","2011-06-06 12:00:00",2011,6,6,16.889,30,23.222,0,NA,NA,FALSE,FALSE
20110607,"2011-06-07 12:00:00","2011-06-07 12:00:00",2011,6,7,16.889,30.389,22.611,0,NA,NA,FALSE,FALSE
20110608,"2011-06-08 12:00:00","2011-06-08 12:00:00",2011,6,8,16.5,30.389,23.5,0,NA,NA,FALSE,FALSE
20110609,"2011-06-09 12:00:00","2011-06-09 12:00:00",2011,6,9,18.5,23.889,20.389,5.08,NA,NA,FALSE,FALSE
20110610,"2011-06-10 12:00:00","2011-06-10 12:00:00",2011,6,10,17.5,27.222,21.111,5.08,NA,NA,FALSE,FALSE
20110611,"2011-06-11 12:00:00","2011-06-11 12:00:00",2011,6,11,17.278,30.5,24.222,4.064,NA,NA,FALSE,FALSE
20110612,"2011-06-12 12:00:00","2011-06-12 12:00:00",2011,6,12,18.778,29.722,23.278,0,NA,NA,FALSE,FALSE
20110613,"2011-06-13 12:00:00","2011-06-13 12:00:00",2011,6,13,16.778,26.389,20.667,0,NA,NA,FALSE,FALSE
20110614,"2011-06-14 12:00:00","2011-06-14 12:00:00",2011,6,14,16.722,28,22.389,0,NA,NA,FALSE,FALSE
20110615,"2011-06-15 12:00:00","2011-06-15 12:00:00",2011,6,15,18.389,27.389,22.889,0,NA,NA,FALSE,FALSE
20110616,"2011-06-16 12:00:00","2011-06-16 12:00:00",2011,6,16,19.611,30.722,24.556,0,NA,NA,FALSE,FALSE
20110617,"2011-06-17 12:00:00","2011-06-17 12:00:00",2011,6,17,20,27.889,23.111,0,NA,NA,FALSE,FALSE
20110618,"2011-06-18 12:00:00","2011-06-18 12:00:00",2011,6,18,19.5,28.889,23.889,0,NA,NA,FALSE,FALSE
20110619,"2011-06-19 12:00:00","2011-06-19 12:00:00",2011,6,19,19.389,31.111,24.111,0,NA,NA,FALSE,FALSE
20110620,"2011-06-20 12:00:00","2011-06-20 12:00:00",2011,6,20,19,31.111,24.278,0,NA,NA,FALSE,FALSE
20110621,"2011-06-21 12:00:00","2011-06-21 12:00:00",2011,6,21,18.722,33.111,26.5,0,NA,NA,FALSE,FALSE
20110622,"2011-06-22 12:00:00","2011-06-22 12:00:00",2011,6,22,22.389,25.111,24.056,46.99,NA,NA,FALSE,FALSE
20110623,"2011-06-23 12:00:00","2011-06-23 12:00:00",2011,6,23,23.889,30,26,2.032,NA,NA,FALSE,FALSE
20110624,"2011-06-24 12:00:00","2011-06-24 12:00:00",2011,6,24,23.611,27,25.389,3.048,NA,NA,FALSE,FALSE
20110625,"2011-06-25 12:00:00","2011-06-25 12:00:00",2011,6,25,22.778,27.611,24.556,20.066,NA,NA,FALSE,FALSE
20110626,"2011-06-26 12:00:00","2011-06-26 12:00:00",2011,6,26,21.222,25.5,22.5,16.002,NA,NA,FALSE,FALSE
20110627,"2011-06-27 12:00:00","2011-06-27 12:00:00",2011,6,27,19.389,26.722,22.833,0,NA,NA,FALSE,FALSE
20110628,"2011-06-28 12:00:00","2011-06-28 12:00:00",2011,6,28,19,31.389,25.222,17.018,NA,NA,FALSE,FALSE
20110629,"2011-06-29 12:00:00","2011-06-29 12:00:00",2011,6,29,23.5,31.222,26.556,0,NA,NA,FALSE,FALSE
20110630,"2011-06-30 12:00:00","2011-06-30 12:00:00",2011,6,30,22.111,27.389,23.944,2.54,NA,NA,FALSE,FALSE
20110701,"2011-07-01 12:00:00","2011-07-01 12:00:00",2011,7,1,22.111,26.111,24.167,4.064,NA,NA,FALSE,FALSE
20110702,"2011-07-02 12:00:00","2011-07-02 12:00:00",2011,7,2,23.5,30.889,27.111,0,NA,NA,FALSE,FALSE
20110703,"2011-07-03 12:00:00","2011-07-03 12:00:00",2011,7,3,21.611,28.389,24.722,8.382,NA,NA,FALSE,FALSE
20110704,"2011-07-04 12:00:00","2011-07-04 12:00:00",2011,7,4,19.278,29.5,23.667,33.02,NA,NA,FALSE,FALSE
20110705,"2011-07-05 12:00:00","2011-07-05 12:00:00",2011,7,5,19.222,32.111,25.444,0,NA,NA,FALSE,FALSE
20110706,"2011-07-06 12:00:00","2011-07-06 12:00:00",2011,7,6,21.389,23.278,21.944,3.048,NA,NA,FALSE,FALSE
20110707,"2011-07-07 12:00:00","2011-07-07 12:00:00",2011,7,7,21.278,26.222,24.889,14.986,NA,NA,FALSE,FALSE
20110708,"2011-07-08 12:00:00","2011-07-08 12:00:00",2011,7,8,24.611,31.222,26.5,0,NA,NA,FALSE,FALSE
20110709,"2011-07-09 12:00:00","2011-07-09 12:00:00",2011,7,9,21.778,26.5,23.167,38.1,NA,NA,FALSE,FALSE
20110710,"2011-07-10 12:00:00","2011-07-10 12:00:00",2011,7,10,21.889,28.778,24.5,65.024,NA,NA,FALSE,FALSE
20110711,"2011-07-11 12:00:00","2011-07-11 12:00:00",2011,7,11,21.778,31.278,26.722,26.924,NA,NA,FALSE,FALSE
20110712,"2011-07-12 12:00:00","2011-07-12 12:00:00",2011,7,12,24.611,28.111,25.611,26.416,NA,NA,FALSE,FALSE
20110713,"2011-07-13 12:00:00","2011-07-13 12:00:00",2011,7,13,24.611,28.5,26.556,0,NA,NA,FALSE,FALSE
20110714,"2011-07-14 12:00:00","2011-07-14 12:00:00",2011,7,14,24.778,29.5,26.111,16.002,NA,NA,FALSE,FALSE
20110715,"2011-07-15 12:00:00","2011-07-15 12:00:00",2011,7,15,24.889,31.611,27.389,1.524,NA,NA,FALSE,FALSE
20110716,"2011-07-16 12:00:00","2011-07-16 12:00:00",2011,7,16,23.611,31.5,27.111,2.032,NA,NA,FALSE,FALSE
20110717,"2011-07-17 12:00:00","2011-07-17 12:00:00",2011,7,17,23.278,33.111,27.722,0,NA,NA,FALSE,FALSE
20110718,"2011-07-18 12:00:00","2011-07-18 12:00:00",2011,7,18,23.889,35,29.611,0,NA,NA,FALSE,FALSE
20110719,"2011-07-19 12:00:00","2011-07-19 12:00:00",2011,7,19,25.389,35.278,30.278,0,NA,NA,FALSE,FALSE
20110720,"2011-07-20 12:00:00","2011-07-20 12:00:00",2011,7,20,25.389,34.5,28.778,0,NA,NA,FALSE,FALSE
20110721,"2011-07-21 12:00:00","2011-07-21 12:00:00",2011,7,21,22.222,31.889,26.056,0,NA,NA,FALSE,FALSE
20110722,"2011-07-22 12:00:00","2011-07-22 12:00:00",2011,7,22,22,30.111,25.5,0.508,NA,NA,FALSE,FALSE
20110723,"2011-07-23 12:00:00","2011-07-23 12:00:00",2011,7,23,23.5,31.222,26.722,0,NA,NA,FALSE,FALSE
20110724,"2011-07-24 12:00:00","2011-07-24 12:00:00",2011,7,24,21.778,31.611,25.167,17.018,NA,NA,FALSE,FALSE
20110725,"2011-07-25 12:00:00","2011-07-25 12:00:00",2011,7,25,21.611,30.611,26.833,14.986,NA,NA,FALSE,FALSE
20110726,"2011-07-26 12:00:00","2011-07-26 12:00:00",2011,7,26,24.722,31.389,28.389,0.508,NA,NA,FALSE,FALSE
20110727,"2011-07-27 12:00:00","2011-07-27 12:00:00",2011,7,27,25.889,31.611,28.389,1.524,NA,NA,FALSE,FALSE
20110728,"2011-07-28 12:00:00","2011-07-28 12:00:00",2011,7,28,26,32.111,27.778,0.254,NA,NA,FALSE,FALSE
20110729,"2011-07-29 12:00:00","2011-07-29 12:00:00",2011,7,29,25.778,32.278,28.222,0,NA,NA,FALSE,FALSE
20110730,"2011-07-30 12:00:00","2011-07-30 12:00:00",2011,7,30,25.722,32,27.944,0,NA,NA,FALSE,FALSE
20110731,"2011-07-31 12:00:00","2011-07-31 12:00:00",2011,7,31,24.889,32.722,27.889,NA,NA,NA,FALSE,FALSE
20110801,"2011-08-01 12:00:00","2011-08-01 12:00:00",2011,8,1,24,30.5,26.222,92.964,NA,NA,FALSE,FALSE
20110802,"2011-08-02 12:00:00","2011-08-02 12:00:00",2011,8,2,24,33.389,28.5,0,NA,NA,FALSE,FALSE
20110803,"2011-08-03 12:00:00","2011-08-03 12:00:00",2011,8,3,24.389,32.222,28,0,NA,NA,FALSE,FALSE
20110804,"2011-08-04 12:00:00","2011-08-04 12:00:00",2011,8,4,24.278,34.278,29.167,0,NA,NA,FALSE,FALSE
20110805,"2011-08-05 12:00:00","2011-08-05 12:00:00",2011,8,5,24.611,35.222,30.667,0,NA,NA,FALSE,FALSE
20110806,"2011-08-06 12:00:00","2011-08-06 12:00:00",2011,8,6,26.5,33.389,30.056,0,NA,NA,FALSE,FALSE
20110807,"2011-08-07 12:00:00","2011-08-07 12:00:00",2011,8,7,24.111,29.889,26.556,67.056,NA,NA,FALSE,FALSE
20110808,"2011-08-08 12:00:00","2011-08-08 12:00:00",2011,8,8,23.722,31,26.444,13.97,NA,NA,FALSE,FALSE
20110809,"2011-08-09 12:00:00","2011-08-09 12:00:00",2011,8,9,24.5,27.111,25.889,67.818,NA,NA,FALSE,FALSE
20110810,"2011-08-10 12:00:00","2011-08-10 12:00:00",2011,8,10,24.778,29.111,26.111,9.398,NA,NA,FALSE,FALSE
20110811,"2011-08-11 12:00:00","2011-08-11 12:00:00",2011,8,11,24.722,31.278,26.889,2.54,NA,NA,FALSE,FALSE
20110812,"2011-08-12 12:00:00","2011-08-12 12:00:00",2011,8,12,25.111,31.111,26.778,39.878,NA,NA,FALSE,FALSE
20110813,"2011-08-13 12:00:00","2011-08-13 12:00:00",2011,8,13,24.222,28.278,25.722,6.604,NA,NA,FALSE,FALSE
20110814,"2011-08-14 12:00:00","2011-08-14 12:00:00",2011,8,14,24,30.389,26.444,2.032,NA,NA,FALSE,FALSE
20110815,"2011-08-15 12:00:00","2011-08-15 12:00:00",2011,8,15,23.722,31.111,26.889,0,NA,NA,FALSE,FALSE
20110816,"2011-08-16 12:00:00","2011-08-16 12:00:00",2011,8,16,25,31.278,27.444,0,NA,NA,FALSE,FALSE
20110817,"2011-08-17 12:00:00","2011-08-17 12:00:00",2011,8,17,23.889,31.5,26.611,NA,NA,NA,FALSE,FALSE
20110818,"2011-08-18 12:00:00","2011-08-18 12:00:00",2011,8,18,22,29.722,24.556,3.048,NA,NA,FALSE,FALSE
20110819,"2011-08-19 12:00:00","2011-08-19 12:00:00",2011,8,19,18.222,24.278,21.833,1.524,NA,NA,FALSE,FALSE
20110820,"2011-08-20 12:00:00","2011-08-20 12:00:00",2011,8,20,18,21.389,19.278,33.02,NA,NA,FALSE,FALSE
20110821,"2011-08-21 12:00:00","2011-08-21 12:00:00",2011,8,21,17.889,28.611,23.667,3.048,NA,NA,FALSE,FALSE
20110822,"2011-08-22 12:00:00","2011-08-22 12:00:00",2011,8,22,19.5,23.611,21.111,0.508,NA,NA,FALSE,FALSE
20110823,"2011-08-23 12:00:00","2011-08-23 12:00:00",2011,8,23,20.722,23.5,21.611,1.016,NA,NA,FALSE,FALSE
20110824,"2011-08-24 12:00:00","2011-08-24 12:00:00",2011,8,24,20.222,25.722,22.444,2.032,NA,NA,FALSE,FALSE
20110825,"2011-08-25 12:00:00","2011-08-25 12:00:00",2011,8,25,20.5,29.611,24.556,4.064,NA,NA,FALSE,FALSE
20110826,"2011-08-26 12:00:00","2011-08-26 12:00:00",2011,8,26,21.778,30.222,25.778,0.508,NA,NA,FALSE,FALSE
20110827,"2011-08-27 12:00:00","2011-08-27 12:00:00",2011,8,27,22.889,31.722,26.722,0,NA,NA,FALSE,FALSE
20110828,"2011-08-28 12:00:00","2011-08-28 12:00:00",2011,8,28,22.889,32,27.167,0,NA,NA,FALSE,FALSE
20110829,"2011-08-29 12:00:00","2011-08-29 12:00:00",2011,8,29,23.722,32.889,26.833,32.004,NA,NA,FALSE,FALSE
20110830,"2011-08-30 12:00:00","2011-08-30 12:00:00",2011,8,30,23.778,32.222,26,6.096,NA,NA,FALSE,FALSE
20110831,"2011-08-31 12:00:00","2011-08-31 12:00:00",2011,8,31,23.111,32.611,27,0,NA,NA,FALSE,FALSE
20110901,"2011-09-01 12:00:00","2011-09-01 12:00:00",2011,9,1,22.722,33,26.889,0,NA,NA,FALSE,FALSE
20110902,"2011-09-02 12:00:00","2011-09-02 12:00:00",2011,9,2,22.5,32.111,26.556,0,NA,NA,FALSE,FALSE
20110903,"2011-09-03 12:00:00","2011-09-03 12:00:00",2011,9,3,21.222,32.5,26.222,0,NA,NA,FALSE,FALSE
20110904,"2011-09-04 12:00:00","2011-09-04 12:00:00",2011,9,4,20.5,30.778,25.278,0,NA,NA,FALSE,FALSE
20110905,"2011-09-05 12:00:00","2011-09-05 12:00:00",2011,9,5,18.222,28.889,23.167,0,NA,NA,FALSE,FALSE
20110906,"2011-09-06 12:00:00","2011-09-06 12:00:00",2011,9,6,16.111,28.389,21.889,0,NA,NA,FALSE,FALSE
20110907,"2011-09-07 12:00:00","2011-09-07 12:00:00",2011,9,7,19.278,29,22.944,0,NA,NA,FALSE,FALSE
20110908,"2011-09-08 12:00:00","2011-09-08 12:00:00",2011,9,8,19.611,26,22.833,0,NA,NA,FALSE,FALSE
20110909,"2011-09-09 12:00:00","2011-09-09 12:00:00",2011,9,9,19.222,26.889,21.111,3.556,NA,NA,FALSE,FALSE
20110910,"2011-09-10 12:00:00","2011-09-10 12:00:00",2011,9,10,18.889,23.278,20.778,3.048,NA,NA,FALSE,FALSE
20110911,"2011-09-11 12:00:00","2011-09-11 12:00:00",2011,9,11,20,28.389,25.111,0.508,NA,NA,FALSE,FALSE
20110912,"2011-09-12 12:00:00","2011-09-12 12:00:00",2011,9,12,23.5,31.111,25.889,0.508,NA,NA,FALSE,FALSE
20110913,"2011-09-13 12:00:00","2011-09-13 12:00:00",2011,9,13,22.722,31.889,26.5,0,NA,NA,FALSE,FALSE
20110914,"2011-09-14 12:00:00","2011-09-14 12:00:00",2011,9,14,21.722,32.611,26.611,0,NA,NA,FALSE,FALSE
20110915,"2011-09-15 12:00:00","2011-09-15 12:00:00",2011,9,15,21.389,33.278,27.111,0,NA,NA,FALSE,FALSE
20110916,"2011-09-16 12:00:00","2011-09-16 12:00:00",2011,9,16,22,33.111,27,0,NA,NA,FALSE,FALSE
20110917,"2011-09-17 12:00:00","2011-09-17 12:00:00",2011,9,17,22.5,33.111,26.722,0,NA,NA,FALSE,FALSE
20110918,"2011-09-18 12:00:00","2011-09-18 12:00:00",2011,9,18,18.389,26.389,21.889,NA,NA,NA,FALSE,FALSE
20110919,"2011-09-19 12:00:00","2011-09-19 12:00:00",2011,9,19,15.5,23.389,18.444,2.032,NA,NA,FALSE,FALSE
20110920,"2011-09-20 12:00:00","2011-09-20 12:00:00",2011,9,20,13.611,25.722,18.833,0,NA,NA,FALSE,FALSE
20110921,"2011-09-21 12:00:00","2011-09-21 12:00:00",2011,9,21,13.222,24.222,18.167,0,NA,NA,FALSE,FALSE
20110922,"2011-09-22 12:00:00","2011-09-22 12:00:00",2011,9,22,12.778,24.778,18.389,0,NA,NA,FALSE,FALSE
20110923,"2011-09-23 12:00:00","2011-09-23 12:00:00",2011,9,23,12.778,26.722,19.167,0,NA,NA,FALSE,FALSE
20110924,"2011-09-24 12:00:00","2011-09-24 12:00:00",2011,9,24,13.5,27.889,20.889,0,NA,NA,FALSE,FALSE
20110925,"2011-09-25 12:00:00","2011-09-25 12:00:00",2011,9,25,15.222,27,20.389,0,NA,NA,FALSE,FALSE
20110926,"2011-09-26 12:00:00","2011-09-26 12:00:00",2011,9,26,14,28.222,20.889,0,NA,NA,FALSE,FALSE
20110927,"2011-09-27 12:00:00","2011-09-27 12:00:00",2011,9,27,13.778,28,20.889,0,NA,NA,FALSE,FALSE
20110928,"2011-09-28 12:00:00","2011-09-28 12:00:00",2011,9,28,16.389,25.5,21.444,NA,NA,NA,FALSE,FALSE
20110929,"2011-09-29 12:00:00","2011-09-29 12:00:00",2011,9,29,17.222,22.611,19.722,2.54,NA,NA,FALSE,FALSE
20110930,"2011-09-30 12:00:00","2011-09-30 12:00:00",2011,9,30,10.778,22.278,16,1.016,NA,NA,FALSE,FALSE
20111001,"2011-10-01 12:00:00","2011-10-01 12:00:00",2011,10,1,10.222,19.111,14.444,0,NA,NA,FALSE,FALSE
20111002,"2011-10-02 12:00:00","2011-10-02 12:00:00",2011,10,2,10.111,19.111,13.944,0,NA,NA,FALSE,FALSE
20111003,"2011-10-03 12:00:00","2011-10-03 12:00:00",2011,10,3,8.722,21.111,14.111,0,NA,NA,FALSE,FALSE
20111004,"2011-10-04 12:00:00","2011-10-04 12:00:00",2011,10,4,8.278,23.222,16.722,0,NA,NA,FALSE,FALSE
20111005,"2011-10-05 12:00:00","2011-10-05 12:00:00",2011,10,5,12,24,16.778,0,NA,NA,FALSE,FALSE
20111006,"2011-10-06 12:00:00","2011-10-06 12:00:00",2011,10,6,9.889,22.222,15.722,0,NA,NA,FALSE,FALSE
20111007,"2011-10-07 12:00:00","2011-10-07 12:00:00",2011,10,7,9.611,23,15.5,0,NA,NA,FALSE,FALSE
20111008,"2011-10-08 12:00:00","2011-10-08 12:00:00",2011,10,8,9.889,24.722,16.667,0,NA,NA,FALSE,FALSE
20111009,"2011-10-09 12:00:00","2011-10-09 12:00:00",2011,10,9,11,25.222,18.333,0,NA,NA,FALSE,FALSE
20111010,"2011-10-10 12:00:00","2011-10-10 12:00:00",2011,10,10,12.722,27.722,18.833,0,NA,NA,FALSE,FALSE
20111011,"2011-10-11 12:00:00","2011-10-11 12:00:00",2011,10,11,10.611,25.389,17,0,NA,NA,FALSE,FALSE
20111012,"2011-10-12 12:00:00","2011-10-12 12:00:00",2011,10,12,10.222,23.278,17.722,0,NA,NA,FALSE,FALSE
20111013,"2011-10-13 12:00:00","2011-10-13 12:00:00",2011,10,13,13.778,26.889,19.722,NA,NA,NA,FALSE,FALSE
20111014,"2011-10-14 12:00:00","2011-10-14 12:00:00",2011,10,14,13.111,18.111,15.222,10.16,NA,NA,FALSE,FALSE
20111015,"2011-10-15 12:00:00","2011-10-15 12:00:00",2011,10,15,11.278,21.389,16.278,1.016,NA,NA,FALSE,FALSE
20111016,"2011-10-16 12:00:00","2011-10-16 12:00:00",2011,10,16,11.222,20.778,16.111,0,NA,NA,FALSE,FALSE
20111017,"2011-10-17 12:00:00","2011-10-17 12:00:00",2011,10,17,6.5,20.222,13.222,0,NA,NA,FALSE,FALSE
20111018,"2011-10-18 12:00:00","2011-10-18 12:00:00",2011,10,18,6,20,11.944,0,NA,NA,FALSE,FALSE
20111019,"2011-10-19 12:00:00","2011-10-19 12:00:00",2011,10,19,6.389,23.389,15.889,0,NA,NA,FALSE,FALSE
20111020,"2011-10-20 12:00:00","2011-10-20 12:00:00",2011,10,20,11.278,23.222,17.833,0,NA,NA,FALSE,FALSE
20111021,"2011-10-21 12:00:00","2011-10-21 12:00:00",2011,10,21,14.278,22.5,18.444,NA,NA,NA,FALSE,FALSE
20111022,"2011-10-22 12:00:00","2011-10-22 12:00:00",2011,10,22,12.611,22.778,16.278,7.112,NA,NA,FALSE,FALSE
20111023,"2011-10-23 12:00:00","2011-10-23 12:00:00",2011,10,23,12.222,18.722,15.611,0,NA,NA,FALSE,FALSE
20111024,"2011-10-24 12:00:00","2011-10-24 12:00:00",2011,10,24,9,15.722,12.833,4.064,NA,NA,FALSE,FALSE
20111025,"2011-10-25 12:00:00","2011-10-25 12:00:00",2011,10,25,3.389,14.778,8.5,0,NA,NA,FALSE,FALSE
20111026,"2011-10-26 12:00:00","2011-10-26 12:00:00",2011,10,26,2.889,19.278,10.833,0,NA,NA,FALSE,FALSE
20111027,"2011-10-27 12:00:00","2011-10-27 12:00:00",2011,10,27,5.5,20.778,13.778,0,NA,NA,FALSE,FALSE
20111028,"2011-10-28 12:00:00","2011-10-28 12:00:00",2011,10,28,9.778,22,15.389,0,NA,NA,FALSE,FALSE
20111029,"2011-10-29 12:00:00","2011-10-29 12:00:00",2011,10,29,10.778,20.5,14.5,0,NA,NA,FALSE,FALSE
20111030,"2011-10-30 12:00:00","2011-10-30 12:00:00",2011,10,30,9.222,21.222,14.111,0,NA,NA,FALSE,FALSE
20111031,"2011-10-31 12:00:00","2011-10-31 12:00:00",2011,10,31,9,22.778,15.222,0,NA,NA,FALSE,FALSE
20111101,"2011-11-01 12:00:00","2011-11-01 12:00:00",2011,11,1,9.778,24.611,18.889,0,NA,NA,FALSE,FALSE
20111102,"2011-11-02 12:00:00","2011-11-02 12:00:00",2011,11,2,15.278,21.722,17.889,3.048,NA,NA,FALSE,FALSE
20111103,"2011-11-03 12:00:00","2011-11-03 12:00:00",2011,11,3,16.111,27.111,20.611,0,NA,NA,FALSE,FALSE
20111104,"2011-11-04 12:00:00","2011-11-04 12:00:00",2011,11,4,16,26.5,21.222,NA,NA,NA,FALSE,FALSE
20111105,"2011-11-05 12:00:00","2011-11-05 12:00:00",2011,11,5,17.278,25.278,20.222,33.02,NA,NA,FALSE,FALSE
20111106,"2011-11-06 12:00:00","2011-11-06 12:00:00",2011,11,6,16.389,24,18.556,7.62,NA,NA,FALSE,FALSE
20111107,"2011-11-07 12:00:00","2011-11-07 12:00:00",2011,11,7,14.611,21.611,16.556,0,NA,NA,FALSE,FALSE
20111108,"2011-11-08 12:00:00","2011-11-08 12:00:00",2011,11,8,14.111,19.889,16.056,0,NA,NA,FALSE,FALSE
20111109,"2011-11-09 12:00:00","2011-11-09 12:00:00",2011,11,9,13.889,19.5,15.722,0,NA,NA,FALSE,FALSE
20111110,"2011-11-10 12:00:00","2011-11-10 12:00:00",2011,11,10,10.5,18.889,14.389,0,NA,NA,FALSE,FALSE
20111111,"2011-11-11 12:00:00","2011-11-11 12:00:00",2011,11,11,8.389,15.778,11.611,11.938,NA,NA,FALSE,FALSE
20111112,"2011-11-12 12:00:00","2011-11-12 12:00:00",2011,11,12,7.889,17.222,12.5,0,NA,NA,FALSE,FALSE
20111113,"2011-11-13 12:00:00","2011-11-13 12:00:00",2011,11,13,6.722,18,11.944,0,NA,NA,FALSE,FALSE
20111114,"2011-11-14 12:00:00","2011-11-14 12:00:00",2011,11,14,4.611,13.722,8.333,0,NA,NA,FALSE,FALSE
20111115,"2011-11-15 12:00:00","2011-11-15 12:00:00",2011,11,15,3.5,16.5,9.444,0,NA,NA,FALSE,FALSE
20111116,"2011-11-16 12:00:00","2011-11-16 12:00:00",2011,11,16,4.222,18.722,13.056,0,NA,NA,FALSE,FALSE
20111117,"2011-11-17 12:00:00","2011-11-17 12:00:00",2011,11,17,9.722,16.889,14.167,2.032,NA,NA,FALSE,FALSE
20111118,"2011-11-18 12:00:00","2011-11-18 12:00:00",2011,11,18,12.778,20.5,17.5,16.002,NA,NA,FALSE,FALSE
20111119,"2011-11-19 12:00:00","2011-11-19 12:00:00",2011,11,19,6,17.389,10.444,33.02,NA,NA,FALSE,FALSE
20111120,"2011-11-20 12:00:00","2011-11-20 12:00:00",2011,11,20,1.111,8.278,4,0,NA,NA,FALSE,FALSE
20111121,"2011-11-21 12:00:00","2011-11-21 12:00:00",2011,11,21,0.389,9.778,4.444,0,NA,NA,FALSE,FALSE
20111122,"2011-11-22 12:00:00","2011-11-22 12:00:00",2011,11,22,0.111,10,7.389,NA,NA,NA,FALSE,FALSE
20111123,"2011-11-23 12:00:00","2011-11-23 12:00:00",2011,11,23,3.722,12.111,6.111,6.604,NA,NA,FALSE,FALSE
20111124,"2011-11-24 12:00:00","2011-11-24 12:00:00",2011,11,24,-0.889,7.222,2.611,0,NA,NA,FALSE,FALSE
20111125,"2011-11-25 12:00:00","2011-11-25 12:00:00",2011,11,25,-1.222,10.222,4.722,0,NA,NA,FALSE,FALSE
20111126,"2011-11-26 12:00:00","2011-11-26 12:00:00",2011,11,26,1,15.611,9,0,NA,NA,FALSE,FALSE
20111127,"2011-11-27 12:00:00","2011-11-27 12:00:00",2011,11,27,5.778,19.889,12.889,0,NA,NA,FALSE,FALSE
20111128,"2011-11-28 12:00:00","2011-11-28 12:00:00",2011,11,28,7.778,20.389,13.5,0,NA,NA,FALSE,FALSE
20111129,"2011-11-29 12:00:00","2011-11-29 12:00:00",2011,11,29,8.778,21,14.111,0,NA,NA,FALSE,FALSE
20111130,"2011-11-30 12:00:00","2011-11-30 12:00:00",2011,11,30,5.278,12.889,9.389,22.098,NA,NA,FALSE,FALSE
20111201,"2011-12-01 12:00:00","2011-12-01 12:00:00",2011,12,1,5.222,9.722,7,7.112,NA,NA,FALSE,FALSE
20111202,"2011-12-02 12:00:00","2011-12-02 12:00:00",2011,12,2,4.389,12.278,8.444,0,NA,NA,FALSE,FALSE
20111203,"2011-12-03 12:00:00","2011-12-03 12:00:00",2011,12,3,5.278,11.611,7.778,1.016,NA,NA,FALSE,FALSE
20111204,"2011-12-04 12:00:00","2011-12-04 12:00:00",2011,12,4,1.389,9.111,5.278,0,NA,NA,FALSE,FALSE
20111205,"2011-12-05 12:00:00","2011-12-05 12:00:00",2011,12,5,0.5,9.722,5.5,0,NA,NA,FALSE,FALSE
20111206,"2011-12-06 12:00:00","2011-12-06 12:00:00",2011,12,6,4.389,11.111,6.5,0,NA,NA,FALSE,FALSE
20111207,"2011-12-07 12:00:00","2011-12-07 12:00:00",2011,12,7,4.222,10.611,7.222,0,NA,NA,FALSE,FALSE
20111208,"2011-12-08 12:00:00","2011-12-08 12:00:00",2011,12,8,-0.278,7.111,2.167,0,NA,NA,FALSE,FALSE
20111209,"2011-12-09 12:00:00","2011-12-09 12:00:00",2011,12,9,-1.389,4.278,0.167,1.016,NA,NA,FALSE,FALSE
20111210,"2011-12-10 12:00:00","2011-12-10 12:00:00",2011,12,10,-1.889,6.111,2.611,0,NA,NA,FALSE,FALSE
20111211,"2011-12-11 12:00:00","2011-12-11 12:00:00",2011,12,11,2.611,6.722,5.056,0,NA,NA,FALSE,FALSE
20111212,"2011-12-12 12:00:00","2011-12-12 12:00:00",2011,12,12,-0.222,10.889,5.111,0,NA,NA,FALSE,FALSE
20111213,"2011-12-13 12:00:00","2011-12-13 12:00:00",2011,12,13,-0.889,12,4.611,0,NA,NA,FALSE,FALSE
20111214,"2011-12-14 12:00:00","2011-12-14 12:00:00",2011,12,14,-1.222,12.111,6.5,0,NA,NA,FALSE,FALSE
20111215,"2011-12-15 12:00:00","2011-12-15 12:00:00",2011,12,15,-3.778,7.222,-0.333,NA,NA,NA,FALSE,FALSE
20111216,"2011-12-16 12:00:00","2011-12-16 12:00:00",2011,12,16,-4.5,0.278,-2.556,3.048,NA,NA,FALSE,FALSE
20111217,"2011-12-17 12:00:00","2011-12-17 12:00:00",2011,12,17,-4.5,2.889,-0.611,0,NA,NA,FALSE,FALSE
20111218,"2011-12-18 12:00:00","2011-12-18 12:00:00",2011,12,18,-2,3.722,0.111,0.254,NA,NA,FALSE,FALSE
20111219,"2011-12-19 12:00:00","2011-12-19 12:00:00",2011,12,19,-2.778,6.778,1.444,0,NA,NA,FALSE,FALSE
20111220,"2011-12-20 12:00:00","2011-12-20 12:00:00",2011,12,20,-2,6.278,2.833,0,NA,NA,FALSE,FALSE
20111221,"2011-12-21 12:00:00","2011-12-21 12:00:00",2011,12,21,0.389,6.389,3.5,0,NA,NA,FALSE,FALSE
20111222,"2011-12-22 12:00:00","2011-12-22 12:00:00",2011,12,22,-6,4.278,-2.611,0,NA,NA,FALSE,FALSE
20111223,"2011-12-23 12:00:00","2011-12-23 12:00:00",2011,12,23,-6.222,1.722,-2.5,0,NA,NA,FALSE,FALSE
20111224,"2011-12-24 12:00:00","2011-12-24 12:00:00",2011,12,24,-5.222,2.722,-1.889,3.556,NA,NA,FALSE,FALSE
20111225,"2011-12-25 12:00:00","2011-12-25 12:00:00",2011,12,25,-5.889,1.5,-2.167,0.508,NA,NA,FALSE,FALSE
20111226,"2011-12-26 12:00:00","2011-12-26 12:00:00",2011,12,26,-5.889,1.111,-2.889,0,NA,NA,FALSE,FALSE
20111227,"2011-12-27 12:00:00","2011-12-27 12:00:00",2011,12,27,-6.278,5.722,0,0,NA,NA,FALSE,FALSE
20111228,"2011-12-28 12:00:00","2011-12-28 12:00:00",2011,12,28,-2.889,8,1.778,0,NA,NA,FALSE,FALSE
20111229,"2011-12-29 12:00:00","2011-12-29 12:00:00",2011,12,29,-4.722,5.889,0,0,NA,NA,FALSE,FALSE
20111230,"2011-12-30 12:00:00","2011-12-30 12:00:00",2011,12,30,-5.111,4.611,-1.222,0,NA,NA,FALSE,FALSE
20111231,"2011-12-31 12:00:00","2011-12-31 12:00:00",2011,12,31,-5.889,4.278,1.556,0,NA,NA,FALSE,FALSE
20120101,"2012-01-01 12:00:00","2012-01-01 12:00:00",2012,1,1,-4.778,4,-0.5,1.016,NA,NA,FALSE,FALSE
20120102,"2012-01-02 12:00:00","2012-01-02 12:00:00",2012,1,2,-4.889,3.278,-0.167,0,NA,NA,FALSE,FALSE
20120103,"2012-01-03 12:00:00","2012-01-03 12:00:00",2012,1,3,-3.389,3.111,-0.778,1.016,NA,NA,FALSE,FALSE
20120104,"2012-01-04 12:00:00","2012-01-04 12:00:00",2012,1,4,-5.111,-0.389,-2.722,4.064,NA,NA,FALSE,FALSE
20120105,"2012-01-05 12:00:00","2012-01-05 12:00:00",2012,1,5,-6.278,3.111,-2.611,0,NA,NA,FALSE,FALSE
20120106,"2012-01-06 12:00:00","2012-01-06 12:00:00",2012,1,6,-6.611,4,-1.5,0,NA,NA,FALSE,FALSE
20120107,"2012-01-07 12:00:00","2012-01-07 12:00:00",2012,1,7,-6.111,3.778,-2.222,0,NA,NA,FALSE,FALSE
20120108,"2012-01-08 12:00:00","2012-01-08 12:00:00",2012,1,8,-6.889,5.278,-0.167,0,NA,NA,FALSE,FALSE
20120109,"2012-01-09 12:00:00","2012-01-09 12:00:00",2012,1,9,-1.611,7.222,2.611,0,NA,NA,FALSE,FALSE
20120110,"2012-01-10 12:00:00","2012-01-10 12:00:00",2012,1,10,-0.889,5.278,2.111,NA,NA,NA,FALSE,FALSE
20120111,"2012-01-11 12:00:00","2012-01-11 12:00:00",2012,1,11,-5.5,1.5,-3,0,NA,NA,FALSE,FALSE
20120112,"2012-01-12 12:00:00","2012-01-12 12:00:00",2012,1,12,-6.389,2.222,-0.556,0,NA,NA,FALSE,FALSE
20120113,"2012-01-13 12:00:00","2012-01-13 12:00:00",2012,1,13,-2.722,6.5,1,0,NA,NA,FALSE,FALSE
20120114,"2012-01-14 12:00:00","2012-01-14 12:00:00",2012,1,14,-3.222,5.278,0.778,0,NA,NA,FALSE,FALSE
20120115,"2012-01-15 12:00:00","2012-01-15 12:00:00",2012,1,15,-1.389,4.278,1.167,0,NA,NA,FALSE,FALSE
20120116,"2012-01-16 12:00:00","2012-01-16 12:00:00",2012,1,16,-0.889,11.111,4.111,0,NA,NA,FALSE,FALSE
20120117,"2012-01-17 12:00:00","2012-01-17 12:00:00",2012,1,17,0,10,4.056,0,NA,NA,FALSE,FALSE
20120118,"2012-01-18 12:00:00","2012-01-18 12:00:00",2012,1,18,-0.222,8.722,5,0,NA,NA,FALSE,FALSE
20120119,"2012-01-19 12:00:00","2012-01-19 12:00:00",2012,1,19,3.722,8.222,6.889,0,NA,NA,FALSE,FALSE
20120120,"2012-01-20 12:00:00","2012-01-20 12:00:00",2012,1,20,5.278,9.889,7.611,0,NA,NA,FALSE,FALSE
20120121,"2012-01-21 12:00:00","2012-01-21 12:00:00",2012,1,21,-0.889,7,3,6.096,NA,NA,FALSE,FALSE
20120122,"2012-01-22 12:00:00","2012-01-22 12:00:00",2012,1,22,-6.611,2.389,-3.222,0,NA,NA,FALSE,FALSE
20120123,"2012-01-23 12:00:00","2012-01-23 12:00:00",2012,1,23,-7.5,-1.611,-5.278,0,NA,NA,FALSE,FALSE
20120124,"2012-01-24 12:00:00","2012-01-24 12:00:00",2012,1,24,-7.778,-0.222,-3.833,0,NA,NA,FALSE,FALSE
20120125,"2012-01-25 12:00:00","2012-01-25 12:00:00",2012,1,25,-9.278,-1.389,-5.611,3.048,NA,NA,FALSE,FALSE
20120126,"2012-01-26 12:00:00","2012-01-26 12:00:00",2012,1,26,-9.722,3.611,-0.5,0,NA,NA,FALSE,FALSE
20120127,"2012-01-27 12:00:00","2012-01-27 12:00:00",2012,1,27,-1.611,8.722,2.611,0,NA,NA,FALSE,FALSE
20120128,"2012-01-28 12:00:00","2012-01-28 12:00:00",2012,1,28,-1.111,9,2.278,0,NA,NA,FALSE,FALSE
20120129,"2012-01-29 12:00:00","2012-01-29 12:00:00",2012,1,29,-2.611,6.278,1.056,0,NA,NA,FALSE,FALSE
20120130,"2012-01-30 12:00:00","2012-01-30 12:00:00",2012,1,30,-5.778,4,-1.556,0,NA,NA,FALSE,FALSE
20120131,"2012-01-31 12:00:00","2012-01-31 12:00:00",2012,1,31,-6.111,6.611,1.222,0.508,NA,NA,FALSE,FALSE
20120201,"2012-02-01 12:00:00","2012-02-01 12:00:00",2012,2,1,-9.111,1.778,-5.722,1.016,NA,NA,FALSE,FALSE
20120202,"2012-02-02 12:00:00","2012-02-02 12:00:00",2012,2,2,-9.722,-5.222,-7.833,0,NA,NA,FALSE,FALSE
20120203,"2012-02-03 12:00:00","2012-02-03 12:00:00",2012,2,3,-9.278,0.278,-3.5,0,NA,NA,FALSE,FALSE
20120204,"2012-02-04 12:00:00","2012-02-04 12:00:00",2012,2,4,-4.722,5.111,0,0,NA,NA,FALSE,FALSE
20120205,"2012-02-05 12:00:00","2012-02-05 12:00:00",2012,2,5,-2.778,6.278,1.611,0,NA,NA,FALSE,FALSE
20120206,"2012-02-06 12:00:00","2012-02-06 12:00:00",2012,2,6,-1.5,4.278,2.5,4.064,NA,NA,FALSE,FALSE
20120207,"2012-02-07 12:00:00","2012-02-07 12:00:00",2012,2,7,-8.889,3.111,-5.667,0.508,NA,NA,FALSE,FALSE
20120208,"2012-02-08 12:00:00","2012-02-08 12:00:00",2012,2,8,-9.278,-2,-4.611,3.048,NA,NA,FALSE,FALSE
20120209,"2012-02-09 12:00:00","2012-02-09 12:00:00",2012,2,9,-5.389,1.722,-1.556,1.016,NA,NA,FALSE,FALSE
20120210,"2012-02-10 12:00:00","2012-02-10 12:00:00",2012,2,10,-4.389,4.5,-0.5,0,NA,NA,FALSE,FALSE
20120211,"2012-02-11 12:00:00","2012-02-11 12:00:00",2012,2,11,-5.889,4.389,-2,0,NA,NA,FALSE,FALSE
20120212,"2012-02-12 12:00:00","2012-02-12 12:00:00",2012,2,12,-6,8.611,3.556,0,NA,NA,FALSE,FALSE
20120213,"2012-02-13 12:00:00","2012-02-13 12:00:00",2012,2,13,2.611,4.722,3.889,0,NA,NA,FALSE,FALSE
20120214,"2012-02-14 12:00:00","2012-02-14 12:00:00",2012,2,14,2.111,9.5,4.333,7.62,NA,NA,FALSE,FALSE
20120215,"2012-02-15 12:00:00","2012-02-15 12:00:00",2012,2,15,-1.222,7.389,2.111,0,NA,NA,FALSE,FALSE
20120216,"2012-02-16 12:00:00","2012-02-16 12:00:00",2012,2,16,-3.722,5.722,0.556,0,NA,NA,FALSE,FALSE
20120217,"2012-02-17 12:00:00","2012-02-17 12:00:00",2012,2,17,-6.611,1.111,-3.389,0.762,NA,NA,FALSE,FALSE
20120218,"2012-02-18 12:00:00","2012-02-18 12:00:00",2012,2,18,-6.889,-0.722,-4.278,0,NA,NA,FALSE,FALSE
20120219,"2012-02-19 12:00:00","2012-02-19 12:00:00",2012,2,19,-7.111,2.611,-2.389,0,NA,NA,FALSE,FALSE
20120220,"2012-02-20 12:00:00","2012-02-20 12:00:00",2012,2,20,-7.389,7.722,1.111,0,NA,NA,FALSE,FALSE
20120221,"2012-02-21 12:00:00","2012-02-21 12:00:00",2012,2,21,-2.389,4.722,1.111,0.508,NA,NA,FALSE,FALSE
20120222,"2012-02-22 12:00:00","2012-02-22 12:00:00",2012,2,22,-0.778,13,8.389,0,NA,NA,FALSE,FALSE
20120223,"2012-02-23 12:00:00","2012-02-23 12:00:00",2012,2,23,0.778,9.5,4.667,0,NA,NA,FALSE,FALSE
20120224,"2012-02-24 12:00:00","2012-02-24 12:00:00",2012,2,24,0.389,13.222,6.667,0,NA,NA,FALSE,FALSE
20120225,"2012-02-25 12:00:00","2012-02-25 12:00:00",2012,2,25,-1.5,4.889,1.111,1.016,NA,NA,FALSE,FALSE
20120226,"2012-02-26 12:00:00","2012-02-26 12:00:00",2012,2,26,-4.778,4.889,-0.5,0,NA,NA,FALSE,FALSE
20120227,"2012-02-27 12:00:00","2012-02-27 12:00:00",2012,2,27,-5,9.278,2.278,0,NA,NA,FALSE,FALSE
20120228,"2012-02-28 12:00:00","2012-02-28 12:00:00",2012,2,28,-0.722,7.278,3.889,0,NA,NA,FALSE,FALSE
20120229,"2012-02-29 12:00:00","2012-02-29 12:00:00",2012,2,29,-0.889,14.889,6.611,0,NA,NA,FALSE,FALSE
20120301,"2012-03-01 12:00:00","2012-03-01 12:00:00",2012,3,1,2.389,16,9.5,NA,NA,NA,FALSE,FALSE
20120302,"2012-03-02 12:00:00","2012-03-02 12:00:00",2012,3,2,5,8.278,6.389,1.524,NA,NA,FALSE,FALSE
20120303,"2012-03-03 12:00:00","2012-03-03 12:00:00",2012,3,3,5.111,15.111,9.444,0,NA,NA,FALSE,FALSE
20120304,"2012-03-04 12:00:00","2012-03-04 12:00:00",2012,3,4,5.111,11.889,7.111,4.064,NA,NA,FALSE,FALSE
20120305,"2012-03-05 12:00:00","2012-03-05 12:00:00",2012,3,5,5,8.222,7,13.97,NA,NA,FALSE,FALSE
20120306,"2012-03-06 12:00:00","2012-03-06 12:00:00",2012,3,6,3,8.5,4.944,9.906,NA,NA,FALSE,FALSE
20120307,"2012-03-07 12:00:00","2012-03-07 12:00:00",2012,3,7,1.222,10.611,4.944,0,NA,NA,FALSE,FALSE
20120308,"2012-03-08 12:00:00","2012-03-08 12:00:00",2012,3,8,-0.222,11.5,4.389,0,NA,NA,FALSE,FALSE
20120309,"2012-03-09 12:00:00","2012-03-09 12:00:00",2012,3,9,-0.389,12.278,4.222,0,NA,NA,FALSE,FALSE
20120310,"2012-03-10 12:00:00","2012-03-10 12:00:00",2012,3,10,-0.222,11,4,0,NA,NA,FALSE,FALSE
20120311,"2012-03-11 12:00:00","2012-03-11 12:00:00",2012,3,11,-2.278,2.389,-0.722,0,NA,NA,FALSE,FALSE
20120312,"2012-03-12 12:00:00","2012-03-12 12:00:00",2012,3,12,-3.278,5.5,0.389,0,NA,NA,FALSE,FALSE
20120313,"2012-03-13 12:00:00","2012-03-13 12:00:00",2012,3,13,-3.5,10.778,2.944,0,NA,NA,FALSE,FALSE
20120314,"2012-03-14 12:00:00","2012-03-14 12:00:00",2012,3,14,-2,13.5,6.833,0,NA,NA,FALSE,FALSE
20120315,"2012-03-15 12:00:00","2012-03-15 12:00:00",2012,3,15,2.389,16.722,10,0,NA,NA,FALSE,FALSE
20120316,"2012-03-16 12:00:00","2012-03-16 12:00:00",2012,3,16,7.222,11.111,9.111,3.048,NA,NA,FALSE,FALSE
20120317,"2012-03-17 12:00:00","2012-03-17 12:00:00",2012,3,17,7.222,10.611,8.667,1.016,NA,NA,FALSE,FALSE
20120318,"2012-03-18 12:00:00","2012-03-18 12:00:00",2012,3,18,0.611,10.278,4.389,0,NA,NA,FALSE,FALSE
20120319,"2012-03-19 12:00:00","2012-03-19 12:00:00",2012,3,19,-0.611,11.222,4.056,0,NA,NA,FALSE,FALSE
20120320,"2012-03-20 12:00:00","2012-03-20 12:00:00",2012,3,20,-1,10.778,4.556,0,NA,NA,FALSE,FALSE
20120321,"2012-03-21 12:00:00","2012-03-21 12:00:00",2012,3,21,-0.611,14.722,7.111,0,NA,NA,FALSE,FALSE
20120322,"2012-03-22 12:00:00","2012-03-22 12:00:00",2012,3,22,2.389,6.778,5.444,14.478,NA,NA,FALSE,FALSE
20120323,"2012-03-23 12:00:00","2012-03-23 12:00:00",2012,3,23,3.889,8.222,5.722,22.86,NA,NA,FALSE,FALSE
20120324,"2012-03-24 12:00:00","2012-03-24 12:00:00",2012,3,24,2.889,9.278,5.111,0.508,NA,NA,FALSE,FALSE
20120325,"2012-03-25 12:00:00","2012-03-25 12:00:00",2012,3,25,0.611,9.5,4.556,0,NA,NA,FALSE,FALSE
20120326,"2012-03-26 12:00:00","2012-03-26 12:00:00",2012,3,26,-0.222,11.778,5.111,0,NA,NA,FALSE,FALSE
20120327,"2012-03-27 12:00:00","2012-03-27 12:00:00",2012,3,27,-0.278,18.111,11.056,0,NA,NA,FALSE,FALSE
20120328,"2012-03-28 12:00:00","2012-03-28 12:00:00",2012,3,28,5.778,20.222,12.444,0,NA,NA,FALSE,FALSE
20120329,"2012-03-29 12:00:00","2012-03-29 12:00:00",2012,3,29,5.778,20.5,15.889,NA,NA,NA,FALSE,FALSE
20120330,"2012-03-30 12:00:00","2012-03-30 12:00:00",2012,3,30,4.611,15.278,9.778,30.988,NA,NA,FALSE,FALSE
20120331,"2012-03-31 12:00:00","2012-03-31 12:00:00",2012,3,31,1,13,6.389,0,NA,NA,FALSE,FALSE
20120401,"2012-04-01 12:00:00","2012-04-01 12:00:00",2012,4,1,0.778,14.278,7.611,0,NA,NA,FALSE,FALSE
20120402,"2012-04-02 12:00:00","2012-04-02 12:00:00",2012,4,2,3.778,18.389,14.222,0,NA,NA,FALSE,FALSE
20120403,"2012-04-03 12:00:00","2012-04-03 12:00:00",2012,4,3,1.889,15.5,4.722,20.066,NA,NA,FALSE,FALSE
20120404,"2012-04-04 12:00:00","2012-04-04 12:00:00",2012,4,4,1.278,17,10.333,0,NA,NA,FALSE,FALSE
20120405,"2012-04-05 12:00:00","2012-04-05 12:00:00",2012,4,5,2.278,16.611,8.278,0,NA,NA,FALSE,FALSE
20120406,"2012-04-06 12:00:00","2012-04-06 12:00:00",2012,4,6,1.611,13.778,7,0,NA,NA,FALSE,FALSE
20120407,"2012-04-07 12:00:00","2012-04-07 12:00:00",2012,4,7,1.611,16.722,9.944,0,NA,NA,FALSE,FALSE
20120408,"2012-04-08 12:00:00","2012-04-08 12:00:00",2012,4,8,5.111,22.611,16.222,0,NA,NA,FALSE,FALSE
20120409,"2012-04-09 12:00:00","2012-04-09 12:00:00",2012,4,9,13.111,23.5,16.889,0,NA,NA,FALSE,FALSE
20120410,"2012-04-10 12:00:00","2012-04-10 12:00:00",2012,4,10,13.111,17.222,14.889,4.064,NA,NA,FALSE,FALSE
20120411,"2012-04-11 12:00:00","2012-04-11 12:00:00",2012,4,11,3.5,16.389,9.5,4.064,NA,NA,FALSE,FALSE
20120412,"2012-04-12 12:00:00","2012-04-12 12:00:00",2012,4,12,3.222,18.222,11.611,0,NA,NA,FALSE,FALSE
20120413,"2012-04-13 12:00:00","2012-04-13 12:00:00",2012,4,13,7.389,13.111,10.167,1.016,NA,NA,FALSE,FALSE
20120414,"2012-04-14 12:00:00","2012-04-14 12:00:00",2012,4,14,7.278,22.222,14.5,0,NA,NA,FALSE,FALSE
20120415,"2012-04-15 12:00:00","2012-04-15 12:00:00",2012,4,15,9.222,25,16.222,0,NA,NA,FALSE,FALSE
20120416,"2012-04-16 12:00:00","2012-04-16 12:00:00",2012,4,16,5.778,23.722,13.556,0,NA,NA,FALSE,FALSE
20120417,"2012-04-17 12:00:00","2012-04-17 12:00:00",2012,4,17,5.278,21.5,13.889,0,NA,NA,FALSE,FALSE
20120418,"2012-04-18 12:00:00","2012-04-18 12:00:00",2012,4,18,8.5,24,16.833,0,NA,NA,FALSE,FALSE
20120419,"2012-04-19 12:00:00","2012-04-19 12:00:00",2012,4,19,11.778,16.111,13.389,3.048,NA,NA,FALSE,FALSE
20120420,"2012-04-20 12:00:00","2012-04-20 12:00:00",2012,4,20,11.778,20.5,17.056,1.016,NA,NA,FALSE,FALSE
20120421,"2012-04-21 12:00:00","2012-04-21 12:00:00",2012,4,21,9.722,17.5,14.444,28.956,NA,NA,FALSE,FALSE
20120422,"2012-04-22 12:00:00","2012-04-22 12:00:00",2012,4,22,9.5,15.278,10.944,3.048,NA,NA,FALSE,FALSE
20120423,"2012-04-23 12:00:00","2012-04-23 12:00:00",2012,4,23,9.222,25.278,17.556,0,NA,NA,FALSE,FALSE
20120424,"2012-04-24 12:00:00","2012-04-24 12:00:00",2012,4,24,11.889,28.5,21.5,NA,NA,NA,FALSE,FALSE
20120425,"2012-04-25 12:00:00","2012-04-25 12:00:00",2012,4,25,8.5,20.222,13.333,20.066,NA,NA,FALSE,FALSE
20120426,"2012-04-26 12:00:00","2012-04-26 12:00:00",2012,4,26,6.778,18.222,12.5,0.508,NA,NA,FALSE,FALSE
20120427,"2012-04-27 12:00:00","2012-04-27 12:00:00",2012,4,27,6.5,25.778,16.611,0,NA,NA,FALSE,FALSE
20120428,"2012-04-28 12:00:00","2012-04-28 12:00:00",2012,4,28,9.5,27.889,19.722,0,NA,NA,FALSE,FALSE
20120429,"2012-04-29 12:00:00","2012-04-29 12:00:00",2012,4,29,13.5,20.611,18.222,0,NA,NA,FALSE,FALSE
20120430,"2012-04-30 12:00:00","2012-04-30 12:00:00",2012,4,30,15.5,25.389,19.778,0,NA,NA,FALSE,FALSE
20120501,"2012-05-01 12:00:00","2012-05-01 12:00:00",2012,5,1,15.222,21.5,17.667,20.066,NA,NA,FALSE,FALSE
20120502,"2012-05-02 12:00:00","2012-05-02 12:00:00",2012,5,2,14.389,26.889,19.389,4.826,NA,NA,FALSE,FALSE
20120503,"2012-05-03 12:00:00","2012-05-03 12:00:00",2012,5,3,13.278,24.778,18.611,0,NA,NA,FALSE,FALSE
20120504,"2012-05-04 12:00:00","2012-05-04 12:00:00",2012,5,4,13.222,27.611,20.333,0,NA,NA,FALSE,FALSE
20120505,"2012-05-05 12:00:00","2012-05-05 12:00:00",2012,5,5,12.611,27.778,18.944,0.508,NA,NA,FALSE,FALSE
20120506,"2012-05-06 12:00:00","2012-05-06 12:00:00",2012,5,6,12.389,27.278,20.333,0.508,NA,NA,FALSE,FALSE
20120507,"2012-05-07 12:00:00","2012-05-07 12:00:00",2012,5,7,15.778,28.889,22.167,0,NA,NA,FALSE,FALSE
20120508,"2012-05-08 12:00:00","2012-05-08 12:00:00",2012,5,8,16.722,30.111,21.556,0,NA,NA,FALSE,FALSE
20120509,"2012-05-09 12:00:00","2012-05-09 12:00:00",2012,5,9,14.5,30,20.611,0,NA,NA,FALSE,FALSE
20120510,"2012-05-10 12:00:00","2012-05-10 12:00:00",2012,5,10,14.278,26.889,19.889,0,NA,NA,FALSE,FALSE
20120511,"2012-05-11 12:00:00","2012-05-11 12:00:00",2012,5,11,13.611,21.722,16.944,0,NA,NA,FALSE,FALSE
20120512,"2012-05-12 12:00:00","2012-05-12 12:00:00",2012,5,12,13.389,23.389,17.5,0,NA,NA,FALSE,FALSE
20120513,"2012-05-13 12:00:00","2012-05-13 12:00:00",2012,5,13,13.5,20.111,17.778,0,NA,NA,FALSE,FALSE
20120514,"2012-05-14 12:00:00","2012-05-14 12:00:00",2012,5,14,16,18,16.833,14.478,NA,NA,FALSE,FALSE
20120515,"2012-05-15 12:00:00","2012-05-15 12:00:00",2012,5,15,13.111,23.5,17.667,0.508,NA,NA,FALSE,FALSE
20120516,"2012-05-16 12:00:00","2012-05-16 12:00:00",2012,5,16,12.889,24.611,18.556,2.032,NA,NA,FALSE,FALSE
20120517,"2012-05-17 12:00:00","2012-05-17 12:00:00",2012,5,17,10.722,23.111,16.111,0,NA,NA,FALSE,FALSE
20120518,"2012-05-18 12:00:00","2012-05-18 12:00:00",2012,5,18,10.389,26.722,19.278,0,NA,NA,FALSE,FALSE
20120519,"2012-05-19 12:00:00","2012-05-19 12:00:00",2012,5,19,13.778,25.389,19.278,0,NA,NA,FALSE,FALSE
20120520,"2012-05-20 12:00:00","2012-05-20 12:00:00",2012,5,20,13.778,28,20.056,0,NA,NA,FALSE,FALSE
20120521,"2012-05-21 12:00:00","2012-05-21 12:00:00",2012,5,21,14.111,28.389,21.722,0,NA,NA,FALSE,FALSE
20120522,"2012-05-22 12:00:00","2012-05-22 12:00:00",2012,5,22,14.889,28.722,22.056,0,NA,NA,FALSE,FALSE
20120523,"2012-05-23 12:00:00","2012-05-23 12:00:00",2012,5,23,16.778,29.889,22.556,0,NA,NA,FALSE,FALSE
20120524,"2012-05-24 12:00:00","2012-05-24 12:00:00",2012,5,24,17.222,25.389,20.889,0,NA,NA,FALSE,FALSE
20120525,"2012-05-25 12:00:00","2012-05-25 12:00:00",2012,5,25,14.889,27.722,20.5,0,NA,NA,FALSE,FALSE
20120526,"2012-05-26 12:00:00","2012-05-26 12:00:00",2012,5,26,14.778,29.5,21.556,0,NA,NA,FALSE,FALSE
20120527,"2012-05-27 12:00:00","2012-05-27 12:00:00",2012,5,27,14.5,29.5,22.389,0,NA,NA,FALSE,FALSE
20120528,"2012-05-28 12:00:00","2012-05-28 12:00:00",2012,5,28,16.389,30.222,23.111,0,NA,NA,FALSE,FALSE
20120529,"2012-05-29 12:00:00","2012-05-29 12:00:00",2012,5,29,16.222,31.611,24.444,0,NA,NA,FALSE,FALSE
20120530,"2012-05-30 12:00:00","2012-05-30 12:00:00",2012,5,30,18.111,26.389,21.111,0,NA,NA,FALSE,FALSE
20120531,"2012-05-31 12:00:00","2012-05-31 12:00:00",2012,5,31,17.111,28.111,22.111,0,NA,NA,FALSE,FALSE
20120601,"2012-06-01 12:00:00","2012-06-01 12:00:00",2012,6,1,16.5,28.611,22.556,0,NA,NA,FALSE,FALSE
20120602,"2012-06-02 12:00:00","2012-06-02 12:00:00",2012,6,2,15.889,29.111,20.222,4.064,NA,NA,FALSE,FALSE
20120603,"2012-06-03 12:00:00","2012-06-03 12:00:00",2012,6,3,15.611,30.278,23.056,0,NA,NA,FALSE,FALSE
20120604,"2012-06-04 12:00:00","2012-06-04 12:00:00",2012,6,4,17.889,27.889,23.333,0,NA,NA,FALSE,FALSE
20120605,"2012-06-05 12:00:00","2012-06-05 12:00:00",2012,6,5,19.611,29.611,23.444,0,NA,NA,FALSE,FALSE
20120606,"2012-06-06 12:00:00","2012-06-06 12:00:00",2012,6,6,19,27.278,22.5,0,NA,NA,FALSE,FALSE
20120607,"2012-06-07 12:00:00","2012-06-07 12:00:00",2012,6,7,19.111,30.889,24.111,0,NA,NA,FALSE,FALSE
20120608,"2012-06-08 12:00:00","2012-06-08 12:00:00",2012,6,8,19.389,23,20.667,3.048,NA,NA,FALSE,FALSE
20120609,"2012-06-09 12:00:00","2012-06-09 12:00:00",2012,6,9,18.611,30.222,23.611,0,NA,NA,FALSE,FALSE
20120610,"2012-06-10 12:00:00","2012-06-10 12:00:00",2012,6,10,18.278,31.389,24.111,0,NA,NA,FALSE,FALSE
20120611,"2012-06-11 12:00:00","2012-06-11 12:00:00",2012,6,11,19.389,27.611,23.167,0,NA,NA,FALSE,FALSE
20120612,"2012-06-12 12:00:00","2012-06-12 12:00:00",2012,6,12,19.389,30.722,23.889,11.938,NA,NA,FALSE,FALSE
20120613,"2012-06-13 12:00:00","2012-06-13 12:00:00",2012,6,13,19.278,30.611,22.722,33.02,NA,NA,FALSE,FALSE
20120614,"2012-06-14 12:00:00","2012-06-14 12:00:00",2012,6,14,18.722,29.889,23.833,0,NA,NA,FALSE,FALSE
20120615,"2012-06-15 12:00:00","2012-06-15 12:00:00",2012,6,15,18.222,23.722,21.167,0.508,NA,NA,FALSE,FALSE
20120616,"2012-06-16 12:00:00","2012-06-16 12:00:00",2012,6,16,18.111,29.889,23.389,0,NA,NA,FALSE,FALSE
20120617,"2012-06-17 12:00:00","2012-06-17 12:00:00",2012,6,17,19,29.222,23.722,0,NA,NA,FALSE,FALSE
20120618,"2012-06-18 12:00:00","2012-06-18 12:00:00",2012,6,18,19,25.278,20.944,5.08,NA,NA,FALSE,FALSE
20120619,"2012-06-19 12:00:00","2012-06-19 12:00:00",2012,6,19,18.778,31.389,25.111,5.08,NA,NA,FALSE,FALSE
20120620,"2012-06-20 12:00:00","2012-06-20 12:00:00",2012,6,20,20.5,29.389,24.222,0,NA,NA,FALSE,FALSE
20120621,"2012-06-21 12:00:00","2012-06-21 12:00:00",2012,6,21,20.222,31.778,25,6.096,NA,NA,FALSE,FALSE
20120622,"2012-06-22 12:00:00","2012-06-22 12:00:00",2012,6,22,20.111,31.111,25,0,NA,NA,FALSE,FALSE
20120623,"2012-06-23 12:00:00","2012-06-23 12:00:00",2012,6,23,20.278,30.611,25.5,0,NA,NA,FALSE,FALSE
20120624,"2012-06-24 12:00:00","2012-06-24 12:00:00",2012,6,24,20.222,28.611,24.056,0,NA,NA,FALSE,FALSE
20120625,"2012-06-25 12:00:00","2012-06-25 12:00:00",2012,6,25,19,31.722,24.778,0,NA,NA,FALSE,FALSE
20120626,"2012-06-26 12:00:00","2012-06-26 12:00:00",2012,6,26,18.5,28.111,23.056,0,NA,NA,FALSE,FALSE
20120627,"2012-06-27 12:00:00","2012-06-27 12:00:00",2012,6,27,19.5,29.111,23.389,0,NA,NA,FALSE,FALSE
20120628,"2012-06-28 12:00:00","2012-06-28 12:00:00",2012,6,28,18.889,31.222,25.333,0,NA,NA,FALSE,FALSE
20120629,"2012-06-29 12:00:00","2012-06-29 12:00:00",2012,6,29,21.222,29.111,23.611,3.048,NA,NA,FALSE,FALSE
20120630,"2012-06-30 12:00:00","2012-06-30 12:00:00",2012,6,30,20.722,26,23.278,13.97,NA,NA,FALSE,FALSE
20120701,"2012-07-01 12:00:00","2012-07-01 12:00:00",2012,7,1,20.611,27.222,22.944,0,NA,NA,FALSE,FALSE
20120702,"2012-07-02 12:00:00","2012-07-02 12:00:00",2012,7,2,20.5,28.5,24.5,0,NA,NA,FALSE,FALSE
20120703,"2012-07-03 12:00:00","2012-07-03 12:00:00",2012,7,3,22,29.722,24.778,0,NA,NA,FALSE,FALSE
20120704,"2012-07-04 12:00:00","2012-07-04 12:00:00",2012,7,4,22.611,28.5,24.833,0,NA,NA,FALSE,FALSE
20120705,"2012-07-05 12:00:00","2012-07-05 12:00:00",2012,7,5,22,28.889,25,51.816,NA,NA,FALSE,FALSE
20120706,"2012-07-06 12:00:00","2012-07-06 12:00:00",2012,7,6,20.722,25.722,22.722,23.876,NA,NA,FALSE,FALSE
20120707,"2012-07-07 12:00:00","2012-07-07 12:00:00",2012,7,7,20.5,30.5,24.722,0,NA,NA,FALSE,FALSE
20120708,"2012-07-08 12:00:00","2012-07-08 12:00:00",2012,7,8,21.222,31.778,25.278,0,NA,NA,FALSE,FALSE
20120709,"2012-07-09 12:00:00","2012-07-09 12:00:00",2012,7,9,21.278,31,26.111,0,NA,NA,FALSE,FALSE
20120710,"2012-07-10 12:00:00","2012-07-10 12:00:00",2012,7,10,21.611,27.778,24.222,12.954,NA,NA,FALSE,FALSE
20120711,"2012-07-11 12:00:00","2012-07-11 12:00:00",2012,7,11,22.111,25.778,24,73.152,NA,NA,FALSE,FALSE
20120712,"2012-07-12 12:00:00","2012-07-12 12:00:00",2012,7,12,22.111,30.222,26.5,0,NA,NA,FALSE,FALSE
20120713,"2012-07-13 12:00:00","2012-07-13 12:00:00",2012,7,13,23.111,31.722,26.889,4.064,NA,NA,FALSE,FALSE
20120714,"2012-07-14 12:00:00","2012-07-14 12:00:00",2012,7,14,23.222,26.611,24.667,39.878,NA,NA,FALSE,FALSE
20120715,"2012-07-15 12:00:00","2012-07-15 12:00:00",2012,7,15,21.778,27.611,23.889,72.39,NA,NA,FALSE,FALSE
20120716,"2012-07-16 12:00:00","2012-07-16 12:00:00",2012,7,16,21.611,28.222,24.833,0,NA,NA,FALSE,FALSE
20120717,"2012-07-17 12:00:00","2012-07-17 12:00:00",2012,7,17,22.222,26.111,24.333,14.986,NA,NA,FALSE,FALSE
20120718,"2012-07-18 12:00:00","2012-07-18 12:00:00",2012,7,18,23.778,30,26.611,3.048,NA,NA,FALSE,FALSE
20120719,"2012-07-19 12:00:00","2012-07-19 12:00:00",2012,7,19,23.722,30.611,26.167,36.576,NA,NA,FALSE,FALSE
20120720,"2012-07-20 12:00:00","2012-07-20 12:00:00",2012,7,20,23.722,32.222,26.889,2.54,NA,NA,FALSE,FALSE
20120721,"2012-07-21 12:00:00","2012-07-21 12:00:00",2012,7,21,23.778,33.5,28.111,0,NA,NA,FALSE,FALSE
20120722,"2012-07-22 12:00:00","2012-07-22 12:00:00",2012,7,22,25.278,32.778,28.333,0,NA,NA,FALSE,FALSE
20120723,"2012-07-23 12:00:00","2012-07-23 12:00:00",2012,7,23,24.278,32.778,28.278,0,NA,NA,FALSE,FALSE
20120724,"2012-07-24 12:00:00","2012-07-24 12:00:00",2012,7,24,24,33.722,29,0,NA,NA,FALSE,FALSE
20120725,"2012-07-25 12:00:00","2012-07-25 12:00:00",2012,7,25,24.778,34.278,29,0,NA,NA,FALSE,FALSE
20120726,"2012-07-26 12:00:00","2012-07-26 12:00:00",2012,7,26,24.722,34.111,29,0,NA,NA,FALSE,FALSE
20120727,"2012-07-27 12:00:00","2012-07-27 12:00:00",2012,7,27,24.778,34.5,28.722,0,NA,NA,FALSE,FALSE
20120728,"2012-07-28 12:00:00","2012-07-28 12:00:00",2012,7,28,25.389,35.222,29.889,0,NA,NA,FALSE,FALSE
20120729,"2012-07-29 12:00:00","2012-07-29 12:00:00",2012,7,29,26.278,34.611,29.611,0,NA,NA,FALSE,FALSE
20120730,"2012-07-30 12:00:00","2012-07-30 12:00:00",2012,7,30,25.611,35,29.667,0,NA,NA,FALSE,FALSE
20120731,"2012-07-31 12:00:00","2012-07-31 12:00:00",2012,7,31,25.389,35,29.889,0,NA,NA,FALSE,FALSE
20120801,"2012-08-01 12:00:00","2012-08-01 12:00:00",2012,8,1,25.611,36.722,31.278,0,NA,NA,FALSE,FALSE
20120802,"2012-08-02 12:00:00","2012-08-02 12:00:00",2012,8,2,26.389,34.111,29.889,0,NA,NA,FALSE,FALSE
20120803,"2012-08-03 12:00:00","2012-08-03 12:00:00",2012,8,3,25.889,35.722,30.222,0,NA,NA,FALSE,FALSE
20120804,"2012-08-04 12:00:00","2012-08-04 12:00:00",2012,8,4,25.5,36.778,30.722,0,NA,NA,FALSE,FALSE
20120805,"2012-08-05 12:00:00","2012-08-05 12:00:00",2012,8,5,25.722,37.722,31.833,0,NA,NA,FALSE,FALSE
20120806,"2012-08-06 12:00:00","2012-08-06 12:00:00",2012,8,6,24.722,36.111,28.778,40.894,NA,NA,FALSE,FALSE
20120807,"2012-08-07 12:00:00","2012-08-07 12:00:00",2012,8,7,23.778,34.111,28.944,0,NA,NA,FALSE,FALSE
20120808,"2012-08-08 12:00:00","2012-08-08 12:00:00",2012,8,8,23.111,33.389,28.667,0,NA,NA,FALSE,FALSE
20120809,"2012-08-09 12:00:00","2012-08-09 12:00:00",2012,8,9,25.5,33,28.056,0.508,NA,NA,FALSE,FALSE
20120810,"2012-08-10 12:00:00","2012-08-10 12:00:00",2012,8,10,23.611,28.611,25.222,9.652,NA,NA,FALSE,FALSE
20120811,"2012-08-11 12:00:00","2012-08-11 12:00:00",2012,8,11,23.278,34,28.778,0,NA,NA,FALSE,FALSE
20120812,"2012-08-12 12:00:00","2012-08-12 12:00:00",2012,8,12,24.5,32.611,28.722,21.082,NA,NA,FALSE,FALSE
20120813,"2012-08-13 12:00:00","2012-08-13 12:00:00",2012,8,13,25,27.389,25.778,16.51,NA,NA,FALSE,FALSE
20120814,"2012-08-14 12:00:00","2012-08-14 12:00:00",2012,8,14,26.5,30.278,27.444,0,NA,NA,FALSE,FALSE
20120815,"2012-08-15 12:00:00","2012-08-15 12:00:00",2012,8,15,24.389,30.611,27.556,NA,NA,NA,FALSE,FALSE
20120816,"2012-08-16 12:00:00","2012-08-16 12:00:00",2012,8,16,24.278,30.278,26.333,46.99,NA,NA,FALSE,FALSE
20120817,"2012-08-17 12:00:00","2012-08-17 12:00:00",2012,8,17,24.389,34.778,29.889,0,NA,NA,FALSE,FALSE
20120818,"2012-08-18 12:00:00","2012-08-18 12:00:00",2012,8,18,26.611,33.111,29.222,0,NA,NA,FALSE,FALSE
20120819,"2012-08-19 12:00:00","2012-08-19 12:00:00",2012,8,19,26.5,33.111,29.222,0,NA,NA,FALSE,FALSE
20120820,"2012-08-20 12:00:00","2012-08-20 12:00:00",2012,8,20,26.5,29.611,27.778,0,NA,NA,FALSE,FALSE
20120821,"2012-08-21 12:00:00","2012-08-21 12:00:00",2012,8,21,25.889,33.389,28.056,6.096,NA,NA,FALSE,FALSE
20120822,"2012-08-22 12:00:00","2012-08-22 12:00:00",2012,8,22,22.722,26.889,24.056,25.146,NA,NA,FALSE,FALSE
20120823,"2012-08-23 12:00:00","2012-08-23 12:00:00",2012,8,23,21.611,26.722,23.444,13.97,NA,NA,FALSE,FALSE
20120824,"2012-08-24 12:00:00","2012-08-24 12:00:00",2012,8,24,21.5,26,24.278,67.056,NA,NA,FALSE,FALSE
20120825,"2012-08-25 12:00:00","2012-08-25 12:00:00",2012,8,25,23.722,33.222,28,0,NA,NA,FALSE,FALSE
20120826,"2012-08-26 12:00:00","2012-08-26 12:00:00",2012,8,26,23.389,34,28.944,0,NA,NA,FALSE,FALSE
20120827,"2012-08-27 12:00:00","2012-08-27 12:00:00",2012,8,27,24.111,31.222,27.5,NA,NA,NA,FALSE,FALSE
20120828,"2012-08-28 12:00:00","2012-08-28 12:00:00",2012,8,28,23.111,26,24.111,90.932,NA,NA,FALSE,FALSE
20120829,"2012-08-29 12:00:00","2012-08-29 12:00:00",2012,8,29,23.278,30.889,25.889,3.048,NA,NA,FALSE,FALSE
20120830,"2012-08-30 12:00:00","2012-08-30 12:00:00",2012,8,30,19.778,24.611,21.389,118.872,NA,NA,FALSE,FALSE
20120831,"2012-08-31 12:00:00","2012-08-31 12:00:00",2012,8,31,18.778,29.722,23.778,0,NA,NA,FALSE,FALSE
20120901,"2012-09-01 12:00:00","2012-09-01 12:00:00",2012,9,1,19.111,29.611,24.889,0,NA,NA,FALSE,FALSE
20120902,"2012-09-02 12:00:00","2012-09-02 12:00:00",2012,9,2,20.889,29.222,24.611,0,NA,NA,FALSE,FALSE
20120903,"2012-09-03 12:00:00","2012-09-03 12:00:00",2012,9,3,20.889,31.389,25.167,0,NA,NA,FALSE,FALSE
20120904,"2012-09-04 12:00:00","2012-09-04 12:00:00",2012,9,4,20.889,29.389,24.278,4.064,NA,NA,FALSE,FALSE
20120905,"2012-09-05 12:00:00","2012-09-05 12:00:00",2012,9,5,17.611,28.611,22.167,44.958,NA,NA,FALSE,FALSE
20120906,"2012-09-06 12:00:00","2012-09-06 12:00:00",2012,9,6,16.889,28.278,22.5,0,NA,NA,FALSE,FALSE
20120907,"2012-09-07 12:00:00","2012-09-07 12:00:00",2012,9,7,17.611,28.889,23.5,0.508,NA,NA,FALSE,FALSE
20120908,"2012-09-08 12:00:00","2012-09-08 12:00:00",2012,9,8,18.278,27.889,22.333,71.882,NA,NA,FALSE,FALSE
20120909,"2012-09-09 12:00:00","2012-09-09 12:00:00",2012,9,9,17.5,21.111,19.167,11.176,NA,NA,FALSE,FALSE
20120910,"2012-09-10 12:00:00","2012-09-10 12:00:00",2012,9,10,17.389,28.778,23.222,7.112,NA,NA,FALSE,FALSE
20120911,"2012-09-11 12:00:00","2012-09-11 12:00:00",2012,9,11,18.889,28.611,23.722,0,NA,NA,FALSE,FALSE
20120912,"2012-09-12 12:00:00","2012-09-12 12:00:00",2012,9,12,19.5,29.278,24.111,0,NA,NA,FALSE,FALSE
20120913,"2012-09-13 12:00:00","2012-09-13 12:00:00",2012,9,13,18.611,24.722,21.056,7.874,NA,NA,FALSE,FALSE
20120914,"2012-09-14 12:00:00","2012-09-14 12:00:00",2012,9,14,17.222,22,19,2.032,NA,NA,FALSE,FALSE
20120915,"2012-09-15 12:00:00","2012-09-15 12:00:00",2012,9,15,17.111,23.778,20.833,1.016,NA,NA,FALSE,FALSE
20120916,"2012-09-16 12:00:00","2012-09-16 12:00:00",2012,9,16,17.389,21.278,19.111,37.846,NA,NA,FALSE,FALSE
20120917,"2012-09-17 12:00:00","2012-09-17 12:00:00",2012,9,17,17.278,20.222,18.722,86.868,NA,NA,FALSE,FALSE
20120918,"2012-09-18 12:00:00","2012-09-18 12:00:00",2012,9,18,16.5,25.5,20.5,0,NA,NA,FALSE,FALSE
20120919,"2012-09-19 12:00:00","2012-09-19 12:00:00",2012,9,19,16.278,25.778,20.167,0,NA,NA,FALSE,FALSE
20120920,"2012-09-20 12:00:00","2012-09-20 12:00:00",2012,9,20,16.389,25.778,20,0,NA,NA,FALSE,FALSE
20120921,"2012-09-21 12:00:00","2012-09-21 12:00:00",2012,9,21,15.222,26.111,19.667,0,NA,NA,FALSE,FALSE
20120922,"2012-09-22 12:00:00","2012-09-22 12:00:00",2012,9,22,15.111,26.778,20.667,0,NA,NA,FALSE,FALSE
20120923,"2012-09-23 12:00:00","2012-09-23 12:00:00",2012,9,23,16.111,27.389,20.944,0,NA,NA,FALSE,FALSE
20120924,"2012-09-24 12:00:00","2012-09-24 12:00:00",2012,9,24,16.389,28.389,21.778,0,NA,NA,FALSE,FALSE
20120925,"2012-09-25 12:00:00","2012-09-25 12:00:00",2012,9,25,15.222,28.389,21.5,0,NA,NA,FALSE,FALSE
20120926,"2012-09-26 12:00:00","2012-09-26 12:00:00",2012,9,26,14.889,26.111,20.944,0,NA,NA,FALSE,FALSE
20120927,"2012-09-27 12:00:00","2012-09-27 12:00:00",2012,9,27,16.778,24.778,19.944,0,NA,NA,FALSE,FALSE
20120928,"2012-09-28 12:00:00","2012-09-28 12:00:00",2012,9,28,15.389,25.611,19.722,0,NA,NA,FALSE,FALSE
20120929,"2012-09-29 12:00:00","2012-09-29 12:00:00",2012,9,29,15,21.889,17.333,0,NA,NA,FALSE,FALSE
20120930,"2012-09-30 12:00:00","2012-09-30 12:00:00",2012,9,30,14.278,21.5,17,0,NA,NA,FALSE,FALSE
20121001,"2012-10-01 12:00:00","2012-10-01 12:00:00",2012,10,1,13.722,24.222,18.167,0,NA,NA,FALSE,FALSE
20121002,"2012-10-02 12:00:00","2012-10-02 12:00:00",2012,10,2,13.778,25.389,19.111,0,NA,NA,FALSE,FALSE
20121003,"2012-10-03 12:00:00","2012-10-03 12:00:00",2012,10,3,14.278,26.722,19.667,0,NA,NA,FALSE,FALSE
20121004,"2012-10-04 12:00:00","2012-10-04 12:00:00",2012,10,4,14.222,25.5,18.889,0,NA,NA,FALSE,FALSE
20121005,"2012-10-05 12:00:00","2012-10-05 12:00:00",2012,10,5,14.5,22.5,18.833,0,NA,NA,FALSE,FALSE
20121006,"2012-10-06 12:00:00","2012-10-06 12:00:00",2012,10,6,14,25.278,18.556,0,NA,NA,FALSE,FALSE
20121007,"2012-10-07 12:00:00","2012-10-07 12:00:00",2012,10,7,13.278,25.778,18.778,0,NA,NA,FALSE,FALSE
20121008,"2012-10-08 12:00:00","2012-10-08 12:00:00",2012,10,8,12,24.111,17.5,0,NA,NA,FALSE,FALSE
20121009,"2012-10-09 12:00:00","2012-10-09 12:00:00",2012,10,9,11.889,24.111,17.222,0,NA,NA,FALSE,FALSE
20121010,"2012-10-10 12:00:00","2012-10-10 12:00:00",2012,10,10,11.278,22.222,16.222,0,NA,NA,FALSE,FALSE
20121011,"2012-10-11 12:00:00","2012-10-11 12:00:00",2012,10,11,8.389,19.722,13.944,0,NA,NA,FALSE,FALSE
20121012,"2012-10-12 12:00:00","2012-10-12 12:00:00",2012,10,12,7.889,23.5,16,0,NA,NA,FALSE,FALSE
20121013,"2012-10-13 12:00:00","2012-10-13 12:00:00",2012,10,13,11.5,24.889,17,0,NA,NA,FALSE,FALSE
20121014,"2012-10-14 12:00:00","2012-10-14 12:00:00",2012,10,14,12.111,24.611,16.833,0,NA,NA,FALSE,FALSE
20121015,"2012-10-15 12:00:00","2012-10-15 12:00:00",2012,10,15,10,24.722,16.389,0,NA,NA,FALSE,FALSE
20121016,"2012-10-16 12:00:00","2012-10-16 12:00:00",2012,10,16,9.722,25.722,19.5,NA,NA,NA,FALSE,FALSE
20121017,"2012-10-17 12:00:00","2012-10-17 12:00:00",2012,10,17,7.889,18.611,12.444,0,NA,NA,FALSE,FALSE
20121018,"2012-10-18 12:00:00","2012-10-18 12:00:00",2012,10,18,6.611,18.111,12.056,0,NA,NA,FALSE,FALSE
20121019,"2012-10-19 12:00:00","2012-10-19 12:00:00",2012,10,19,6.5,21.278,14,0,NA,NA,FALSE,FALSE
20121020,"2012-10-20 12:00:00","2012-10-20 12:00:00",2012,10,20,9,22.722,14.111,0,NA,NA,FALSE,FALSE
20121021,"2012-10-21 12:00:00","2012-10-21 12:00:00",2012,10,21,9.111,25.278,18.111,0,NA,NA,FALSE,FALSE
20121022,"2012-10-22 12:00:00","2012-10-22 12:00:00",2012,10,22,10.889,21,14.833,53.086,NA,NA,FALSE,FALSE
20121023,"2012-10-23 12:00:00","2012-10-23 12:00:00",2012,10,23,6.5,16.778,11.222,0,NA,NA,FALSE,FALSE
20121024,"2012-10-24 12:00:00","2012-10-24 12:00:00",2012,10,24,6.111,20.389,12.944,0,NA,NA,FALSE,FALSE
20121025,"2012-10-25 12:00:00","2012-10-25 12:00:00",2012,10,25,8.111,22.722,15.333,0,NA,NA,FALSE,FALSE
20121026,"2012-10-26 12:00:00","2012-10-26 12:00:00",2012,10,26,10.611,24.5,18.889,NA,NA,NA,FALSE,FALSE
20121027,"2012-10-27 12:00:00","2012-10-27 12:00:00",2012,10,27,15,19,16.444,29.464,NA,NA,FALSE,FALSE
20121028,"2012-10-28 12:00:00","2012-10-28 12:00:00",2012,10,28,8.778,20.278,14.278,0,NA,NA,FALSE,FALSE
20121029,"2012-10-29 12:00:00","2012-10-29 12:00:00",2012,10,29,8.389,19.778,14.278,0,NA,NA,FALSE,FALSE
20121030,"2012-10-30 12:00:00","2012-10-30 12:00:00",2012,10,30,5.278,14.889,9.611,0,NA,NA,FALSE,FALSE
20121031,"2012-10-31 12:00:00","2012-10-31 12:00:00",2012,10,31,4.611,14.5,10.5,0,NA,NA,FALSE,FALSE
20121101,"2012-11-01 12:00:00","2012-11-01 12:00:00",2012,11,1,3.222,12.5,7.889,0,NA,NA,FALSE,FALSE
20121102,"2012-11-02 12:00:00","2012-11-02 12:00:00",2012,11,2,2.778,15.778,8.5,0,NA,NA,FALSE,FALSE
20121103,"2012-11-03 12:00:00","2012-11-03 12:00:00",2012,11,3,3.278,18.722,12.333,0,NA,NA,FALSE,FALSE
20121104,"2012-11-04 12:00:00","2012-11-04 12:00:00",2012,11,4,7.222,15.889,11.333,4.064,NA,NA,FALSE,FALSE
20121105,"2012-11-05 12:00:00","2012-11-05 12:00:00",2012,11,5,7,15.5,10.167,1.016,NA,NA,FALSE,FALSE
20121106,"2012-11-06 12:00:00","2012-11-06 12:00:00",2012,11,6,7.778,14,11,6.096,NA,NA,FALSE,FALSE
20121107,"2012-11-07 12:00:00","2012-11-07 12:00:00",2012,11,7,7.278,15.389,10.611,0,NA,NA,FALSE,FALSE
20121108,"2012-11-08 12:00:00","2012-11-08 12:00:00",2012,11,8,6.389,16.222,11.944,0,NA,NA,FALSE,FALSE
20121109,"2012-11-09 12:00:00","2012-11-09 12:00:00",2012,11,9,7.278,18.778,12.778,0,NA,NA,FALSE,FALSE
20121110,"2012-11-10 12:00:00","2012-11-10 12:00:00",2012,11,10,9.389,18.611,14,0.508,NA,NA,FALSE,FALSE
20121111,"2012-11-11 12:00:00","2012-11-11 12:00:00",2012,11,11,8.222,14.611,10.222,9.144,NA,NA,FALSE,FALSE
20121112,"2012-11-12 12:00:00","2012-11-12 12:00:00",2012,11,12,8.111,14,10.556,0,NA,NA,FALSE,FALSE
20121113,"2012-11-13 12:00:00","2012-11-13 12:00:00",2012,11,13,4.111,13.889,7.889,0,NA,NA,FALSE,FALSE
20121114,"2012-11-14 12:00:00","2012-11-14 12:00:00",2012,11,14,3.778,9.222,5.944,5.08,NA,NA,FALSE,FALSE
20121115,"2012-11-15 12:00:00","2012-11-15 12:00:00",2012,11,15,2,11.889,6.333,0.508,NA,NA,FALSE,FALSE
20121116,"2012-11-16 12:00:00","2012-11-16 12:00:00",2012,11,16,1.722,12.111,8.611,2.032,NA,NA,FALSE,FALSE
20121117,"2012-11-17 12:00:00","2012-11-17 12:00:00",2012,11,17,3.611,11.389,7.833,10.922,NA,NA,FALSE,FALSE
20121118,"2012-11-18 12:00:00","2012-11-18 12:00:00",2012,11,18,1.722,12.722,6.556,0,NA,NA,FALSE,FALSE
20121119,"2012-11-19 12:00:00","2012-11-19 12:00:00",2012,11,19,1.389,13.389,6.333,0,NA,NA,FALSE,FALSE
20121120,"2012-11-20 12:00:00","2012-11-20 12:00:00",2012,11,20,1.5,8.611,4.333,0,NA,NA,FALSE,FALSE
20121121,"2012-11-21 12:00:00","2012-11-21 12:00:00",2012,11,21,0.722,10.722,5.889,0,NA,NA,FALSE,FALSE
20121122,"2012-11-22 12:00:00","2012-11-22 12:00:00",2012,11,22,2.222,15.5,9.611,0,NA,NA,FALSE,FALSE
20121123,"2012-11-23 12:00:00","2012-11-23 12:00:00",2012,11,23,1.778,9.278,5.667,0,NA,NA,FALSE,FALSE
20121124,"2012-11-24 12:00:00","2012-11-24 12:00:00",2012,11,24,-0.111,9.222,3.778,0,NA,NA,FALSE,FALSE
20121125,"2012-11-25 12:00:00","2012-11-25 12:00:00",2012,11,25,-0.611,9,4.778,0.508,NA,NA,FALSE,FALSE
20121126,"2012-11-26 12:00:00","2012-11-26 12:00:00",2012,11,26,0.278,9.222,4.167,7.62,NA,NA,FALSE,FALSE
20121127,"2012-11-27 12:00:00","2012-11-27 12:00:00",2012,11,27,-0.111,9.278,4.611,0,NA,NA,FALSE,FALSE
20121128,"2012-11-28 12:00:00","2012-11-28 12:00:00",2012,11,28,2.611,16.222,8.444,0,NA,NA,FALSE,FALSE
20121129,"2012-11-29 12:00:00","2012-11-29 12:00:00",2012,11,29,1.111,9.111,4.111,0,NA,NA,FALSE,FALSE
20121130,"2012-11-30 12:00:00","2012-11-30 12:00:00",2012,11,30,0,10,5.056,0,NA,NA,FALSE,FALSE
20121201,"2012-12-01 12:00:00","2012-12-01 12:00:00",2012,12,1,-1.5,7.389,2.556,0,NA,NA,FALSE,FALSE
20121202,"2012-12-02 12:00:00","2012-12-02 12:00:00",2012,12,2,0,10.5,4.056,0.508,NA,NA,FALSE,FALSE
20121203,"2012-12-03 12:00:00","2012-12-03 12:00:00",2012,12,3,-0.722,8.778,3.944,2.032,NA,NA,FALSE,FALSE
20121204,"2012-12-04 12:00:00","2012-12-04 12:00:00",2012,12,4,-0.389,5.5,1.444,2.032,NA,NA,FALSE,FALSE
20121205,"2012-12-05 12:00:00","2012-12-05 12:00:00",2012,12,5,-2.611,9.111,1.389,13.97,NA,NA,FALSE,FALSE
20121206,"2012-12-06 12:00:00","2012-12-06 12:00:00",2012,12,6,-4.111,1.389,-2.167,5.334,NA,NA,FALSE,FALSE
20121207,"2012-12-07 12:00:00","2012-12-07 12:00:00",2012,12,7,-3.389,6.611,1.5,2.032,NA,NA,FALSE,FALSE
20121208,"2012-12-08 12:00:00","2012-12-08 12:00:00",2012,12,8,-6.111,2.611,-2.222,6.096,NA,NA,FALSE,FALSE
20121209,"2012-12-09 12:00:00","2012-12-09 12:00:00",2012,12,9,-7.5,0,-3.667,1.016,NA,NA,FALSE,FALSE
20121210,"2012-12-10 12:00:00","2012-12-10 12:00:00",2012,12,10,-6.278,2.278,-2,0,NA,NA,FALSE,FALSE
20121211,"2012-12-11 12:00:00","2012-12-11 12:00:00",2012,12,11,-3.889,3.222,-0.778,0,NA,NA,FALSE,FALSE
20121212,"2012-12-12 12:00:00","2012-12-12 12:00:00",2012,12,12,-4.389,5,-0.778,0,NA,NA,FALSE,FALSE
20121213,"2012-12-13 12:00:00","2012-12-13 12:00:00",2012,12,13,-4.778,9.278,3.667,NA,NA,NA,FALSE,FALSE
20121214,"2012-12-14 12:00:00","2012-12-14 12:00:00",2012,12,14,1.778,10.222,9,22.86,NA,NA,FALSE,FALSE
20121215,"2012-12-15 12:00:00","2012-12-15 12:00:00",2012,12,15,1.722,10.222,5.722,0,NA,NA,FALSE,FALSE
20121216,"2012-12-16 12:00:00","2012-12-16 12:00:00",2012,12,16,1,12,6.5,0,NA,NA,FALSE,FALSE
20121217,"2012-12-17 12:00:00","2012-12-17 12:00:00",2012,12,17,-0.611,7,2.944,0,NA,NA,FALSE,FALSE
20121218,"2012-12-18 12:00:00","2012-12-18 12:00:00",2012,12,18,-4.889,1.778,-2.333,0,NA,NA,FALSE,FALSE
20121219,"2012-12-19 12:00:00","2012-12-19 12:00:00",2012,12,19,-5.111,1.889,-2.444,0,NA,NA,FALSE,FALSE
20121220,"2012-12-20 12:00:00","2012-12-20 12:00:00",2012,12,20,-5.111,6.889,2,NA,NA,NA,FALSE,FALSE
20121221,"2012-12-21 12:00:00","2012-12-21 12:00:00",2012,12,21,-0.111,5.278,3.889,11.938,NA,NA,FALSE,FALSE
20121222,"2012-12-22 12:00:00","2012-12-22 12:00:00",2012,12,22,-1.222,3.778,0.889,0,NA,NA,FALSE,FALSE
20121223,"2012-12-23 12:00:00","2012-12-23 12:00:00",2012,12,23,-8,0.611,-4.889,0.254,NA,NA,FALSE,FALSE
20121224,"2012-12-24 12:00:00","2012-12-24 12:00:00",2012,12,24,-8.611,1.111,-2.389,0,NA,NA,FALSE,FALSE
20121225,"2012-12-25 12:00:00","2012-12-25 12:00:00",2012,12,25,-9.5,2.5,-4.611,0,NA,NA,FALSE,FALSE
20121226,"2012-12-26 12:00:00","2012-12-26 12:00:00",2012,12,26,-10.222,-0.111,-5.278,0,NA,NA,FALSE,FALSE
20121227,"2012-12-27 12:00:00","2012-12-27 12:00:00",2012,12,27,-8.389,5.278,0.556,NA,NA,NA,FALSE,FALSE
20121228,"2012-12-28 12:00:00","2012-12-28 12:00:00",2012,12,28,-2.222,5,0.333,6.096,NA,NA,FALSE,FALSE
20121229,"2012-12-29 12:00:00","2012-12-29 12:00:00",2012,12,29,-2.5,4.111,1.222,0,NA,NA,FALSE,FALSE
20121230,"2012-12-30 12:00:00","2012-12-30 12:00:00",2012,12,30,-6.889,0.611,-3.944,5.08,NA,NA,FALSE,FALSE
20121231,"2012-12-31 12:00:00","2012-12-31 12:00:00",2012,12,31,-7.889,0.278,-3,1.016,NA,NA,FALSE,FALSE
20130101,"2013-01-01 12:00:00","2013-01-01 12:00:00",2013,1,1,-5.111,5.222,0.556,0.508,NA,NA,FALSE,FALSE
20130102,"2013-01-02 12:00:00","2013-01-02 12:00:00",2013,1,2,-9.111,1.389,-5.167,0.508,NA,NA,FALSE,FALSE
20130103,"2013-01-03 12:00:00","2013-01-03 12:00:00",2013,1,3,-9.5,-2.722,-6.833,0,NA,NA,FALSE,FALSE
20130104,"2013-01-04 12:00:00","2013-01-04 12:00:00",2013,1,4,-10.278,-0.722,-5.889,0,NA,NA,FALSE,FALSE
20130105,"2013-01-05 12:00:00","2013-01-05 12:00:00",2013,1,5,-9.278,2.889,-1.889,0,NA,NA,FALSE,FALSE
20130106,"2013-01-06 12:00:00","2013-01-06 12:00:00",2013,1,6,-5.5,3,-2.056,0,NA,NA,FALSE,FALSE
20130107,"2013-01-07 12:00:00","2013-01-07 12:00:00",2013,1,7,-6.389,3.611,-1.889,0,NA,NA,FALSE,FALSE
20130108,"2013-01-08 12:00:00","2013-01-08 12:00:00",2013,1,8,-4.778,5.278,-0.389,0,NA,NA,FALSE,FALSE
20130109,"2013-01-09 12:00:00","2013-01-09 12:00:00",2013,1,9,-7.222,0.222,-4.389,0,NA,NA,FALSE,FALSE
20130110,"2013-01-10 12:00:00","2013-01-10 12:00:00",2013,1,10,-7.611,0.722,-3.944,0,NA,NA,FALSE,FALSE
20130111,"2013-01-11 12:00:00","2013-01-11 12:00:00",2013,1,11,-6.889,5.111,-0.222,0,NA,NA,FALSE,FALSE
20130112,"2013-01-12 12:00:00","2013-01-12 12:00:00",2013,1,12,-2.611,8.278,1.667,0,NA,NA,FALSE,FALSE
20130113,"2013-01-13 12:00:00","2013-01-13 12:00:00",2013,1,13,-4.222,4.778,0.167,0,NA,NA,FALSE,FALSE
20130114,"2013-01-14 12:00:00","2013-01-14 12:00:00",2013,1,14,-4.389,6.389,0.611,0,NA,NA,FALSE,FALSE
20130115,"2013-01-15 12:00:00","2013-01-15 12:00:00",2013,1,15,-4.611,6.389,0.333,0,NA,NA,FALSE,FALSE
20130116,"2013-01-16 12:00:00","2013-01-16 12:00:00",2013,1,16,-3.278,3.389,0.444,0,NA,NA,FALSE,FALSE
20130117,"2013-01-17 12:00:00","2013-01-17 12:00:00",2013,1,17,-6.389,0.278,-3.278,0,NA,NA,FALSE,FALSE
20130118,"2013-01-18 12:00:00","2013-01-18 12:00:00",2013,1,18,-7,4.722,-0.222,0,NA,NA,FALSE,FALSE
20130119,"2013-01-19 12:00:00","2013-01-19 12:00:00",2013,1,19,-2.278,6.778,1.389,0,NA,NA,FALSE,FALSE
20130120,"2013-01-20 12:00:00","2013-01-20 12:00:00",2013,1,20,-2.611,10.778,6.222,NA,NA,NA,FALSE,FALSE
20130121,"2013-01-21 12:00:00","2013-01-21 12:00:00",2013,1,21,3.611,7.889,6.167,13.97,NA,NA,FALSE,FALSE
20130122,"2013-01-22 12:00:00","2013-01-22 12:00:00",2013,1,22,2.889,6.389,3.778,0.508,NA,NA,FALSE,FALSE
20130123,"2013-01-23 12:00:00","2013-01-23 12:00:00",2013,1,23,0.111,3.722,2.111,3.048,NA,NA,FALSE,FALSE
20130124,"2013-01-24 12:00:00","2013-01-24 12:00:00",2013,1,24,-3.278,3.889,0.5,0,NA,NA,FALSE,FALSE
20130125,"2013-01-25 12:00:00","2013-01-25 12:00:00",2013,1,25,-4.222,0.278,-2.833,0,NA,NA,FALSE,FALSE
20130126,"2013-01-26 12:00:00","2013-01-26 12:00:00",2013,1,26,-5.278,0.278,-3,0,NA,NA,FALSE,FALSE
20130127,"2013-01-27 12:00:00","2013-01-27 12:00:00",2013,1,27,-4.778,-0.278,-2.556,0,NA,NA,FALSE,FALSE
20130128,"2013-01-28 12:00:00","2013-01-28 12:00:00",2013,1,28,-5.389,5.889,0.667,0,NA,NA,FALSE,FALSE
20130129,"2013-01-29 12:00:00","2013-01-29 12:00:00",2013,1,29,-2.222,11,4.556,0,NA,NA,FALSE,FALSE
20130130,"2013-01-30 12:00:00","2013-01-30 12:00:00",2013,1,30,0,13.778,7.444,0,NA,NA,FALSE,FALSE
20130131,"2013-01-31 12:00:00","2013-01-31 12:00:00",2013,1,31,4.722,15.389,11,0,NA,NA,FALSE,FALSE
20130201,"2013-02-01 12:00:00","2013-02-01 12:00:00",2013,2,1,2.5,14.5,8.944,22.86,NA,NA,FALSE,FALSE
20130202,"2013-02-02 12:00:00","2013-02-02 12:00:00",2013,2,2,-2.889,7.278,0.889,0,NA,NA,FALSE,FALSE
20130203,"2013-02-03 12:00:00","2013-02-03 12:00:00",2013,2,3,-3.611,4.278,2.611,1.016,NA,NA,FALSE,FALSE
20130204,"2013-02-04 12:00:00","2013-02-04 12:00:00",2013,2,4,-0.5,6.222,2.333,12.954,NA,NA,FALSE,FALSE
20130205,"2013-02-05 12:00:00","2013-02-05 12:00:00",2013,2,5,-0.889,4.5,2.667,4.064,NA,NA,FALSE,FALSE
20130206,"2013-02-06 12:00:00","2013-02-06 12:00:00",2013,2,6,-0.5,3.5,1,4.064,NA,NA,FALSE,FALSE
20130207,"2013-02-07 12:00:00","2013-02-07 12:00:00",2013,2,7,-8.611,1.222,-6.944,0,NA,NA,FALSE,FALSE
20130208,"2013-02-08 12:00:00","2013-02-08 12:00:00",2013,2,8,-9.722,-1.389,-6.222,0,NA,NA,FALSE,FALSE
20130209,"2013-02-09 12:00:00","2013-02-09 12:00:00",2013,2,9,-8.278,2,-2.833,0,NA,NA,FALSE,FALSE
20130210,"2013-02-10 12:00:00","2013-02-10 12:00:00",2013,2,10,-6,5,-0.5,0,NA,NA,FALSE,FALSE
20130211,"2013-02-11 12:00:00","2013-02-11 12:00:00",2013,2,11,-5.611,4.389,-0.611,0,NA,NA,FALSE,FALSE
20130212,"2013-02-12 12:00:00","2013-02-12 12:00:00",2013,2,12,-3.722,2.111,-1,0.508,NA,NA,FALSE,FALSE
20130213,"2013-02-13 12:00:00","2013-02-13 12:00:00",2013,2,13,-4.722,6.889,1.222,0,NA,NA,FALSE,FALSE
20130214,"2013-02-14 12:00:00","2013-02-14 12:00:00",2013,2,14,-2.222,9,4.111,0,NA,NA,FALSE,FALSE
20130215,"2013-02-15 12:00:00","2013-02-15 12:00:00",2013,2,15,-4.611,7.111,0.611,0,NA,NA,FALSE,FALSE
20130216,"2013-02-16 12:00:00","2013-02-16 12:00:00",2013,2,16,-5.222,6.778,0.889,0,NA,NA,FALSE,FALSE
20130217,"2013-02-17 12:00:00","2013-02-17 12:00:00",2013,2,17,-1.5,6.111,4.111,3.048,NA,NA,FALSE,FALSE
20130218,"2013-02-18 12:00:00","2013-02-18 12:00:00",2013,2,18,-0.889,6.278,2.389,4.064,NA,NA,FALSE,FALSE
20130219,"2013-02-19 12:00:00","2013-02-19 12:00:00",2013,2,19,-3.778,4.778,-0.444,0,NA,NA,FALSE,FALSE
20130220,"2013-02-20 12:00:00","2013-02-20 12:00:00",2013,2,20,-4.611,5,-0.444,0,NA,NA,FALSE,FALSE
20130221,"2013-02-21 12:00:00","2013-02-21 12:00:00",2013,2,21,-3.278,7.111,1.722,0,NA,NA,FALSE,FALSE
20130222,"2013-02-22 12:00:00","2013-02-22 12:00:00",2013,2,22,-3.278,9.222,2.278,0,NA,NA,FALSE,FALSE
20130223,"2013-02-23 12:00:00","2013-02-23 12:00:00",2013,2,23,-4,5.889,0.722,0,NA,NA,FALSE,FALSE
20130224,"2013-02-24 12:00:00","2013-02-24 12:00:00",2013,2,24,-3.611,9,3.167,0,NA,NA,FALSE,FALSE
20130225,"2013-02-25 12:00:00","2013-02-25 12:00:00",2013,2,25,-2.222,14,7.5,0,NA,NA,FALSE,FALSE
20130226,"2013-02-26 12:00:00","2013-02-26 12:00:00",2013,2,26,5.111,10.778,8,0,NA,NA,FALSE,FALSE
20130227,"2013-02-27 12:00:00","2013-02-27 12:00:00",2013,2,27,2.278,16.278,7.944,0,NA,NA,FALSE,FALSE
20130228,"2013-02-28 12:00:00","2013-02-28 12:00:00",2013,2,28,1.722,19.778,12.389,NA,NA,NA,FALSE,FALSE
20130301,"2013-03-01 12:00:00","2013-03-01 12:00:00",2013,3,1,-1.611,12.889,1.111,4.064,NA,NA,FALSE,FALSE
20130302,"2013-03-02 12:00:00","2013-03-02 12:00:00",2013,3,2,-3.111,5.778,0.278,0,NA,NA,FALSE,FALSE
20130303,"2013-03-03 12:00:00","2013-03-03 12:00:00",2013,3,3,-3.389,7.722,1.833,0,NA,NA,FALSE,FALSE
20130304,"2013-03-04 12:00:00","2013-03-04 12:00:00",2013,3,4,-2.222,12.889,4.556,0,NA,NA,FALSE,FALSE
20130305,"2013-03-05 12:00:00","2013-03-05 12:00:00",2013,3,5,-1.778,14.5,5.667,0,NA,NA,FALSE,FALSE
20130306,"2013-03-06 12:00:00","2013-03-06 12:00:00",2013,3,6,-0.5,19.222,11.722,0,NA,NA,FALSE,FALSE
20130307,"2013-03-07 12:00:00","2013-03-07 12:00:00",2013,3,7,4.222,15.778,9.278,1.016,NA,NA,FALSE,FALSE
20130308,"2013-03-08 12:00:00","2013-03-08 12:00:00",2013,3,8,4,20.278,11.222,0,NA,NA,FALSE,FALSE
20130309,"2013-03-09 12:00:00","2013-03-09 12:00:00",2013,3,9,4.111,26.778,14.667,0,NA,NA,FALSE,FALSE
20130310,"2013-03-10 12:00:00","2013-03-10 12:00:00",2013,3,10,-1.278,14.278,3.889,0,NA,NA,FALSE,FALSE
20130311,"2013-03-11 12:00:00","2013-03-11 12:00:00",2013,3,11,-1.722,16.611,7.889,0,NA,NA,FALSE,FALSE
20130312,"2013-03-12 12:00:00","2013-03-12 12:00:00",2013,3,12,2.611,19.722,13.722,NA,NA,NA,FALSE,FALSE
20130313,"2013-03-13 12:00:00","2013-03-13 12:00:00",2013,3,13,0.222,15.5,3.444,24.892,NA,NA,FALSE,FALSE
20130314,"2013-03-14 12:00:00","2013-03-14 12:00:00",2013,3,14,-0.222,12,5.111,0,NA,NA,FALSE,FALSE
20130315,"2013-03-15 12:00:00","2013-03-15 12:00:00",2013,3,15,0.778,15.278,7.444,0,NA,NA,FALSE,FALSE
20130316,"2013-03-16 12:00:00","2013-03-16 12:00:00",2013,3,16,2.611,18.278,9.278,0,NA,NA,FALSE,FALSE
20130317,"2013-03-17 12:00:00","2013-03-17 12:00:00",2013,3,17,3.222,16.389,11.389,8.89,NA,NA,FALSE,FALSE
20130318,"2013-03-18 12:00:00","2013-03-18 12:00:00",2013,3,18,7.222,13.889,9.5,38.1,NA,NA,FALSE,FALSE
20130319,"2013-03-19 12:00:00","2013-03-19 12:00:00",2013,3,19,6.889,19.611,14.333,0,NA,NA,FALSE,FALSE
20130320,"2013-03-20 12:00:00","2013-03-20 12:00:00",2013,3,20,-2.611,13.5,3,0,NA,NA,FALSE,FALSE
20130321,"2013-03-21 12:00:00","2013-03-21 12:00:00",2013,3,21,-3.278,11.778,4.556,0,NA,NA,FALSE,FALSE
20130322,"2013-03-22 12:00:00","2013-03-22 12:00:00",2013,3,22,0.5,13.278,6.722,0,NA,NA,FALSE,FALSE
20130323,"2013-03-23 12:00:00","2013-03-23 12:00:00",2013,3,23,1.889,17.722,9.167,0,NA,NA,FALSE,FALSE
20130324,"2013-03-24 12:00:00","2013-03-24 12:00:00",2013,3,24,0.389,11.278,5.667,0,NA,NA,FALSE,FALSE
20130325,"2013-03-25 12:00:00","2013-03-25 12:00:00",2013,3,25,-0.722,7.722,3.111,0,NA,NA,FALSE,FALSE
20130326,"2013-03-26 12:00:00","2013-03-26 12:00:00",2013,3,26,-0.889,15.889,8.722,0,NA,NA,FALSE,FALSE
20130327,"2013-03-27 12:00:00","2013-03-27 12:00:00",2013,3,27,3.889,19.222,10.667,0,NA,NA,FALSE,FALSE
20130328,"2013-03-28 12:00:00","2013-03-28 12:00:00",2013,3,28,3.611,20,10.444,0,NA,NA,FALSE,FALSE
20130329,"2013-03-29 12:00:00","2013-03-29 12:00:00",2013,3,29,2.778,14.722,7.111,0,NA,NA,FALSE,FALSE
20130330,"2013-03-30 12:00:00","2013-03-30 12:00:00",2013,3,30,2.111,16.222,9.056,NA,NA,NA,FALSE,FALSE
20130331,"2013-03-31 12:00:00","2013-03-31 12:00:00",2013,3,31,4.611,16.111,9.5,1.016,NA,NA,FALSE,FALSE
20130401,"2013-04-01 12:00:00","2013-04-01 12:00:00",2013,4,1,4.222,20.778,12.889,0,NA,NA,FALSE,FALSE
20130402,"2013-04-02 12:00:00","2013-04-02 12:00:00",2013,4,2,4.278,11.222,5.722,0.254,NA,NA,FALSE,FALSE
20130403,"2013-04-03 12:00:00","2013-04-03 12:00:00",2013,4,3,3.722,18.611,11.056,0,NA,NA,FALSE,FALSE
20130404,"2013-04-04 12:00:00","2013-04-04 12:00:00",2013,4,4,6.722,24.111,14.722,0,NA,NA,FALSE,FALSE
20130405,"2013-04-05 12:00:00","2013-04-05 12:00:00",2013,4,5,8.5,21.722,16.278,NA,NA,NA,FALSE,FALSE
20130406,"2013-04-06 12:00:00","2013-04-06 12:00:00",2013,4,6,2.389,14.389,5.778,17.018,NA,NA,FALSE,FALSE
20130407,"2013-04-07 12:00:00","2013-04-07 12:00:00",2013,4,7,0.111,8.222,3.722,0.508,NA,NA,FALSE,FALSE
20130408,"2013-04-08 12:00:00","2013-04-08 12:00:00",2013,4,8,0,17,10.167,0,NA,NA,FALSE,FALSE
20130409,"2013-04-09 12:00:00","2013-04-09 12:00:00",2013,4,9,2.722,14,7.944,0,NA,NA,FALSE,FALSE
20130410,"2013-04-10 12:00:00","2013-04-10 12:00:00",2013,4,10,2,9.5,6.222,0,NA,NA,FALSE,FALSE
20130411,"2013-04-11 12:00:00","2013-04-11 12:00:00",2013,4,11,3.278,13.778,8,0,NA,NA,FALSE,FALSE
20130412,"2013-04-12 12:00:00","2013-04-12 12:00:00",2013,4,12,2.611,13.111,7.667,0,NA,NA,FALSE,FALSE
20130413,"2013-04-13 12:00:00","2013-04-13 12:00:00",2013,4,13,2,20.722,14.611,0,NA,NA,FALSE,FALSE
20130414,"2013-04-14 12:00:00","2013-04-14 12:00:00",2013,4,14,1.778,18,8.111,0.254,NA,NA,FALSE,FALSE
20130415,"2013-04-15 12:00:00","2013-04-15 12:00:00",2013,4,15,1.5,22.111,14.278,0,NA,NA,FALSE,FALSE
20130416,"2013-04-16 12:00:00","2013-04-16 12:00:00",2013,4,16,10.889,25,19.389,NA,NA,NA,FALSE,FALSE
20130417,"2013-04-17 12:00:00","2013-04-17 12:00:00",2013,4,17,12.778,24.611,17.722,2.032,NA,NA,FALSE,FALSE
20130418,"2013-04-18 12:00:00","2013-04-18 12:00:00",2013,4,18,5.222,19.5,11.111,0,NA,NA,FALSE,FALSE
20130419,"2013-04-19 12:00:00","2013-04-19 12:00:00",2013,4,19,4.778,18.722,12.056,0,NA,NA,FALSE,FALSE
20130420,"2013-04-20 12:00:00","2013-04-20 12:00:00",2013,4,20,5.111,10.111,5.889,8.128,NA,NA,FALSE,FALSE
20130421,"2013-04-21 12:00:00","2013-04-21 12:00:00",2013,4,21,4.222,16.222,9.722,0,NA,NA,FALSE,FALSE
20130422,"2013-04-22 12:00:00","2013-04-22 12:00:00",2013,4,22,3.889,21.222,14.111,NA,NA,NA,FALSE,FALSE
20130423,"2013-04-23 12:00:00","2013-04-23 12:00:00",2013,4,23,8.5,15.222,11.889,24.13,NA,NA,FALSE,FALSE
20130424,"2013-04-24 12:00:00","2013-04-24 12:00:00",2013,4,24,6.5,19,12,1.016,NA,NA,FALSE,FALSE
20130425,"2013-04-25 12:00:00","2013-04-25 12:00:00",2013,4,25,5.889,14.278,9.667,0,NA,NA,FALSE,FALSE
20130426,"2013-04-26 12:00:00","2013-04-26 12:00:00",2013,4,26,5.722,18.889,12.5,0,NA,NA,FALSE,FALSE
20130427,"2013-04-27 12:00:00","2013-04-27 12:00:00",2013,4,27,6.389,20.611,13.111,0,NA,NA,FALSE,FALSE
20130428,"2013-04-28 12:00:00","2013-04-28 12:00:00",2013,4,28,9.889,24.278,18.889,0,NA,NA,FALSE,FALSE
20130429,"2013-04-29 12:00:00","2013-04-29 12:00:00",2013,4,29,7.611,19.278,12.889,3.048,NA,NA,FALSE,FALSE
20130430,"2013-04-30 12:00:00","2013-04-30 12:00:00",2013,4,30,6.778,21.722,13.167,0,NA,NA,FALSE,FALSE
20130501,"2013-05-01 12:00:00","2013-05-01 12:00:00",2013,5,1,6.611,20.889,13.333,0,NA,NA,FALSE,FALSE
20130502,"2013-05-02 12:00:00","2013-05-02 12:00:00",2013,5,2,8,19.5,13.611,0,NA,NA,FALSE,FALSE
20130503,"2013-05-03 12:00:00","2013-05-03 12:00:00",2013,5,3,7.778,20.722,13.5,0,NA,NA,FALSE,FALSE
20130504,"2013-05-04 12:00:00","2013-05-04 12:00:00",2013,5,4,7.889,21.611,14.167,0,NA,NA,FALSE,FALSE
20130505,"2013-05-05 12:00:00","2013-05-05 12:00:00",2013,5,5,7.778,24.611,16.111,0,NA,NA,FALSE,FALSE
20130506,"2013-05-06 12:00:00","2013-05-06 12:00:00",2013,5,6,8.611,26,18.111,0,NA,NA,FALSE,FALSE
20130507,"2013-05-07 12:00:00","2013-05-07 12:00:00",2013,5,7,11.5,27.278,18.778,0,NA,NA,FALSE,FALSE
20130508,"2013-05-08 12:00:00","2013-05-08 12:00:00",2013,5,8,12.111,29.111,20.444,0,NA,NA,FALSE,FALSE
20130509,"2013-05-09 12:00:00","2013-05-09 12:00:00",2013,5,9,14.222,24.278,18.611,3.048,NA,NA,FALSE,FALSE
20130510,"2013-05-10 12:00:00","2013-05-10 12:00:00",2013,5,10,12.222,17.278,14.111,19.05,NA,NA,FALSE,FALSE
20130511,"2013-05-11 12:00:00","2013-05-11 12:00:00",2013,5,11,12.111,26.5,19.278,0,NA,NA,FALSE,FALSE
20130512,"2013-05-12 12:00:00","2013-05-12 12:00:00",2013,5,12,13.778,26.389,20.944,0,NA,NA,FALSE,FALSE
20130513,"2013-05-13 12:00:00","2013-05-13 12:00:00",2013,5,13,14.222,29.389,21.833,0,NA,NA,FALSE,FALSE
20130514,"2013-05-14 12:00:00","2013-05-14 12:00:00",2013,5,14,13.722,29.111,22,0,NA,NA,FALSE,FALSE
20130515,"2013-05-15 12:00:00","2013-05-15 12:00:00",2013,5,15,16.5,27.889,20.889,0,NA,NA,FALSE,FALSE
20130516,"2013-05-16 12:00:00","2013-05-16 12:00:00",2013,5,16,12.222,29.278,20.722,0,NA,NA,FALSE,FALSE
20130517,"2013-05-17 12:00:00","2013-05-17 12:00:00",2013,5,17,12.111,27,19.278,0,NA,NA,FALSE,FALSE
20130518,"2013-05-18 12:00:00","2013-05-18 12:00:00",2013,5,18,13.389,25.778,20.056,NA,NA,NA,FALSE,FALSE
20130519,"2013-05-19 12:00:00","2013-05-19 12:00:00",2013,5,19,14.111,20.111,16.556,13.97,NA,NA,FALSE,FALSE
20130520,"2013-05-20 12:00:00","2013-05-20 12:00:00",2013,5,20,11.222,21.389,16.278,0,NA,NA,FALSE,FALSE
20130521,"2013-05-21 12:00:00","2013-05-21 12:00:00",2013,5,21,10.889,28.778,20.5,0,NA,NA,FALSE,FALSE
20130522,"2013-05-22 12:00:00","2013-05-22 12:00:00",2013,5,22,14.778,30.111,23.056,0,NA,NA,FALSE,FALSE
20130523,"2013-05-23 12:00:00","2013-05-23 12:00:00",2013,5,23,17.389,31.778,24.056,0,NA,NA,FALSE,FALSE
20130524,"2013-05-24 12:00:00","2013-05-24 12:00:00",2013,5,24,17.278,32,24.333,0,NA,NA,FALSE,FALSE
20130525,"2013-05-25 12:00:00","2013-05-25 12:00:00",2013,5,25,18.222,32.111,24.611,0,NA,NA,FALSE,FALSE
20130526,"2013-05-26 12:00:00","2013-05-26 12:00:00",2013,5,26,19,27.278,23.167,NA,NA,NA,FALSE,FALSE
20130527,"2013-05-27 12:00:00","2013-05-27 12:00:00",2013,5,27,17.778,23.389,19.556,39.878,NA,NA,FALSE,FALSE
20130528,"2013-05-28 12:00:00","2013-05-28 12:00:00",2013,5,28,16.778,23.222,19.5,10.922,NA,NA,FALSE,FALSE
20130529,"2013-05-29 12:00:00","2013-05-29 12:00:00",2013,5,29,15.278,20.222,17.611,0.508,NA,NA,FALSE,FALSE
20130530,"2013-05-30 12:00:00","2013-05-30 12:00:00",2013,5,30,15.278,27.5,20.5,0,NA,NA,FALSE,FALSE
20130531,"2013-05-31 12:00:00","2013-05-31 12:00:00",2013,5,31,15.778,26.5,20.889,0,NA,NA,FALSE,FALSE
20130601,"2013-06-01 12:00:00","2013-06-01 12:00:00",2013,6,1,15.778,24,19.611,0,NA,NA,FALSE,FALSE
20130602,"2013-06-02 12:00:00","2013-06-02 12:00:00",2013,6,2,15.278,29.389,22,0,NA,NA,FALSE,FALSE
20130603,"2013-06-03 12:00:00","2013-06-03 12:00:00",2013,6,3,17.5,29.889,23.222,0,NA,NA,FALSE,FALSE
20130604,"2013-06-04 12:00:00","2013-06-04 12:00:00",2013,6,4,18.389,30.111,23.833,0,NA,NA,FALSE,FALSE
20130605,"2013-06-05 12:00:00","2013-06-05 12:00:00",2013,6,5,18.111,31.778,24.778,0,NA,NA,FALSE,FALSE
20130606,"2013-06-06 12:00:00","2013-06-06 12:00:00",2013,6,6,19.5,31.778,25.667,0,NA,NA,FALSE,FALSE
20130607,"2013-06-07 12:00:00","2013-06-07 12:00:00",2013,6,7,20.111,30.278,24.444,0,NA,NA,FALSE,FALSE
20130608,"2013-06-08 12:00:00","2013-06-08 12:00:00",2013,6,8,20,28.778,24.056,0,NA,NA,FALSE,FALSE
20130609,"2013-06-09 12:00:00","2013-06-09 12:00:00",2013,6,9,20.278,31.222,24.556,0,NA,NA,FALSE,FALSE
20130610,"2013-06-10 12:00:00","2013-06-10 12:00:00",2013,6,10,21.278,27.611,24.667,0,NA,NA,FALSE,FALSE
20130611,"2013-06-11 12:00:00","2013-06-11 12:00:00",2013,6,11,20.5,27.389,23.222,0,NA,NA,FALSE,FALSE
20130612,"2013-06-12 12:00:00","2013-06-12 12:00:00",2013,6,12,20,22.778,20.944,3.048,NA,NA,FALSE,FALSE
20130613,"2013-06-13 12:00:00","2013-06-13 12:00:00",2013,6,13,19.889,27.111,23.222,0,NA,NA,FALSE,FALSE
20130614,"2013-06-14 12:00:00","2013-06-14 12:00:00",2013,6,14,20.5,23.778,22,3.556,NA,NA,FALSE,FALSE
20130615,"2013-06-15 12:00:00","2013-06-15 12:00:00",2013,6,15,20,30.611,24.5,0.508,NA,NA,FALSE,FALSE
20130616,"2013-06-16 12:00:00","2013-06-16 12:00:00",2013,6,16,19.611,31.722,24.5,0,NA,NA,FALSE,FALSE
20130617,"2013-06-17 12:00:00","2013-06-17 12:00:00",2013,6,17,20.389,30.611,25.333,NA,NA,NA,FALSE,FALSE
20130618,"2013-06-18 12:00:00","2013-06-18 12:00:00",2013,6,18,22,26.889,23.722,3.048,NA,NA,FALSE,FALSE
20130619,"2013-06-19 12:00:00","2013-06-19 12:00:00",2013,6,19,22.389,30.222,24.778,0,NA,NA,FALSE,FALSE
20130620,"2013-06-20 12:00:00","2013-06-20 12:00:00",2013,6,20,22.611,31.778,26.778,0,NA,NA,FALSE,FALSE
20130621,"2013-06-21 12:00:00","2013-06-21 12:00:00",2013,6,21,21.5,31.722,25.5,0,NA,NA,FALSE,FALSE
20130622,"2013-06-22 12:00:00","2013-06-22 12:00:00",2013,6,22,20.889,30.389,24.833,0.508,NA,NA,FALSE,FALSE
20130623,"2013-06-23 12:00:00","2013-06-23 12:00:00",2013,6,23,18.389,24.778,20.5,7.112,NA,NA,FALSE,FALSE
20130624,"2013-06-24 12:00:00","2013-06-24 12:00:00",2013,6,24,18.222,28.611,24.111,0,NA,NA,FALSE,FALSE
20130625,"2013-06-25 12:00:00","2013-06-25 12:00:00",2013,6,25,19.278,26,21.5,4.064,NA,NA,FALSE,FALSE
20130626,"2013-06-26 12:00:00","2013-06-26 12:00:00",2013,6,26,19.222,30.389,24.167,4.064,NA,NA,FALSE,FALSE
20130627,"2013-06-27 12:00:00","2013-06-27 12:00:00",2013,6,27,20,28.889,24.944,0,NA,NA,FALSE,FALSE
20130628,"2013-06-28 12:00:00","2013-06-28 12:00:00",2013,6,28,20.5,30.389,24.556,0,NA,NA,FALSE,FALSE
20130629,"2013-06-29 12:00:00","2013-06-29 12:00:00",2013,6,29,20.389,32.278,26.111,0,NA,NA,FALSE,FALSE
20130630,"2013-06-30 12:00:00","2013-06-30 12:00:00",2013,6,30,20.889,32.778,26.5,0,NA,NA,FALSE,FALSE
20130701,"2013-07-01 12:00:00","2013-07-01 12:00:00",2013,7,1,22.5,31.889,27.333,0,NA,NA,FALSE,FALSE
20130702,"2013-07-02 12:00:00","2013-07-02 12:00:00",2013,7,2,23.611,31.389,27.222,0,NA,NA,FALSE,FALSE
20130703,"2013-07-03 12:00:00","2013-07-03 12:00:00",2013,7,3,23.5,26.778,24.611,23.114,NA,NA,FALSE,FALSE
20130704,"2013-07-04 12:00:00","2013-07-04 12:00:00",2013,7,4,22.278,27.5,24.167,71.12,NA,NA,FALSE,FALSE
20130705,"2013-07-05 12:00:00","2013-07-05 12:00:00",2013,7,5,22.5,25.278,23.444,152.908,NA,NA,FALSE,FALSE
20130706,"2013-07-06 12:00:00","2013-07-06 12:00:00",2013,7,6,22.5,29.5,25.333,0,NA,NA,FALSE,FALSE
20130707,"2013-07-07 12:00:00","2013-07-07 12:00:00",2013,7,7,22.278,26,25.056,38.1,NA,NA,FALSE,FALSE
20130708,"2013-07-08 12:00:00","2013-07-08 12:00:00",2013,7,8,25.222,30.5,26.444,0,NA,NA,FALSE,FALSE
20130709,"2013-07-09 12:00:00","2013-07-09 12:00:00",2013,7,9,24.278,30.778,26.944,2.032,NA,NA,FALSE,FALSE
20130710,"2013-07-10 12:00:00","2013-07-10 12:00:00",2013,7,10,24.278,31.278,27.222,0,NA,NA,FALSE,FALSE
20130711,"2013-07-11 12:00:00","2013-07-11 12:00:00",2013,7,11,24.389,32.611,27.167,0,NA,NA,FALSE,FALSE
20130712,"2013-07-12 12:00:00","2013-07-12 12:00:00",2013,7,12,23.611,31.389,27.722,0,NA,NA,FALSE,FALSE
20130713,"2013-07-13 12:00:00","2013-07-13 12:00:00",2013,7,13,25.722,33.278,28.722,0,NA,NA,FALSE,FALSE
20130714,"2013-07-14 12:00:00","2013-07-14 12:00:00",2013,7,14,26.222,31.778,28.111,0,NA,NA,FALSE,FALSE
20130715,"2013-07-15 12:00:00","2013-07-15 12:00:00",2013,7,15,25.722,32.278,28,0,NA,NA,FALSE,FALSE
20130716,"2013-07-16 12:00:00","2013-07-16 12:00:00",2013,7,16,25.389,32.778,28.333,0,NA,NA,FALSE,FALSE
20130717,"2013-07-17 12:00:00","2013-07-17 12:00:00",2013,7,17,25,30.389,27.056,0,NA,NA,FALSE,FALSE
20130718,"2013-07-18 12:00:00","2013-07-18 12:00:00",2013,7,18,23.889,32.778,27.778,0,NA,NA,FALSE,FALSE
20130719,"2013-07-19 12:00:00","2013-07-19 12:00:00",2013,7,19,23.5,33,28.667,0,NA,NA,FALSE,FALSE
20130720,"2013-07-20 12:00:00","2013-07-20 12:00:00",2013,7,20,25.722,33.5,28.611,0,NA,NA,FALSE,FALSE
20130721,"2013-07-21 12:00:00","2013-07-21 12:00:00",2013,7,21,25.722,31.611,27.889,0.508,NA,NA,FALSE,FALSE
20130722,"2013-07-22 12:00:00","2013-07-22 12:00:00",2013,7,22,25,32.889,28.333,0,NA,NA,FALSE,FALSE
20130723,"2013-07-23 12:00:00","2013-07-23 12:00:00",2013,7,23,24.778,29.222,26.611,9.906,NA,NA,FALSE,FALSE
20130724,"2013-07-24 12:00:00","2013-07-24 12:00:00",2013,7,24,23.278,29.5,25.611,22.098,NA,NA,FALSE,FALSE
20130725,"2013-07-25 12:00:00","2013-07-25 12:00:00",2013,7,25,23.222,32.111,27.222,0,NA,NA,FALSE,FALSE
20130726,"2013-07-26 12:00:00","2013-07-26 12:00:00",2013,7,26,23.778,32.778,27.5,0,NA,NA,FALSE,FALSE
20130727,"2013-07-27 12:00:00","2013-07-27 12:00:00",2013,7,27,23.611,32.278,28.111,NA,NA,NA,FALSE,FALSE
20130728,"2013-07-28 12:00:00","2013-07-28 12:00:00",2013,7,28,25.5,32.278,28.556,2.032,NA,NA,FALSE,FALSE
20130729,"2013-07-29 12:00:00","2013-07-29 12:00:00",2013,7,29,24.222,28.722,26.444,23.114,NA,NA,FALSE,FALSE
20130730,"2013-07-30 12:00:00","2013-07-30 12:00:00",2013,7,30,26,33.222,28.167,6.096,NA,NA,FALSE,FALSE
20130731,"2013-07-31 12:00:00","2013-07-31 12:00:00",2013,7,31,26.389,31.889,28.278,4.064,NA,NA,FALSE,FALSE
20130801,"2013-08-01 12:00:00","2013-08-01 12:00:00",2013,8,1,26.389,34.222,29.389,0,NA,NA,FALSE,FALSE
20130802,"2013-08-02 12:00:00","2013-08-02 12:00:00",2013,8,2,26.722,32.222,28.611,0,NA,NA,FALSE,FALSE
20130803,"2013-08-03 12:00:00","2013-08-03 12:00:00",2013,8,3,26,30.778,27.5,11.938,NA,NA,FALSE,FALSE
20130804,"2013-08-04 12:00:00","2013-08-04 12:00:00",2013,8,4,25.722,32.5,28.444,0,NA,NA,FALSE,FALSE
20130805,"2013-08-05 12:00:00","2013-08-05 12:00:00",2013,8,5,22.111,31.611,27.611,20.066,NA,NA,FALSE,FALSE
20130806,"2013-08-06 12:00:00","2013-08-06 12:00:00",2013,8,6,24.278,34.5,30,0,NA,NA,FALSE,FALSE
20130807,"2013-08-07 12:00:00","2013-08-07 12:00:00",2013,8,7,26.389,36,30.111,0,NA,NA,FALSE,FALSE
20130808,"2013-08-08 12:00:00","2013-08-08 12:00:00",2013,8,8,26.278,35.722,30.111,0,NA,NA,FALSE,FALSE
20130809,"2013-08-09 12:00:00","2013-08-09 12:00:00",2013,8,9,26.389,35.611,30.778,0,NA,NA,FALSE,FALSE
20130810,"2013-08-10 12:00:00","2013-08-10 12:00:00",2013,8,10,27.111,35.889,30.944,0,NA,NA,FALSE,FALSE
20130811,"2013-08-11 12:00:00","2013-08-11 12:00:00",2013,8,11,25.722,36.111,30.222,0,NA,NA,FALSE,FALSE
20130812,"2013-08-12 12:00:00","2013-08-12 12:00:00",2013,8,12,24.278,35.389,29.5,0,NA,NA,FALSE,FALSE
20130813,"2013-08-13 12:00:00","2013-08-13 12:00:00",2013,8,13,24.278,35,28.889,0,NA,NA,FALSE,FALSE
20130814,"2013-08-14 12:00:00","2013-08-14 12:00:00",2013,8,14,24.611,34.722,29.278,0,NA,NA,FALSE,FALSE
20130815,"2013-08-15 12:00:00","2013-08-15 12:00:00",2013,8,15,25,34.722,29.556,0,NA,NA,FALSE,FALSE
20130816,"2013-08-16 12:00:00","2013-08-16 12:00:00",2013,8,16,25.222,35.611,29.722,0,NA,NA,FALSE,FALSE
20130817,"2013-08-17 12:00:00","2013-08-17 12:00:00",2013,8,17,24.778,34.778,29.556,0,NA,NA,FALSE,FALSE
20130818,"2013-08-18 12:00:00","2013-08-18 12:00:00",2013,8,18,25.778,36.222,29.833,0,NA,NA,FALSE,FALSE
20130819,"2013-08-19 12:00:00","2013-08-19 12:00:00",2013,8,19,25.722,35.722,30.222,0,NA,NA,FALSE,FALSE
20130820,"2013-08-20 12:00:00","2013-08-20 12:00:00",2013,8,20,25.722,35.611,30.111,0,NA,NA,FALSE,FALSE
20130821,"2013-08-21 12:00:00","2013-08-21 12:00:00",2013,8,21,26.111,35.778,30.389,0,NA,NA,FALSE,FALSE
20130822,"2013-08-22 12:00:00","2013-08-22 12:00:00",2013,8,22,26.278,35.278,30.111,0,NA,NA,FALSE,FALSE
20130823,"2013-08-23 12:00:00","2013-08-23 12:00:00",2013,8,23,23.889,28.5,25.389,64.008,NA,NA,FALSE,FALSE
20130824,"2013-08-24 12:00:00","2013-08-24 12:00:00",2013,8,24,23.111,25.889,24.333,65.024,NA,NA,FALSE,FALSE
20130825,"2013-08-25 12:00:00","2013-08-25 12:00:00",2013,8,25,22.778,32,26.389,27.94,NA,NA,FALSE,FALSE
20130826,"2013-08-26 12:00:00","2013-08-26 12:00:00",2013,8,26,21.5,30.889,25.722,0,NA,NA,FALSE,FALSE
20130827,"2013-08-27 12:00:00","2013-08-27 12:00:00",2013,8,27,21.278,32,26.167,0,NA,NA,FALSE,FALSE
20130828,"2013-08-28 12:00:00","2013-08-28 12:00:00",2013,8,28,22.278,32.111,27.333,NA,NA,NA,FALSE,FALSE
20130829,"2013-08-29 12:00:00","2013-08-29 12:00:00",2013,8,29,22.5,31.222,24.944,102.616,NA,NA,FALSE,FALSE
20130830,"2013-08-30 12:00:00","2013-08-30 12:00:00",2013,8,30,20,29.111,24.389,4.064,NA,NA,FALSE,FALSE
20130831,"2013-08-31 12:00:00","2013-08-31 12:00:00",2013,8,31,19.722,29.111,23.778,0,NA,NA,FALSE,FALSE
20130901,"2013-09-01 12:00:00","2013-09-01 12:00:00",2013,9,1,19.278,30.5,24.111,0,NA,NA,FALSE,FALSE
20130902,"2013-09-02 12:00:00","2013-09-02 12:00:00",2013,9,2,18.778,29.778,23.389,0,NA,NA,FALSE,FALSE
20130903,"2013-09-03 12:00:00","2013-09-03 12:00:00",2013,9,3,16.278,25.278,20.278,0,NA,NA,FALSE,FALSE
20130904,"2013-09-04 12:00:00","2013-09-04 12:00:00",2013,9,4,15.778,28.222,22.056,0,NA,NA,FALSE,FALSE
20130905,"2013-09-05 12:00:00","2013-09-05 12:00:00",2013,9,5,17.222,25.278,21.056,NA,NA,NA,FALSE,FALSE
20130906,"2013-09-06 12:00:00","2013-09-06 12:00:00",2013,9,6,16.722,20.5,18.333,9.906,NA,NA,FALSE,FALSE
20130907,"2013-09-07 12:00:00","2013-09-07 12:00:00",2013,9,7,17.722,26.5,21.222,3.048,NA,NA,FALSE,FALSE
20130908,"2013-09-08 12:00:00","2013-09-08 12:00:00",2013,9,8,18,29.222,22.833,0,NA,NA,FALSE,FALSE
20130909,"2013-09-09 12:00:00","2013-09-09 12:00:00",2013,9,9,17.889,29.111,23.556,0,NA,NA,FALSE,FALSE
20130910,"2013-09-10 12:00:00","2013-09-10 12:00:00",2013,9,10,19.889,28.5,24.889,0,NA,NA,FALSE,FALSE
20130911,"2013-09-11 12:00:00","2013-09-11 12:00:00",2013,9,11,21,28,23.111,8.89,NA,NA,FALSE,FALSE
20130912,"2013-09-12 12:00:00","2013-09-12 12:00:00",2013,9,12,19,24.611,21.556,12.954,NA,NA,FALSE,FALSE
20130913,"2013-09-13 12:00:00","2013-09-13 12:00:00",2013,9,13,21.222,30.222,26,0,NA,NA,FALSE,FALSE
20130914,"2013-09-14 12:00:00","2013-09-14 12:00:00",2013,9,14,19.389,26.722,22.333,49.022,NA,NA,FALSE,FALSE
20130915,"2013-09-15 12:00:00","2013-09-15 12:00:00",2013,9,15,18,29.5,23.722,0,NA,NA,FALSE,FALSE
20130916,"2013-09-16 12:00:00","2013-09-16 12:00:00",2013,9,16,16.389,28.111,21.667,0,NA,NA,FALSE,FALSE
20130917,"2013-09-17 12:00:00","2013-09-17 12:00:00",2013,9,17,16.111,30.111,23.889,0,NA,NA,FALSE,FALSE
20130918,"2013-09-18 12:00:00","2013-09-18 12:00:00",2013,9,18,19.111,32.111,25.556,0,NA,NA,FALSE,FALSE
20130919,"2013-09-19 12:00:00","2013-09-19 12:00:00",2013,9,19,19,30.889,24.5,0,NA,NA,FALSE,FALSE
20130920,"2013-09-20 12:00:00","2013-09-20 12:00:00",2013,9,20,18.722,30.389,24.333,0,NA,NA,FALSE,FALSE
20130921,"2013-09-21 12:00:00","2013-09-21 12:00:00",2013,9,21,19.389,30.889,24.889,0,NA,NA,FALSE,FALSE
20130922,"2013-09-22 12:00:00","2013-09-22 12:00:00",2013,9,22,19.278,31,24.833,0,NA,NA,FALSE,FALSE
20130923,"2013-09-23 12:00:00","2013-09-23 12:00:00",2013,9,23,19,30.611,24.778,0,NA,NA,FALSE,FALSE
20130924,"2013-09-24 12:00:00","2013-09-24 12:00:00",2013,9,24,16.889,27.889,22.556,0,NA,NA,FALSE,FALSE
20130925,"2013-09-25 12:00:00","2013-09-25 12:00:00",2013,9,25,13.222,24.389,18.056,2.032,NA,NA,FALSE,FALSE
20130926,"2013-09-26 12:00:00","2013-09-26 12:00:00",2013,9,26,12.111,23.389,17.611,0,NA,NA,FALSE,FALSE
20130927,"2013-09-27 12:00:00","2013-09-27 12:00:00",2013,9,27,11.722,25.389,20.389,0,NA,NA,FALSE,FALSE
20130928,"2013-09-28 12:00:00","2013-09-28 12:00:00",2013,9,28,17.722,24.778,21.5,0,NA,NA,FALSE,FALSE
20130929,"2013-09-29 12:00:00","2013-09-29 12:00:00",2013,9,29,20,22.889,21.222,2.032,NA,NA,FALSE,FALSE
20130930,"2013-09-30 12:00:00","2013-09-30 12:00:00",2013,9,30,19,28.5,22.778,3.048,NA,NA,FALSE,FALSE
20131001,"2013-10-01 12:00:00","2013-10-01 12:00:00",2013,10,1,18.722,29.778,22.111,3.048,NA,NA,FALSE,FALSE
20131002,"2013-10-02 12:00:00","2013-10-02 12:00:00",2013,10,2,11.722,25.389,17.778,6.096,NA,NA,FALSE,FALSE
20131003,"2013-10-03 12:00:00","2013-10-03 12:00:00",2013,10,3,11.611,24.111,16.833,0,NA,NA,FALSE,FALSE
20131004,"2013-10-04 12:00:00","2013-10-04 12:00:00",2013,10,4,11.222,26.278,18.556,0,NA,NA,FALSE,FALSE
20131005,"2013-10-05 12:00:00","2013-10-05 12:00:00",2013,10,5,12.5,26.389,21.222,0,NA,NA,FALSE,FALSE
20131006,"2013-10-06 12:00:00","2013-10-06 12:00:00",2013,10,6,19.611,25.389,22.611,0.254,NA,NA,FALSE,FALSE
20131007,"2013-10-07 12:00:00","2013-10-07 12:00:00",2013,10,7,20.611,29,24.722,0,NA,NA,FALSE,FALSE
20131008,"2013-10-08 12:00:00","2013-10-08 12:00:00",2013,10,8,19.389,24.222,21.111,8.382,NA,NA,FALSE,FALSE
20131009,"2013-10-09 12:00:00","2013-10-09 12:00:00",2013,10,9,18.111,24.5,20.556,0.508,NA,NA,FALSE,FALSE
20131010,"2013-10-10 12:00:00","2013-10-10 12:00:00",2013,10,10,18.222,22.389,20.278,13.97,NA,NA,FALSE,FALSE
20131011,"2013-10-11 12:00:00","2013-10-11 12:00:00",2013,10,11,12,23.722,17.167,0,NA,NA,FALSE,FALSE
20131012,"2013-10-12 12:00:00","2013-10-12 12:00:00",2013,10,12,10.222,23.278,16.222,0,NA,NA,FALSE,FALSE
20131013,"2013-10-13 12:00:00","2013-10-13 12:00:00",2013,10,13,9.889,26.389,18.389,0,NA,NA,FALSE,FALSE
20131014,"2013-10-14 12:00:00","2013-10-14 12:00:00",2013,10,14,13.111,26.389,19.389,0,NA,NA,FALSE,FALSE
20131015,"2013-10-15 12:00:00","2013-10-15 12:00:00",2013,10,15,9.222,19.889,15.222,0,NA,NA,FALSE,FALSE
20131016,"2013-10-16 12:00:00","2013-10-16 12:00:00",2013,10,16,8.389,17.611,12.222,0,NA,NA,FALSE,FALSE
20131017,"2013-10-17 12:00:00","2013-10-17 12:00:00",2013,10,17,8,19.5,13.278,0,NA,NA,FALSE,FALSE
20131018,"2013-10-18 12:00:00","2013-10-18 12:00:00",2013,10,18,9.111,22.389,15.611,0,NA,NA,FALSE,FALSE
20131019,"2013-10-19 12:00:00","2013-10-19 12:00:00",2013,10,19,11.222,22.222,16.722,0,NA,NA,FALSE,FALSE
20131020,"2013-10-20 12:00:00","2013-10-20 12:00:00",2013,10,20,10.722,22.889,15.889,0,NA,NA,FALSE,FALSE
20131021,"2013-10-21 12:00:00","2013-10-21 12:00:00",2013,10,21,10.222,22.278,15.889,0,NA,NA,FALSE,FALSE
20131022,"2013-10-22 12:00:00","2013-10-22 12:00:00",2013,10,22,11.5,23.611,17.278,0,NA,NA,FALSE,FALSE
20131023,"2013-10-23 12:00:00","2013-10-23 12:00:00",2013,10,23,12.111,24,17,0,NA,NA,FALSE,FALSE
20131024,"2013-10-24 12:00:00","2013-10-24 12:00:00",2013,10,24,8.5,21.611,14.389,0,NA,NA,FALSE,FALSE
20131025,"2013-10-25 12:00:00","2013-10-25 12:00:00",2013,10,25,7.778,16.389,11.889,0,NA,NA,FALSE,FALSE
20131026,"2013-10-26 12:00:00","2013-10-26 12:00:00",2013,10,26,5.278,15.722,10.278,0,NA,NA,FALSE,FALSE
20131027,"2013-10-27 12:00:00","2013-10-27 12:00:00",2013,10,27,5.111,19.278,11.667,0,NA,NA,FALSE,FALSE
20131028,"2013-10-28 12:00:00","2013-10-28 12:00:00",2013,10,28,6.111,18.389,11.833,0,NA,NA,FALSE,FALSE
20131029,"2013-10-29 12:00:00","2013-10-29 12:00:00",2013,10,29,6,21.222,14.278,0,NA,NA,FALSE,FALSE
20131030,"2013-10-30 12:00:00","2013-10-30 12:00:00",2013,10,30,9.389,18.278,12.444,0,NA,NA,FALSE,FALSE
20131031,"2013-10-31 12:00:00","2013-10-31 12:00:00",2013,10,31,9,21.5,14.944,0,NA,NA,FALSE,FALSE
20131101,"2013-11-01 12:00:00","2013-11-01 12:00:00",2013,11,1,10.389,23.778,17.444,0,NA,NA,FALSE,FALSE
20131102,"2013-11-02 12:00:00","2013-11-02 12:00:00",2013,11,2,13.611,19.111,16.056,0,NA,NA,FALSE,FALSE
20131103,"2013-11-03 12:00:00","2013-11-03 12:00:00",2013,11,3,10.222,19.889,14.389,0,NA,NA,FALSE,FALSE
20131104,"2013-11-04 12:00:00","2013-11-04 12:00:00",2013,11,4,7.222,17.889,12.389,0,NA,NA,FALSE,FALSE
20131105,"2013-11-05 12:00:00","2013-11-05 12:00:00",2013,11,5,7.222,20.722,14,0,NA,NA,FALSE,FALSE
20131106,"2013-11-06 12:00:00","2013-11-06 12:00:00",2013,11,6,11,20.611,14.944,1.016,NA,NA,FALSE,FALSE
20131107,"2013-11-07 12:00:00","2013-11-07 12:00:00",2013,11,7,5.111,19.889,11.778,0,NA,NA,FALSE,FALSE
20131108,"2013-11-08 12:00:00","2013-11-08 12:00:00",2013,11,8,5.111,18,12.5,0,NA,NA,FALSE,FALSE
20131109,"2013-11-09 12:00:00","2013-11-09 12:00:00",2013,11,9,9.889,16.778,14.889,21.082,NA,NA,FALSE,FALSE
20131110,"2013-11-10 12:00:00","2013-11-10 12:00:00",2013,11,10,6,16.278,8.389,4.064,NA,NA,FALSE,FALSE
20131111,"2013-11-11 12:00:00","2013-11-11 12:00:00",2013,11,11,3.222,9.889,6.611,0,NA,NA,FALSE,FALSE
20131112,"2013-11-12 12:00:00","2013-11-12 12:00:00",2013,11,12,2.5,11.611,6.444,0,NA,NA,FALSE,FALSE
20131113,"2013-11-13 12:00:00","2013-11-13 12:00:00",2013,11,13,0.722,13.389,6.611,0,NA,NA,FALSE,FALSE
20131114,"2013-11-14 12:00:00","2013-11-14 12:00:00",2013,11,14,0.611,10.778,8.111,0.508,NA,NA,FALSE,FALSE
20131115,"2013-11-15 12:00:00","2013-11-15 12:00:00",2013,11,15,3.111,15.778,8.833,0.508,NA,NA,FALSE,FALSE
20131116,"2013-11-16 12:00:00","2013-11-16 12:00:00",2013,11,16,2.5,15.778,10.222,0,NA,NA,FALSE,FALSE
20131117,"2013-11-17 12:00:00","2013-11-17 12:00:00",2013,11,17,2.611,11.722,6.722,7.112,NA,NA,FALSE,FALSE
20131118,"2013-11-18 12:00:00","2013-11-18 12:00:00",2013,11,18,1.222,5.5,2.444,8.89,NA,NA,FALSE,FALSE
20131119,"2013-11-19 12:00:00","2013-11-19 12:00:00",2013,11,19,0.889,8.389,5.333,1.016,NA,NA,FALSE,FALSE
20131120,"2013-11-20 12:00:00","2013-11-20 12:00:00",2013,11,20,1.222,8.111,4.611,0.254,NA,NA,FALSE,FALSE
20131121,"2013-11-21 12:00:00","2013-11-21 12:00:00",2013,11,21,0.611,11.222,5.944,0,NA,NA,FALSE,FALSE
20131122,"2013-11-22 12:00:00","2013-11-22 12:00:00",2013,11,22,2.278,11.389,6.444,0,NA,NA,FALSE,FALSE
20131123,"2013-11-23 12:00:00","2013-11-23 12:00:00",2013,11,23,2.389,12.778,8.167,0,NA,NA,FALSE,FALSE
20131124,"2013-11-24 12:00:00","2013-11-24 12:00:00",2013,11,24,5.611,14.389,11.5,7.112,NA,NA,FALSE,FALSE
20131125,"2013-11-25 12:00:00","2013-11-25 12:00:00",2013,11,25,2.889,12.222,6.389,30.988,NA,NA,FALSE,FALSE
20131126,"2013-11-26 12:00:00","2013-11-26 12:00:00",2013,11,26,2.111,10.611,5.278,0,NA,NA,FALSE,FALSE
20131127,"2013-11-27 12:00:00","2013-11-27 12:00:00",2013,11,27,-1.111,5.5,1.611,5.334,NA,NA,FALSE,FALSE
20131128,"2013-11-28 12:00:00","2013-11-28 12:00:00",2013,11,28,-2,2.5,-0.056,3.302,NA,NA,FALSE,FALSE
20131129,"2013-11-29 12:00:00","2013-11-29 12:00:00",2013,11,29,-0.889,6.611,2.389,3.048,NA,NA,FALSE,FALSE
20131130,"2013-11-30 12:00:00","2013-11-30 12:00:00",2013,11,30,-1.389,8.222,4.056,0,NA,NA,FALSE,FALSE
20131201,"2013-12-01 12:00:00","2013-12-01 12:00:00",2013,12,1,-0.611,11,4.278,0,NA,NA,FALSE,FALSE
20131202,"2013-12-02 12:00:00","2013-12-02 12:00:00",2013,12,2,-0.889,9.889,4.5,0,NA,NA,FALSE,FALSE
20131203,"2013-12-03 12:00:00","2013-12-03 12:00:00",2013,12,3,0.778,11.611,6.444,NA,NA,NA,FALSE,FALSE
20131204,"2013-12-04 12:00:00","2013-12-04 12:00:00",2013,12,4,0.222,11.5,5.111,0,NA,NA,FALSE,FALSE
20131205,"2013-12-05 12:00:00","2013-12-05 12:00:00",2013,12,5,-0.889,8.278,5.278,0,NA,NA,FALSE,FALSE
20131206,"2013-12-06 12:00:00","2013-12-06 12:00:00",2013,12,6,-0.611,10.389,4.222,0,NA,NA,FALSE,FALSE
20131207,"2013-12-07 12:00:00","2013-12-07 12:00:00",2013,12,7,-1.111,11.389,4.5,0,NA,NA,FALSE,FALSE
20131208,"2013-12-08 12:00:00","2013-12-08 12:00:00",2013,12,8,-0.222,14,8.056,0,NA,NA,FALSE,FALSE
20131209,"2013-12-09 12:00:00","2013-12-09 12:00:00",2013,12,9,4,13.778,7.278,7.112,NA,NA,FALSE,FALSE
20131210,"2013-12-10 12:00:00","2013-12-10 12:00:00",2013,12,10,2.611,7.278,4.389,0.508,NA,NA,FALSE,FALSE
20131211,"2013-12-11 12:00:00","2013-12-11 12:00:00",2013,12,11,-0.278,5.222,2.222,1.524,NA,NA,FALSE,FALSE
20131212,"2013-12-12 12:00:00","2013-12-12 12:00:00",2013,12,12,-1.222,8.611,4.444,0,NA,NA,FALSE,FALSE
20131213,"2013-12-13 12:00:00","2013-12-13 12:00:00",2013,12,13,-1.778,3.5,-0.167,1.016,NA,NA,FALSE,FALSE
20131214,"2013-12-14 12:00:00","2013-12-14 12:00:00",2013,12,14,-2.278,6.722,2.333,0,NA,NA,FALSE,FALSE
20131215,"2013-12-15 12:00:00","2013-12-15 12:00:00",2013,12,15,-1.722,5.389,0.889,0,NA,NA,FALSE,FALSE
20131216,"2013-12-16 12:00:00","2013-12-16 12:00:00",2013,12,16,-1.889,4.111,2,0,NA,NA,FALSE,FALSE
20131217,"2013-12-17 12:00:00","2013-12-17 12:00:00",2013,12,17,0.389,8.222,5.5,0,NA,NA,FALSE,FALSE
20131218,"2013-12-18 12:00:00","2013-12-18 12:00:00",2013,12,18,1.611,12.111,5.556,0,NA,NA,FALSE,FALSE
20131219,"2013-12-19 12:00:00","2013-12-19 12:00:00",2013,12,19,-1.5,4.111,0.333,2.032,NA,NA,FALSE,FALSE
20131220,"2013-12-20 12:00:00","2013-12-20 12:00:00",2013,12,20,-1.611,2.111,0.111,4.064,NA,NA,FALSE,FALSE
20131221,"2013-12-21 12:00:00","2013-12-21 12:00:00",2013,12,21,-2.222,3.722,0.056,0.508,NA,NA,FALSE,FALSE
20131222,"2013-12-22 12:00:00","2013-12-22 12:00:00",2013,12,22,-3.389,5,1.778,0,NA,NA,FALSE,FALSE
20131223,"2013-12-23 12:00:00","2013-12-23 12:00:00",2013,12,23,-1.722,7.111,1.611,0,NA,NA,FALSE,FALSE
20131224,"2013-12-24 12:00:00","2013-12-24 12:00:00",2013,12,24,-3,7.778,1.444,0,NA,NA,FALSE,FALSE
20131225,"2013-12-25 12:00:00","2013-12-25 12:00:00",2013,12,25,-3.111,5,1.333,0,NA,NA,FALSE,FALSE
20131226,"2013-12-26 12:00:00","2013-12-26 12:00:00",2013,12,26,-1.278,5.611,1.444,0.254,NA,NA,FALSE,FALSE
20131227,"2013-12-27 12:00:00","2013-12-27 12:00:00",2013,12,27,-3.278,2.889,-0.833,0,NA,NA,FALSE,FALSE
20131228,"2013-12-28 12:00:00","2013-12-28 12:00:00",2013,12,28,-4.222,2.111,-1.889,0,NA,NA,FALSE,FALSE
20131229,"2013-12-29 12:00:00","2013-12-29 12:00:00",2013,12,29,-5,2.278,-0.556,2.032,NA,NA,FALSE,FALSE
20131230,"2013-12-30 12:00:00","2013-12-30 12:00:00",2013,12,30,-1.278,8.5,3.556,0,NA,NA,FALSE,FALSE
20131231,"2013-12-31 12:00:00","2013-12-31 12:00:00",2013,12,31,-0.889,10.389,5.5,0,NA,NA,FALSE,FALSE
20140101,"2014-01-01 12:00:00","2014-01-01 12:00:00",2014,1,1,0.889,10.611,4.333,0,NA,NA,FALSE,FALSE
20140102,"2014-01-02 12:00:00","2014-01-02 12:00:00",2014,1,2,-0.5,10.278,3.833,0,NA,NA,FALSE,FALSE
20140103,"2014-01-03 12:00:00","2014-01-03 12:00:00",2014,1,3,-0.889,11.778,5.056,0,NA,NA,FALSE,FALSE
20140104,"2014-01-04 12:00:00","2014-01-04 12:00:00",2014,1,4,-2.778,6.722,1.278,0,NA,NA,FALSE,FALSE
20140105,"2014-01-05 12:00:00","2014-01-05 12:00:00",2014,1,5,-3.5,7.611,1.222,0,NA,NA,FALSE,FALSE
20140106,"2014-01-06 12:00:00","2014-01-06 12:00:00",2014,1,6,-3.222,8.778,2.5,0,NA,NA,FALSE,FALSE
20140107,"2014-01-07 12:00:00","2014-01-07 12:00:00",2014,1,7,-2.222,9.611,5.389,NA,NA,NA,FALSE,FALSE
20140108,"2014-01-08 12:00:00","2014-01-08 12:00:00",2014,1,8,-3.611,6,1.056,1.524,NA,NA,FALSE,FALSE
20140109,"2014-01-09 12:00:00","2014-01-09 12:00:00",2014,1,9,-6.778,-0.611,-4.389,0,NA,NA,FALSE,FALSE
20140110,"2014-01-10 12:00:00","2014-01-10 12:00:00",2014,1,10,-7.278,3.5,-0.611,0,NA,NA,FALSE,FALSE
20140111,"2014-01-11 12:00:00","2014-01-11 12:00:00",2014,1,11,-2.389,5.611,1.167,0,NA,NA,FALSE,FALSE
20140112,"2014-01-12 12:00:00","2014-01-12 12:00:00",2014,1,12,-5.389,6,-0.167,0,NA,NA,FALSE,FALSE
20140113,"2014-01-13 12:00:00","2014-01-13 12:00:00",2014,1,13,-6.222,2.611,-2.667,0,NA,NA,FALSE,FALSE
20140114,"2014-01-14 12:00:00","2014-01-14 12:00:00",2014,1,14,-6.222,4.111,-1,0,NA,NA,FALSE,FALSE
20140115,"2014-01-15 12:00:00","2014-01-15 12:00:00",2014,1,15,-4.722,4.722,-0.611,0,NA,NA,FALSE,FALSE
20140116,"2014-01-16 12:00:00","2014-01-16 12:00:00",2014,1,16,-5.111,6.5,0.889,0,NA,NA,FALSE,FALSE
20140117,"2014-01-17 12:00:00","2014-01-17 12:00:00",2014,1,17,-3.111,7.5,2.222,NA,NA,NA,FALSE,FALSE
20140118,"2014-01-18 12:00:00","2014-01-18 12:00:00",2014,1,18,-4.722,4.278,-0.222,0,NA,NA,FALSE,FALSE
20140119,"2014-01-19 12:00:00","2014-01-19 12:00:00",2014,1,19,-5.278,6.389,1.5,0,NA,NA,FALSE,FALSE
20140120,"2014-01-20 12:00:00","2014-01-20 12:00:00",2014,1,20,-2.722,7.778,1.389,1.27,NA,NA,FALSE,FALSE
20140121,"2014-01-21 12:00:00","2014-01-21 12:00:00",2014,1,21,-4.722,0.111,-2.778,2.286,NA,NA,FALSE,FALSE
20140122,"2014-01-22 12:00:00","2014-01-22 12:00:00",2014,1,22,-5.5,3.722,-1.111,0,NA,NA,FALSE,FALSE
20140123,"2014-01-23 12:00:00","2014-01-23 12:00:00",2014,1,23,-5.611,7.889,1.722,0,NA,NA,FALSE,FALSE
20140124,"2014-01-24 12:00:00","2014-01-24 12:00:00",2014,1,24,0.111,13.611,9,0,NA,NA,FALSE,FALSE
20140125,"2014-01-25 12:00:00","2014-01-25 12:00:00",2014,1,25,-0.111,12.778,6.722,4.572,NA,NA,FALSE,FALSE
20140126,"2014-01-26 12:00:00","2014-01-26 12:00:00",2014,1,26,-3.889,8.222,0.778,0,NA,NA,FALSE,FALSE
20140127,"2014-01-27 12:00:00","2014-01-27 12:00:00",2014,1,27,-4.5,10.611,3.611,0,NA,NA,FALSE,FALSE
20140128,"2014-01-28 12:00:00","2014-01-28 12:00:00",2014,1,28,-3.111,10.389,2.944,0,NA,NA,FALSE,FALSE
20140129,"2014-01-29 12:00:00","2014-01-29 12:00:00",2014,1,29,-3.778,14.222,7.944,NA,NA,NA,FALSE,FALSE
20140130,"2014-01-30 12:00:00","2014-01-30 12:00:00",2014,1,30,0.111,9.111,5.167,3.048,NA,NA,FALSE,FALSE
20140131,"2014-01-31 12:00:00","2014-01-31 12:00:00",2014,1,31,-0.611,13.778,7.722,0,NA,NA,FALSE,FALSE
20140201,"2014-02-01 12:00:00","2014-02-01 12:00:00",2014,2,1,5,20.5,13.833,2.032,NA,NA,FALSE,FALSE
20140202,"2014-02-02 12:00:00","2014-02-02 12:00:00",2014,2,2,4.722,14.889,9.056,0,NA,NA,FALSE,FALSE
20140203,"2014-02-03 12:00:00","2014-02-03 12:00:00",2014,2,3,-6,7.611,-0.056,0,NA,NA,FALSE,FALSE
20140204,"2014-02-04 12:00:00","2014-02-04 12:00:00",2014,2,4,-6.611,-0.611,-4.222,0,NA,NA,FALSE,FALSE
20140205,"2014-02-05 12:00:00","2014-02-05 12:00:00",2014,2,5,-5.889,2.722,-1,0,NA,NA,FALSE,FALSE
20140206,"2014-02-06 12:00:00","2014-02-06 12:00:00",2014,2,6,-1.389,5.889,2.389,0,NA,NA,FALSE,FALSE
20140207,"2014-02-07 12:00:00","2014-02-07 12:00:00",2014,2,7,0.889,8.278,5,0,NA,NA,FALSE,FALSE
20140208,"2014-02-08 12:00:00","2014-02-08 12:00:00",2014,2,8,0.222,3.778,2.056,2.54,NA,NA,FALSE,FALSE
20140209,"2014-02-09 12:00:00","2014-02-09 12:00:00",2014,2,9,-1.778,3.5,-0.333,0,NA,NA,FALSE,FALSE
20140210,"2014-02-10 12:00:00","2014-02-10 12:00:00",2014,2,10,-2.611,5.778,1.667,0,NA,NA,FALSE,FALSE
20140211,"2014-02-11 12:00:00","2014-02-11 12:00:00",2014,2,11,-1.778,9.278,3.5,0,NA,NA,FALSE,FALSE
20140212,"2014-02-12 12:00:00","2014-02-12 12:00:00",2014,2,12,-0.222,8.778,3.167,0,NA,NA,FALSE,FALSE
20140213,"2014-02-13 12:00:00","2014-02-13 12:00:00",2014,2,13,-0.778,8.889,4,0,NA,NA,FALSE,FALSE
20140214,"2014-02-14 12:00:00","2014-02-14 12:00:00",2014,2,14,-1.889,9.111,3.056,0,NA,NA,FALSE,FALSE
20140215,"2014-02-15 12:00:00","2014-02-15 12:00:00",2014,2,15,-2.278,10.278,3.5,0,NA,NA,FALSE,FALSE
20140216,"2014-02-16 12:00:00","2014-02-16 12:00:00",2014,2,16,-1.5,12.278,7,0,NA,NA,FALSE,FALSE
20140217,"2014-02-17 12:00:00","2014-02-17 12:00:00",2014,2,17,1.722,9.278,4.778,2.032,NA,NA,FALSE,FALSE
20140218,"2014-02-18 12:00:00","2014-02-18 12:00:00",2014,2,18,-1.278,8.278,3.056,0,NA,NA,FALSE,FALSE
20140219,"2014-02-19 12:00:00","2014-02-19 12:00:00",2014,2,19,-1.389,9.222,3.333,0,NA,NA,FALSE,FALSE
20140220,"2014-02-20 12:00:00","2014-02-20 12:00:00",2014,2,20,-2.111,9,2.056,0,NA,NA,FALSE,FALSE
20140221,"2014-02-21 12:00:00","2014-02-21 12:00:00",2014,2,21,-2.722,8.778,1.778,0,NA,NA,FALSE,FALSE
20140222,"2014-02-22 12:00:00","2014-02-22 12:00:00",2014,2,22,-2.5,10.889,4,0,NA,NA,FALSE,FALSE
20140223,"2014-02-23 12:00:00","2014-02-23 12:00:00",2014,2,23,-1.222,13.5,5.5,0,NA,NA,FALSE,FALSE
20140224,"2014-02-24 12:00:00","2014-02-24 12:00:00",2014,2,24,-0.389,15,7.056,0,NA,NA,FALSE,FALSE
20140225,"2014-02-25 12:00:00","2014-02-25 12:00:00",2014,2,25,1.389,16.278,10.056,0,NA,NA,FALSE,FALSE
20140226,"2014-02-26 12:00:00","2014-02-26 12:00:00",2014,2,26,5.611,11.278,7.889,3.048,NA,NA,FALSE,FALSE
20140227,"2014-02-27 12:00:00","2014-02-27 12:00:00",2014,2,27,4.222,15.778,7.944,0,NA,NA,FALSE,FALSE
20140228,"2014-02-28 12:00:00","2014-02-28 12:00:00",2014,2,28,4.222,11.722,8.833,NA,NA,NA,FALSE,FALSE
20140301,"2014-03-01 12:00:00","2014-03-01 12:00:00",2014,3,1,1.778,9,5.111,7.112,NA,NA,FALSE,FALSE
20140302,"2014-03-02 12:00:00","2014-03-02 12:00:00",2014,3,2,0.722,11.389,5.5,0,NA,NA,FALSE,FALSE
20140303,"2014-03-03 12:00:00","2014-03-03 12:00:00",2014,3,3,0,13.778,7.111,0,NA,NA,FALSE,FALSE
20140304,"2014-03-04 12:00:00","2014-03-04 12:00:00",2014,3,4,2,11.722,6.667,0,NA,NA,FALSE,FALSE
20140305,"2014-03-05 12:00:00","2014-03-05 12:00:00",2014,3,5,-2,7.889,2.333,0,NA,NA,FALSE,FALSE
20140306,"2014-03-06 12:00:00","2014-03-06 12:00:00",2014,3,6,-2.278,7.111,2.556,0,NA,NA,FALSE,FALSE
20140307,"2014-03-07 12:00:00","2014-03-07 12:00:00",2014,3,7,-1.778,7.722,2.167,0,NA,NA,FALSE,FALSE
20140308,"2014-03-08 12:00:00","2014-03-08 12:00:00",2014,3,8,-2.778,8.722,3.444,0,NA,NA,FALSE,FALSE
20140309,"2014-03-09 12:00:00","2014-03-09 12:00:00",2014,3,9,-1.889,7.722,2.222,0.508,NA,NA,FALSE,FALSE
20140310,"2014-03-10 12:00:00","2014-03-10 12:00:00",2014,3,10,-2.222,9.222,2.722,0,NA,NA,FALSE,FALSE
20140311,"2014-03-11 12:00:00","2014-03-11 12:00:00",2014,3,11,-2.5,15.722,7.333,0,NA,NA,FALSE,FALSE
20140312,"2014-03-12 12:00:00","2014-03-12 12:00:00",2014,3,12,4,11.889,9,26.924,NA,NA,FALSE,FALSE
20140313,"2014-03-13 12:00:00","2014-03-13 12:00:00",2014,3,13,2.389,8.5,4.167,11.938,NA,NA,FALSE,FALSE
20140314,"2014-03-14 12:00:00","2014-03-14 12:00:00",2014,3,14,0.222,8.778,3.778,1.016,NA,NA,FALSE,FALSE
20140315,"2014-03-15 12:00:00","2014-03-15 12:00:00",2014,3,15,0,15.611,8.889,0,NA,NA,FALSE,FALSE
20140316,"2014-03-16 12:00:00","2014-03-16 12:00:00",2014,3,16,4.889,19.889,12.056,0,NA,NA,FALSE,FALSE
20140317,"2014-03-17 12:00:00","2014-03-17 12:00:00",2014,3,17,7.222,21.889,14.611,1.016,NA,NA,FALSE,FALSE
20140318,"2014-03-18 12:00:00","2014-03-18 12:00:00",2014,3,18,6.722,18,11.111,0.762,NA,NA,FALSE,FALSE
20140319,"2014-03-19 12:00:00","2014-03-19 12:00:00",2014,3,19,6.222,16.111,11,0,NA,NA,FALSE,FALSE
20140320,"2014-03-20 12:00:00","2014-03-20 12:00:00",2014,3,20,3.611,12,6.278,0,NA,NA,FALSE,FALSE
20140321,"2014-03-21 12:00:00","2014-03-21 12:00:00",2014,3,21,1,10.389,5.556,0,NA,NA,FALSE,FALSE
20140322,"2014-03-22 12:00:00","2014-03-22 12:00:00",2014,3,22,0.222,17.111,9.333,0,NA,NA,FALSE,FALSE
20140323,"2014-03-23 12:00:00","2014-03-23 12:00:00",2014,3,23,3.278,19.111,10.222,0,NA,NA,FALSE,FALSE
20140324,"2014-03-24 12:00:00","2014-03-24 12:00:00",2014,3,24,3,19.611,14.111,NA,NA,NA,FALSE,FALSE
20140325,"2014-03-25 12:00:00","2014-03-25 12:00:00",2014,3,25,12.889,15.278,13.778,18.034,NA,NA,FALSE,FALSE
20140326,"2014-03-26 12:00:00","2014-03-26 12:00:00",2014,3,26,8.611,18.889,12.722,22.606,NA,NA,FALSE,FALSE
20140327,"2014-03-27 12:00:00","2014-03-27 12:00:00",2014,3,27,8.389,22.222,14.333,0,NA,NA,FALSE,FALSE
20140328,"2014-03-28 12:00:00","2014-03-28 12:00:00",2014,3,28,9.111,26.222,18.056,NA,NA,NA,FALSE,FALSE
20140329,"2014-03-29 12:00:00","2014-03-29 12:00:00",2014,3,29,12.722,17.5,14.944,11.938,NA,NA,FALSE,FALSE
20140330,"2014-03-30 12:00:00","2014-03-30 12:00:00",2014,3,30,8.278,19.611,12.611,3.048,NA,NA,FALSE,FALSE
20140331,"2014-03-31 12:00:00","2014-03-31 12:00:00",2014,3,31,7.778,21.889,13.444,0,NA,NA,FALSE,FALSE
20140401,"2014-04-01 12:00:00","2014-04-01 12:00:00",2014,4,1,7.278,24,15.556,0,NA,NA,FALSE,FALSE
20140402,"2014-04-02 12:00:00","2014-04-02 12:00:00",2014,4,2,8.278,24.5,15.5,0,NA,NA,FALSE,FALSE
20140403,"2014-04-03 12:00:00","2014-04-03 12:00:00",2014,4,3,4.611,20.389,10.778,0,NA,NA,FALSE,FALSE
20140404,"2014-04-04 12:00:00","2014-04-04 12:00:00",2014,4,4,4.389,12.389,7.889,0,NA,NA,FALSE,FALSE
20140405,"2014-04-05 12:00:00","2014-04-05 12:00:00",2014,4,5,4.222,13,6.833,0,NA,NA,FALSE,FALSE
20140406,"2014-04-06 12:00:00","2014-04-06 12:00:00",2014,4,6,4.111,13.889,8.389,0,NA,NA,FALSE,FALSE
20140407,"2014-04-07 12:00:00","2014-04-07 12:00:00",2014,4,7,4.278,19,11.167,0,NA,NA,FALSE,FALSE
20140408,"2014-04-08 12:00:00","2014-04-08 12:00:00",2014,4,8,4.389,22.278,13.833,0,NA,NA,FALSE,FALSE
20140409,"2014-04-09 12:00:00","2014-04-09 12:00:00",2014,4,9,7.278,22.389,13.278,0,NA,NA,FALSE,FALSE
20140410,"2014-04-10 12:00:00","2014-04-10 12:00:00",2014,4,10,7.278,24.778,15.833,0,NA,NA,FALSE,FALSE
20140411,"2014-04-11 12:00:00","2014-04-11 12:00:00",2014,4,11,11.889,21,15.833,0,NA,NA,FALSE,FALSE
20140412,"2014-04-12 12:00:00","2014-04-12 12:00:00",2014,4,12,10.722,22.278,16.167,NA,NA,NA,FALSE,FALSE
20140413,"2014-04-13 12:00:00","2014-04-13 12:00:00",2014,4,13,8.222,18.278,13.333,9.398,NA,NA,FALSE,FALSE
20140414,"2014-04-14 12:00:00","2014-04-14 12:00:00",2014,4,14,8,23.722,15.222,0,NA,NA,FALSE,FALSE
20140415,"2014-04-15 12:00:00","2014-04-15 12:00:00",2014,4,15,8.889,24.222,16.611,0,NA,NA,FALSE,FALSE
20140416,"2014-04-16 12:00:00","2014-04-16 12:00:00",2014,4,16,9.389,25.778,16.444,0,NA,NA,FALSE,FALSE
20140417,"2014-04-17 12:00:00","2014-04-17 12:00:00",2014,4,17,9.389,18.5,12.722,13.97,NA,NA,FALSE,FALSE
20140418,"2014-04-18 12:00:00","2014-04-18 12:00:00",2014,4,18,11.389,17.389,14.278,2.54,NA,NA,FALSE,FALSE
20140419,"2014-04-19 12:00:00","2014-04-19 12:00:00",2014,4,19,10.611,18.611,14,0,NA,NA,FALSE,FALSE
20140420,"2014-04-20 12:00:00","2014-04-20 12:00:00",2014,4,20,10.5,22.222,15.333,0,NA,NA,FALSE,FALSE
20140421,"2014-04-21 12:00:00","2014-04-21 12:00:00",2014,4,21,10.389,23.111,17.278,0,NA,NA,FALSE,FALSE
20140422,"2014-04-22 12:00:00","2014-04-22 12:00:00",2014,4,22,9.111,22.611,15.889,0,NA,NA,FALSE,FALSE
20140423,"2014-04-23 12:00:00","2014-04-23 12:00:00",2014,4,23,8.889,25.278,17.444,0,NA,NA,FALSE,FALSE
20140424,"2014-04-24 12:00:00","2014-04-24 12:00:00",2014,4,24,10.889,26.722,18.333,0,NA,NA,FALSE,FALSE
20140425,"2014-04-25 12:00:00","2014-04-25 12:00:00",2014,4,25,10.722,28,18.667,0,NA,NA,FALSE,FALSE
20140426,"2014-04-26 12:00:00","2014-04-26 12:00:00",2014,4,26,12,23.778,19,NA,NA,NA,FALSE,FALSE
20140427,"2014-04-27 12:00:00","2014-04-27 12:00:00",2014,4,27,13.278,18.111,14.889,9.398,NA,NA,FALSE,FALSE
20140428,"2014-04-28 12:00:00","2014-04-28 12:00:00",2014,4,28,12.389,18.222,14.722,12.954,NA,NA,FALSE,FALSE
20140429,"2014-04-29 12:00:00","2014-04-29 12:00:00",2014,4,29,12.222,17,14.278,14.986,NA,NA,FALSE,FALSE
20140430,"2014-04-30 12:00:00","2014-04-30 12:00:00",2014,4,30,9.889,20.389,14.333,0,NA,NA,FALSE,FALSE
20140501,"2014-05-01 12:00:00","2014-05-01 12:00:00",2014,5,1,9.5,23.889,16.5,0,NA,NA,FALSE,FALSE
20140502,"2014-05-02 12:00:00","2014-05-02 12:00:00",2014,5,2,8.722,26.389,16.778,0,NA,NA,FALSE,FALSE
20140503,"2014-05-03 12:00:00","2014-05-03 12:00:00",2014,5,3,8.611,21.722,15,0,NA,NA,FALSE,FALSE
20140504,"2014-05-04 12:00:00","2014-05-04 12:00:00",2014,5,4,7,21.611,13.278,0.508,NA,NA,FALSE,FALSE
20140505,"2014-05-05 12:00:00","2014-05-05 12:00:00",2014,5,5,7,17.778,12.056,2.032,NA,NA,FALSE,FALSE
20140506,"2014-05-06 12:00:00","2014-05-06 12:00:00",2014,5,6,7,21.278,14.278,0,NA,NA,FALSE,FALSE
20140507,"2014-05-07 12:00:00","2014-05-07 12:00:00",2014,5,7,7.222,23.889,18.056,NA,NA,NA,FALSE,FALSE
20140508,"2014-05-08 12:00:00","2014-05-08 12:00:00",2014,5,8,8.778,20,14.222,0.508,NA,NA,FALSE,FALSE
20140509,"2014-05-09 12:00:00","2014-05-09 12:00:00",2014,5,9,8.722,25.111,18.111,0,NA,NA,FALSE,FALSE
20140510,"2014-05-10 12:00:00","2014-05-10 12:00:00",2014,5,10,11.889,27.611,20.278,0,NA,NA,FALSE,FALSE
20140511,"2014-05-11 12:00:00","2014-05-11 12:00:00",2014,5,11,14.722,24.278,18.389,7.874,NA,NA,FALSE,FALSE
20140512,"2014-05-12 12:00:00","2014-05-12 12:00:00",2014,5,12,12.722,23.389,17.5,26.924,NA,NA,FALSE,FALSE
20140513,"2014-05-13 12:00:00","2014-05-13 12:00:00",2014,5,13,12.722,27.722,21.056,0,NA,NA,FALSE,FALSE
20140514,"2014-05-14 12:00:00","2014-05-14 12:00:00",2014,5,14,14,19.111,16.333,3.556,NA,NA,FALSE,FALSE
20140515,"2014-05-15 12:00:00","2014-05-15 12:00:00",2014,5,15,12.722,24,18,0,NA,NA,FALSE,FALSE
20140516,"2014-05-16 12:00:00","2014-05-16 12:00:00",2014,5,16,12.222,26.778,19.5,0,NA,NA,FALSE,FALSE
20140517,"2014-05-17 12:00:00","2014-05-17 12:00:00",2014,5,17,13.778,28.278,20.056,0,NA,NA,FALSE,FALSE
20140518,"2014-05-18 12:00:00","2014-05-18 12:00:00",2014,5,18,13.389,28.278,20.556,0,NA,NA,FALSE,FALSE
20140519,"2014-05-19 12:00:00","2014-05-19 12:00:00",2014,5,19,13.278,29.111,22.444,NA,NA,NA,FALSE,FALSE
20140520,"2014-05-20 12:00:00","2014-05-20 12:00:00",2014,5,20,13.722,21.722,17,12.954,NA,NA,FALSE,FALSE
20140521,"2014-05-21 12:00:00","2014-05-21 12:00:00",2014,5,21,13.222,25.222,18.5,0,NA,NA,FALSE,FALSE
20140522,"2014-05-22 12:00:00","2014-05-22 12:00:00",2014,5,22,13,28.778,22.556,0,NA,NA,FALSE,FALSE
20140523,"2014-05-23 12:00:00","2014-05-23 12:00:00",2014,5,23,17.611,27.611,22.222,0,NA,NA,FALSE,FALSE
20140524,"2014-05-24 12:00:00","2014-05-24 12:00:00",2014,5,24,17.278,28.5,23.056,0,NA,NA,FALSE,FALSE
20140525,"2014-05-25 12:00:00","2014-05-25 12:00:00",2014,5,25,17.722,23.389,19.667,3.048,NA,NA,FALSE,FALSE
20140526,"2014-05-26 12:00:00","2014-05-26 12:00:00",2014,5,26,14.889,26.722,20.722,2.032,NA,NA,FALSE,FALSE
20140527,"2014-05-27 12:00:00","2014-05-27 12:00:00",2014,5,27,14.778,29.778,23.944,0,NA,NA,FALSE,FALSE
20140528,"2014-05-28 12:00:00","2014-05-28 12:00:00",2014,5,28,17.389,28.111,21.556,0,NA,NA,FALSE,FALSE
20140529,"2014-05-29 12:00:00","2014-05-29 12:00:00",2014,5,29,16.722,33.278,23.667,0,NA,NA,FALSE,FALSE
20140530,"2014-05-30 12:00:00","2014-05-30 12:00:00",2014,5,30,16.5,33.5,25.389,0,NA,NA,FALSE,FALSE
20140531,"2014-05-31 12:00:00","2014-05-31 12:00:00",2014,5,31,18.278,33.5,26,0,NA,NA,FALSE,FALSE
20140601,"2014-06-01 12:00:00","2014-06-01 12:00:00",2014,6,1,19.778,28.889,24.278,NA,NA,NA,FALSE,FALSE
20140602,"2014-06-02 12:00:00","2014-06-02 12:00:00",2014,6,2,18.778,23.389,19.833,6.096,NA,NA,FALSE,FALSE
20140603,"2014-06-03 12:00:00","2014-06-03 12:00:00",2014,6,3,18.278,23.278,19.333,2.286,NA,NA,FALSE,FALSE
20140604,"2014-06-04 12:00:00","2014-06-04 12:00:00",2014,6,4,18.278,28.5,22.667,7.112,NA,NA,FALSE,FALSE
20140605,"2014-06-05 12:00:00","2014-06-05 12:00:00",2014,6,5,19,26.778,23,0,NA,NA,FALSE,FALSE
20140606,"2014-06-06 12:00:00","2014-06-06 12:00:00",2014,6,6,18,28.111,21.833,0,NA,NA,FALSE,FALSE
20140607,"2014-06-07 12:00:00","2014-06-07 12:00:00",2014,6,7,17.611,29.222,22.722,0,NA,NA,FALSE,FALSE
20140608,"2014-06-08 12:00:00","2014-06-08 12:00:00",2014,6,8,19.389,27.722,22.389,0,NA,NA,FALSE,FALSE
20140609,"2014-06-09 12:00:00","2014-06-09 12:00:00",2014,6,9,19.389,27.222,22.889,0,NA,NA,FALSE,FALSE
20140610,"2014-06-10 12:00:00","2014-06-10 12:00:00",2014,6,10,19.722,28.722,23.667,0,NA,NA,FALSE,FALSE
20140611,"2014-06-11 12:00:00","2014-06-11 12:00:00",2014,6,11,16.778,28.722,22.5,NA,NA,NA,FALSE,FALSE
20140612,"2014-06-12 12:00:00","2014-06-12 12:00:00",2014,6,12,16.5,24.778,19.944,49.022,NA,NA,FALSE,FALSE
20140613,"2014-06-13 12:00:00","2014-06-13 12:00:00",2014,6,13,18.111,26.778,22.667,0,NA,NA,FALSE,FALSE
20140614,"2014-06-14 12:00:00","2014-06-14 12:00:00",2014,6,14,17.5,28.722,22.222,0,NA,NA,FALSE,FALSE
20140615,"2014-06-15 12:00:00","2014-06-15 12:00:00",2014,6,15,17.111,29.111,23.222,0,NA,NA,FALSE,FALSE
20140616,"2014-06-16 12:00:00","2014-06-16 12:00:00",2014,6,16,18.722,30.5,24,NA,NA,NA,FALSE,FALSE
20140617,"2014-06-17 12:00:00","2014-06-17 12:00:00",2014,6,17,18.722,26,21.056,1.016,NA,NA,FALSE,FALSE
20140618,"2014-06-18 12:00:00","2014-06-18 12:00:00",2014,6,18,18.111,30.278,23.556,0,NA,NA,FALSE,FALSE
20140619,"2014-06-19 12:00:00","2014-06-19 12:00:00",2014,6,19,19,30.611,23.222,0,NA,NA,FALSE,FALSE
20140620,"2014-06-20 12:00:00","2014-06-20 12:00:00",2014,6,20,18.778,28.722,23.722,0,NA,NA,FALSE,FALSE
20140621,"2014-06-21 12:00:00","2014-06-21 12:00:00",2014,6,21,20.111,25.389,22.056,1.016,NA,NA,FALSE,FALSE
20140622,"2014-06-22 12:00:00","2014-06-22 12:00:00",2014,6,22,19.722,27.5,23.056,0,NA,NA,FALSE,FALSE
20140623,"2014-06-23 12:00:00","2014-06-23 12:00:00",2014,6,23,19.778,26.611,21.889,3.048,NA,NA,FALSE,FALSE
20140624,"2014-06-24 12:00:00","2014-06-24 12:00:00",2014,6,24,19,28.722,22.833,4.064,NA,NA,FALSE,FALSE
20140625,"2014-06-25 12:00:00","2014-06-25 12:00:00",2014,6,25,18.389,28.722,23.389,0,NA,NA,FALSE,FALSE
20140626,"2014-06-26 12:00:00","2014-06-26 12:00:00",2014,6,26,19.778,30.278,24.278,0,NA,NA,FALSE,FALSE
20140627,"2014-06-27 12:00:00","2014-06-27 12:00:00",2014,6,27,20,32.111,25.389,0,NA,NA,FALSE,FALSE
20140628,"2014-06-28 12:00:00","2014-06-28 12:00:00",2014,6,28,20.5,30.222,24.389,0,NA,NA,FALSE,FALSE
20140629,"2014-06-29 12:00:00","2014-06-29 12:00:00",2014,6,29,20.278,30.111,24.5,0,NA,NA,FALSE,FALSE
20140630,"2014-06-30 12:00:00","2014-06-30 12:00:00",2014,6,30,20.5,30.722,25.111,0,NA,NA,FALSE,FALSE
20140701,"2014-07-01 12:00:00","2014-07-01 12:00:00",2014,7,1,20.278,32,25.611,0,NA,NA,FALSE,FALSE
20140702,"2014-07-02 12:00:00","2014-07-02 12:00:00",2014,7,2,18.5,27.5,21,8.89,NA,NA,FALSE,FALSE
20140703,"2014-07-03 12:00:00","2014-07-03 12:00:00",2014,7,3,18.5,22.389,21.222,23.114,NA,NA,FALSE,FALSE
20140704,"2014-07-04 12:00:00","2014-07-04 12:00:00",2014,7,4,20.778,26.611,23.056,4.064,NA,NA,FALSE,FALSE
20140705,"2014-07-05 12:00:00","2014-07-05 12:00:00",2014,7,5,19.278,27.222,23.333,0,NA,NA,FALSE,FALSE
20140706,"2014-07-06 12:00:00","2014-07-06 12:00:00",2014,7,6,18.222,21.778,19.944,18.034,NA,NA,FALSE,FALSE
20140707,"2014-07-07 12:00:00","2014-07-07 12:00:00",2014,7,7,19.889,25.778,23.389,0.508,NA,NA,FALSE,FALSE
20140708,"2014-07-08 12:00:00","2014-07-08 12:00:00",2014,7,8,22.111,31.778,26.667,0.508,NA,NA,FALSE,FALSE
20140709,"2014-07-09 12:00:00","2014-07-09 12:00:00",2014,7,9,24.389,29.611,26.444,1.016,NA,NA,FALSE,FALSE
20140710,"2014-07-10 12:00:00","2014-07-10 12:00:00",2014,7,10,22.611,31.611,26.389,0,NA,NA,FALSE,FALSE
20140711,"2014-07-11 12:00:00","2014-07-11 12:00:00",2014,7,11,21.722,32.611,26.444,0,NA,NA,FALSE,FALSE
20140712,"2014-07-12 12:00:00","2014-07-12 12:00:00",2014,7,12,20.111,29.611,26,0,NA,NA,FALSE,FALSE
20140713,"2014-07-13 12:00:00","2014-07-13 12:00:00",2014,7,13,19.722,28.611,23.889,20.066,NA,NA,FALSE,FALSE
20140714,"2014-07-14 12:00:00","2014-07-14 12:00:00",2014,7,14,21.889,31.889,26.056,0,NA,NA,FALSE,FALSE
20140715,"2014-07-15 12:00:00","2014-07-15 12:00:00",2014,7,15,21.722,27.111,24,0,NA,NA,FALSE,FALSE
20140716,"2014-07-16 12:00:00","2014-07-16 12:00:00",2014,7,16,21.5,28.778,24.556,1.016,NA,NA,FALSE,FALSE
20140717,"2014-07-17 12:00:00","2014-07-17 12:00:00",2014,7,17,21.278,24.111,22.5,62.992,NA,NA,FALSE,FALSE
20140718,"2014-07-18 12:00:00","2014-07-18 12:00:00",2014,7,18,22.111,28,24.611,7.874,NA,NA,FALSE,FALSE
20140719,"2014-07-19 12:00:00","2014-07-19 12:00:00",2014,7,19,22.111,30.722,25.333,58.928,NA,NA,FALSE,FALSE
20140720,"2014-07-20 12:00:00","2014-07-20 12:00:00",2014,7,20,23.5,32.722,27.278,0,NA,NA,FALSE,FALSE
20140721,"2014-07-21 12:00:00","2014-07-21 12:00:00",2014,7,21,23.111,33,27.056,0,NA,NA,FALSE,FALSE
20140722,"2014-07-22 12:00:00","2014-07-22 12:00:00",2014,7,22,23,31.111,27,0,NA,NA,FALSE,FALSE
20140723,"2014-07-23 12:00:00","2014-07-23 12:00:00",2014,7,23,24.611,32.778,28.333,0,NA,NA,FALSE,FALSE
20140724,"2014-07-24 12:00:00","2014-07-24 12:00:00",2014,7,24,26.222,33.5,29.278,0,NA,NA,FALSE,FALSE
20140725,"2014-07-25 12:00:00","2014-07-25 12:00:00",2014,7,25,24,33.111,27.944,4.064,NA,NA,FALSE,FALSE
20140726,"2014-07-26 12:00:00","2014-07-26 12:00:00",2014,7,26,18.722,29.778,23.944,6.096,NA,NA,FALSE,FALSE
20140727,"2014-07-27 12:00:00","2014-07-27 12:00:00",2014,7,27,18.722,30.722,25.056,0,NA,NA,FALSE,FALSE
20140728,"2014-07-28 12:00:00","2014-07-28 12:00:00",2014,7,28,19.389,27.389,22.111,23.876,NA,NA,FALSE,FALSE
20140729,"2014-07-29 12:00:00","2014-07-29 12:00:00",2014,7,29,19.278,31.222,27,3.048,NA,NA,FALSE,FALSE
20140730,"2014-07-30 12:00:00","2014-07-30 12:00:00",2014,7,30,23.889,34.111,29.278,0,NA,NA,FALSE,FALSE
20140731,"2014-07-31 12:00:00","2014-07-31 12:00:00",2014,7,31,25.222,36.5,30.167,0,NA,NA,FALSE,FALSE
20140801,"2014-08-01 12:00:00","2014-08-01 12:00:00",2014,8,1,24.611,31.889,27.278,0.508,NA,NA,FALSE,FALSE
20140802,"2014-08-02 12:00:00","2014-08-02 12:00:00",2014,8,2,23.611,28.278,25.111,23.114,NA,NA,FALSE,FALSE
20140803,"2014-08-03 12:00:00","2014-08-03 12:00:00",2014,8,3,23.5,26.278,24.833,12.954,NA,NA,FALSE,FALSE
20140804,"2014-08-04 12:00:00","2014-08-04 12:00:00",2014,8,4,23.389,24.611,24,10.922,NA,NA,FALSE,FALSE
20140805,"2014-08-05 12:00:00","2014-08-05 12:00:00",2014,8,5,23.389,32.278,27.389,0,NA,NA,FALSE,FALSE
20140806,"2014-08-06 12:00:00","2014-08-06 12:00:00",2014,8,6,23.611,31.889,26.944,0,NA,NA,FALSE,FALSE
20140807,"2014-08-07 12:00:00","2014-08-07 12:00:00",2014,8,7,22.5,26.778,23.722,13.97,NA,NA,FALSE,FALSE
20140808,"2014-08-08 12:00:00","2014-08-08 12:00:00",2014,8,8,21.778,30.389,24.944,0.508,NA,NA,FALSE,FALSE
20140809,"2014-08-09 12:00:00","2014-08-09 12:00:00",2014,8,9,21.5,31.389,26.222,0,NA,NA,FALSE,FALSE
20140810,"2014-08-10 12:00:00","2014-08-10 12:00:00",2014,8,10,20.778,28.889,24.389,0,NA,NA,FALSE,FALSE
20140811,"2014-08-11 12:00:00","2014-08-11 12:00:00",2014,8,11,19.722,29.278,23.778,0,NA,NA,FALSE,FALSE
20140812,"2014-08-12 12:00:00","2014-08-12 12:00:00",2014,8,12,19.5,31.278,26.056,0,NA,NA,FALSE,FALSE
20140813,"2014-08-13 12:00:00","2014-08-13 12:00:00",2014,8,13,20.222,27.611,24.111,0,NA,NA,FALSE,FALSE
20140814,"2014-08-14 12:00:00","2014-08-14 12:00:00",2014,8,14,20,23.389,21.889,9.906,NA,NA,FALSE,FALSE
20140815,"2014-08-15 12:00:00","2014-08-15 12:00:00",2014,8,15,21.278,29.389,24.5,5.08,NA,NA,FALSE,FALSE
20140816,"2014-08-16 12:00:00","2014-08-16 12:00:00",2014,8,16,21.278,30.889,25.889,0,NA,NA,FALSE,FALSE
20140817,"2014-08-17 12:00:00","2014-08-17 12:00:00",2014,8,17,20.778,26.278,22.889,62.992,NA,NA,FALSE,FALSE
20140818,"2014-08-18 12:00:00","2014-08-18 12:00:00",2014,8,18,20.722,27.278,23.5,129.032,NA,NA,FALSE,FALSE
20140819,"2014-08-19 12:00:00","2014-08-19 12:00:00",2014,8,19,21.722,26.111,23.167,5.08,NA,NA,FALSE,FALSE
20140820,"2014-08-20 12:00:00","2014-08-20 12:00:00",2014,8,20,22,26.5,24.111,7.112,NA,NA,FALSE,FALSE
20140821,"2014-08-21 12:00:00","2014-08-21 12:00:00",2014,8,21,21.778,27.111,23.333,10.414,NA,NA,FALSE,FALSE
20140822,"2014-08-22 12:00:00","2014-08-22 12:00:00",2014,8,22,20.889,30.778,24.833,0,NA,NA,FALSE,FALSE
20140823,"2014-08-23 12:00:00","2014-08-23 12:00:00",2014,8,23,20.722,30.5,25.944,NA,NA,NA,FALSE,FALSE
20140824,"2014-08-24 12:00:00","2014-08-24 12:00:00",2014,8,24,22.222,26.222,23.944,12.954,NA,NA,FALSE,FALSE
20140825,"2014-08-25 12:00:00","2014-08-25 12:00:00",2014,8,25,22.778,27,24.389,58.928,NA,NA,FALSE,FALSE
20140826,"2014-08-26 12:00:00","2014-08-26 12:00:00",2014,8,26,21.889,29,24.667,1.016,NA,NA,FALSE,FALSE
20140827,"2014-08-27 12:00:00","2014-08-27 12:00:00",2014,8,27,21.722,28,24,0,NA,NA,FALSE,FALSE
20140828,"2014-08-28 12:00:00","2014-08-28 12:00:00",2014,8,28,20,23.889,21.722,0.508,NA,NA,FALSE,FALSE
20140829,"2014-08-29 12:00:00","2014-08-29 12:00:00",2014,8,29,18.5,27.389,22.056,8.89,NA,NA,FALSE,FALSE
20140830,"2014-08-30 12:00:00","2014-08-30 12:00:00",2014,8,30,18.389,29,23.5,0,NA,NA,FALSE,FALSE
20140831,"2014-08-31 12:00:00","2014-08-31 12:00:00",2014,8,31,18,26.5,21.889,0,NA,NA,FALSE,FALSE
20140901,"2014-09-01 12:00:00","2014-09-01 12:00:00",2014,9,1,17.778,29.889,23.833,0,NA,NA,FALSE,FALSE
20140902,"2014-09-02 12:00:00","2014-09-02 12:00:00",2014,9,2,19.111,25.389,22.278,18.034,NA,NA,FALSE,FALSE
20140903,"2014-09-03 12:00:00","2014-09-03 12:00:00",2014,9,3,20.611,24.611,22.333,8.89,NA,NA,FALSE,FALSE
20140904,"2014-09-04 12:00:00","2014-09-04 12:00:00",2014,9,4,18.222,29,23.389,0,NA,NA,FALSE,FALSE
20140905,"2014-09-05 12:00:00","2014-09-05 12:00:00",2014,9,5,18,30.222,24.778,0,NA,NA,FALSE,FALSE
20140906,"2014-09-06 12:00:00","2014-09-06 12:00:00",2014,9,6,20.889,30.389,24.722,0,NA,NA,FALSE,FALSE
20140907,"2014-09-07 12:00:00","2014-09-07 12:00:00",2014,9,7,20.5,31,25,0,NA,NA,FALSE,FALSE
20140908,"2014-09-08 12:00:00","2014-09-08 12:00:00",2014,9,8,18.111,31.222,23.667,0,NA,NA,FALSE,FALSE
20140909,"2014-09-09 12:00:00","2014-09-09 12:00:00",2014,9,9,17.222,28.5,22.333,0,NA,NA,FALSE,FALSE
20140910,"2014-09-10 12:00:00","2014-09-10 12:00:00",2014,9,10,16.778,27.5,21.722,0,NA,NA,FALSE,FALSE
20140911,"2014-09-11 12:00:00","2014-09-11 12:00:00",2014,9,11,16.722,29.5,23.722,0,NA,NA,FALSE,FALSE
20140912,"2014-09-12 12:00:00","2014-09-12 12:00:00",2014,9,12,17.778,25.889,21.333,2.032,NA,NA,FALSE,FALSE
20140913,"2014-09-13 12:00:00","2014-09-13 12:00:00",2014,9,13,17.389,29,23.167,0,NA,NA,FALSE,FALSE
20140914,"2014-09-14 12:00:00","2014-09-14 12:00:00",2014,9,14,17.778,28,22.5,NA,NA,NA,FALSE,FALSE
20140915,"2014-09-15 12:00:00","2014-09-15 12:00:00",2014,9,15,18.389,28.389,22.389,0,NA,NA,FALSE,FALSE
20140916,"2014-09-16 12:00:00","2014-09-16 12:00:00",2014,9,16,18.278,29.278,22.5,0,NA,NA,FALSE,FALSE
20140917,"2014-09-17 12:00:00","2014-09-17 12:00:00",2014,9,17,18,26.889,21.722,0,NA,NA,FALSE,FALSE
20140918,"2014-09-18 12:00:00","2014-09-18 12:00:00",2014,9,18,17.278,26.111,21.611,0,NA,NA,FALSE,FALSE
20140919,"2014-09-19 12:00:00","2014-09-19 12:00:00",2014,9,19,15.222,29.778,20.389,0,NA,NA,FALSE,FALSE
20140920,"2014-09-20 12:00:00","2014-09-20 12:00:00",2014,9,20,15,27.389,21.389,0,NA,NA,FALSE,FALSE
20140921,"2014-09-21 12:00:00","2014-09-21 12:00:00",2014,9,21,16.111,28.278,21.944,0,NA,NA,FALSE,FALSE
20140922,"2014-09-22 12:00:00","2014-09-22 12:00:00",2014,9,22,15.889,29.889,22.778,0,NA,NA,FALSE,FALSE
20140923,"2014-09-23 12:00:00","2014-09-23 12:00:00",2014,9,23,17.5,26.222,21.389,4.064,NA,NA,FALSE,FALSE
20140924,"2014-09-24 12:00:00","2014-09-24 12:00:00",2014,9,24,17,22.778,19.556,73.914,NA,NA,FALSE,FALSE
20140925,"2014-09-25 12:00:00","2014-09-25 12:00:00",2014,9,25,16.722,27.222,21.278,0,NA,NA,FALSE,FALSE
20140926,"2014-09-26 12:00:00","2014-09-26 12:00:00",2014,9,26,17.5,27.889,21.5,5.08,NA,NA,FALSE,FALSE
20140927,"2014-09-27 12:00:00","2014-09-27 12:00:00",2014,9,27,17.389,27.389,21.556,0.508,NA,NA,FALSE,FALSE
20140928,"2014-09-28 12:00:00","2014-09-28 12:00:00",2014,9,28,17,29.111,23.611,0,NA,NA,FALSE,FALSE
20140929,"2014-09-29 12:00:00","2014-09-29 12:00:00",2014,9,29,17,22.5,19.778,3.048,NA,NA,FALSE,FALSE
20140930,"2014-09-30 12:00:00","2014-09-30 12:00:00",2014,9,30,16.722,25.278,20.889,2.032,NA,NA,FALSE,FALSE
20141001,"2014-10-01 12:00:00","2014-10-01 12:00:00",2014,10,1,15.889,26.222,20.278,0,NA,NA,FALSE,FALSE
20141002,"2014-10-02 12:00:00","2014-10-02 12:00:00",2014,10,2,15.611,25.611,20.278,0,NA,NA,FALSE,FALSE
20141003,"2014-10-03 12:00:00","2014-10-03 12:00:00",2014,10,3,11.889,21,16.167,0,NA,NA,FALSE,FALSE
20141004,"2014-10-04 12:00:00","2014-10-04 12:00:00",2014,10,4,11.5,25,18,0,NA,NA,FALSE,FALSE
20141005,"2014-10-05 12:00:00","2014-10-05 12:00:00",2014,10,5,12.5,24.611,17.889,0,NA,NA,FALSE,FALSE
20141006,"2014-10-06 12:00:00","2014-10-06 12:00:00",2014,10,6,11.722,22.389,16.5,0,NA,NA,FALSE,FALSE
20141007,"2014-10-07 12:00:00","2014-10-07 12:00:00",2014,10,7,11.278,24,17.056,0,NA,NA,FALSE,FALSE
20141008,"2014-10-08 12:00:00","2014-10-08 12:00:00",2014,10,8,11.722,24.111,17.778,0,NA,NA,FALSE,FALSE
20141009,"2014-10-09 12:00:00","2014-10-09 12:00:00",2014,10,9,13,25.278,18.611,0,NA,NA,FALSE,FALSE
20141010,"2014-10-10 12:00:00","2014-10-10 12:00:00",2014,10,10,12.889,29.111,20.167,0,NA,NA,FALSE,FALSE
20141011,"2014-10-11 12:00:00","2014-10-11 12:00:00",2014,10,11,14.389,27.778,20.444,0,NA,NA,FALSE,FALSE
20141012,"2014-10-12 12:00:00","2014-10-12 12:00:00",2014,10,12,15.222,20.111,17.611,2.032,NA,NA,FALSE,FALSE
20141013,"2014-10-13 12:00:00","2014-10-13 12:00:00",2014,10,13,12.111,22.278,16.778,2.032,NA,NA,FALSE,FALSE
20141014,"2014-10-14 12:00:00","2014-10-14 12:00:00",2014,10,14,8.722,21.5,14.389,0,NA,NA,FALSE,FALSE
20141015,"2014-10-15 12:00:00","2014-10-15 12:00:00",2014,10,15,8.5,21.5,14.056,0,NA,NA,FALSE,FALSE
20141016,"2014-10-16 12:00:00","2014-10-16 12:00:00",2014,10,16,6.5,20,13.111,0,NA,NA,FALSE,FALSE
20141017,"2014-10-17 12:00:00","2014-10-17 12:00:00",2014,10,17,6.111,22.722,14.278,0,NA,NA,FALSE,FALSE
20141018,"2014-10-18 12:00:00","2014-10-18 12:00:00",2014,10,18,6.778,24.111,15.389,0,NA,NA,FALSE,FALSE
20141019,"2014-10-19 12:00:00","2014-10-19 12:00:00",2014,10,19,8.778,25.278,19.222,NA,NA,NA,FALSE,FALSE
20141020,"2014-10-20 12:00:00","2014-10-20 12:00:00",2014,10,20,17.278,20.389,19,27.94,NA,NA,FALSE,FALSE
20141021,"2014-10-21 12:00:00","2014-10-21 12:00:00",2014,10,21,13.722,23,18.278,6.096,NA,NA,FALSE,FALSE
20141022,"2014-10-22 12:00:00","2014-10-22 12:00:00",2014,10,22,10.389,20.278,14.167,45.974,NA,NA,FALSE,FALSE
20141023,"2014-10-23 12:00:00","2014-10-23 12:00:00",2014,10,23,10.278,20.278,15.111,0,NA,NA,FALSE,FALSE
20141024,"2014-10-24 12:00:00","2014-10-24 12:00:00",2014,10,24,9.611,22.111,15.056,0,NA,NA,FALSE,FALSE
20141025,"2014-10-25 12:00:00","2014-10-25 12:00:00",2014,10,25,9,23.389,15.667,0,NA,NA,FALSE,FALSE
20141026,"2014-10-26 12:00:00","2014-10-26 12:00:00",2014,10,26,10.278,23,16.556,NA,NA,NA,FALSE,FALSE
20141027,"2014-10-27 12:00:00","2014-10-27 12:00:00",2014,10,27,5.889,19.222,12.222,0,NA,NA,FALSE,FALSE
20141028,"2014-10-28 12:00:00","2014-10-28 12:00:00",2014,10,28,5.278,20.889,12.5,0,NA,NA,FALSE,FALSE
20141029,"2014-10-29 12:00:00","2014-10-29 12:00:00",2014,10,29,7.389,19.222,13.5,0,NA,NA,FALSE,FALSE
20141030,"2014-10-30 12:00:00","2014-10-30 12:00:00",2014,10,30,8.722,21.5,15.667,NA,NA,NA,FALSE,FALSE
20141031,"2014-10-31 12:00:00","2014-10-31 12:00:00",2014,10,31,11.5,15.222,13.667,23.876,NA,NA,FALSE,FALSE
20141101,"2014-11-01 12:00:00","2014-11-01 12:00:00",2014,11,1,12.222,17.611,14.5,1.016,NA,NA,FALSE,FALSE
20141102,"2014-11-02 12:00:00","2014-11-02 12:00:00",2014,11,2,7.722,15.611,11.444,3.048,NA,NA,FALSE,FALSE
20141103,"2014-11-03 12:00:00","2014-11-03 12:00:00",2014,11,3,4.278,15,9.333,0,NA,NA,FALSE,FALSE
20141104,"2014-11-04 12:00:00","2014-11-04 12:00:00",2014,11,4,4,18.389,10.833,0,NA,NA,FALSE,FALSE
20141105,"2014-11-05 12:00:00","2014-11-05 12:00:00",2014,11,5,5,18.722,12.111,0,NA,NA,FALSE,FALSE
20141106,"2014-11-06 12:00:00","2014-11-06 12:00:00",2014,11,6,9,19.222,13.389,0,NA,NA,FALSE,FALSE
20141107,"2014-11-07 12:00:00","2014-11-07 12:00:00",2014,11,7,7.722,17.889,11.667,0,NA,NA,FALSE,FALSE
20141108,"2014-11-08 12:00:00","2014-11-08 12:00:00",2014,11,8,8.389,14.5,11.889,0,NA,NA,FALSE,FALSE
20141109,"2014-11-09 12:00:00","2014-11-09 12:00:00",2014,11,9,5.889,15.611,10.5,0,NA,NA,FALSE,FALSE
20141110,"2014-11-10 12:00:00","2014-11-10 12:00:00",2014,11,10,4.389,18,10.333,0,NA,NA,FALSE,FALSE
20141111,"2014-11-11 12:00:00","2014-11-11 12:00:00",2014,11,11,4.111,16.722,10.889,NA,NA,NA,FALSE,FALSE
20141112,"2014-11-12 12:00:00","2014-11-12 12:00:00",2014,11,12,3.111,13.722,7.889,1.016,NA,NA,FALSE,FALSE
20141113,"2014-11-13 12:00:00","2014-11-13 12:00:00",2014,11,13,2.389,6.389,4.333,0.508,NA,NA,FALSE,FALSE
20141114,"2014-11-14 12:00:00","2014-11-14 12:00:00",2014,11,14,2.278,11.5,5.556,1.016,NA,NA,FALSE,FALSE
20141115,"2014-11-15 12:00:00","2014-11-15 12:00:00",2014,11,15,1.889,11.278,7.444,0,NA,NA,FALSE,FALSE
20141116,"2014-11-16 12:00:00","2014-11-16 12:00:00",2014,11,16,5.778,14.389,9.556,0,NA,NA,FALSE,FALSE
20141117,"2014-11-17 12:00:00","2014-11-17 12:00:00",2014,11,17,3.611,12.778,7.333,1.016,NA,NA,FALSE,FALSE
20141118,"2014-11-18 12:00:00","2014-11-18 12:00:00",2014,11,18,0.611,12.222,6.278,0,NA,NA,FALSE,FALSE
20141119,"2014-11-19 12:00:00","2014-11-19 12:00:00",2014,11,19,0.278,14.278,6.833,0,NA,NA,FALSE,FALSE
20141120,"2014-11-20 12:00:00","2014-11-20 12:00:00",2014,11,20,1.889,15.778,8.389,0,NA,NA,FALSE,FALSE
20141121,"2014-11-21 12:00:00","2014-11-21 12:00:00",2014,11,21,3.278,16.611,9.889,0,NA,NA,FALSE,FALSE
20141122,"2014-11-22 12:00:00","2014-11-22 12:00:00",2014,11,22,5.278,17.889,11.5,0,NA,NA,FALSE,FALSE
20141123,"2014-11-23 12:00:00","2014-11-23 12:00:00",2014,11,23,6.722,17.111,13.111,0.508,NA,NA,FALSE,FALSE
20141124,"2014-11-24 12:00:00","2014-11-24 12:00:00",2014,11,24,8.222,13.5,11.056,71.12,NA,NA,FALSE,FALSE
20141125,"2014-11-25 12:00:00","2014-11-25 12:00:00",2014,11,25,8.111,16,11.833,0.508,NA,NA,FALSE,FALSE
20141126,"2014-11-26 12:00:00","2014-11-26 12:00:00",2014,11,26,6,16.889,10.833,0,NA,NA,FALSE,FALSE
20141127,"2014-11-27 12:00:00","2014-11-27 12:00:00",2014,11,27,4.722,16.778,11.056,0,NA,NA,FALSE,FALSE
20141128,"2014-11-28 12:00:00","2014-11-28 12:00:00",2014,11,28,8.278,14.778,12.5,4.064,NA,NA,FALSE,FALSE
20141129,"2014-11-29 12:00:00","2014-11-29 12:00:00",2014,11,29,9.222,16.389,12.389,0,NA,NA,FALSE,FALSE
20141130,"2014-11-30 12:00:00","2014-11-30 12:00:00",2014,11,30,7.278,14.611,10.944,12.954,NA,NA,FALSE,FALSE
20141201,"2014-12-01 12:00:00","2014-12-01 12:00:00",2014,12,1,-2.778,10.5,0.833,2.54,NA,NA,FALSE,FALSE
20141202,"2014-12-02 12:00:00","2014-12-02 12:00:00",2014,12,2,-3.722,0.5,-1.611,4.064,NA,NA,FALSE,FALSE
20141203,"2014-12-03 12:00:00","2014-12-03 12:00:00",2014,12,3,-2,6.611,3.833,0.254,NA,NA,FALSE,FALSE
20141204,"2014-12-04 12:00:00","2014-12-04 12:00:00",2014,12,4,-3,5.389,0.222,5.08,NA,NA,FALSE,FALSE
20141205,"2014-12-05 12:00:00","2014-12-05 12:00:00",2014,12,5,-3.889,1.722,-2.167,6.096,NA,NA,FALSE,FALSE
20141206,"2014-12-06 12:00:00","2014-12-06 12:00:00",2014,12,6,-4.5,3.111,-0.389,0.508,NA,NA,FALSE,FALSE
20141207,"2014-12-07 12:00:00","2014-12-07 12:00:00",2014,12,7,-2.111,5.889,1.611,0,NA,NA,FALSE,FALSE
20141208,"2014-12-08 12:00:00","2014-12-08 12:00:00",2014,12,8,-2.778,6.611,1.056,3.048,NA,NA,FALSE,FALSE
20141209,"2014-12-09 12:00:00","2014-12-09 12:00:00",2014,12,9,-3.611,6.889,2.111,0,NA,NA,FALSE,FALSE
20141210,"2014-12-10 12:00:00","2014-12-10 12:00:00",2014,12,10,-0.111,7.278,5.444,1.016,NA,NA,FALSE,FALSE
20141211,"2014-12-11 12:00:00","2014-12-11 12:00:00",2014,12,11,-1.278,7.611,1.889,0.508,NA,NA,FALSE,FALSE
20141212,"2014-12-12 12:00:00","2014-12-12 12:00:00",2014,12,12,-2,4.389,0.667,0.508,NA,NA,FALSE,FALSE
20141213,"2014-12-13 12:00:00","2014-12-13 12:00:00",2014,12,13,-3.778,1.5,-1.111,2.032,NA,NA,FALSE,FALSE
20141214,"2014-12-14 12:00:00","2014-12-14 12:00:00",2014,12,14,-2.889,5.222,0.833,0,NA,NA,FALSE,FALSE
20141215,"2014-12-15 12:00:00","2014-12-15 12:00:00",2014,12,15,-1.5,9.5,5.389,0,NA,NA,FALSE,FALSE
20141216,"2014-12-16 12:00:00","2014-12-16 12:00:00",2014,12,16,-6.111,6.111,-2.167,8.89,NA,NA,FALSE,FALSE
20141217,"2014-12-17 12:00:00","2014-12-17 12:00:00",2014,12,17,-6.722,-2,-4,3.048,NA,NA,FALSE,FALSE
20141218,"2014-12-18 12:00:00","2014-12-18 12:00:00",2014,12,18,-5.389,1.611,-2.667,0,NA,NA,FALSE,FALSE
20141219,"2014-12-19 12:00:00","2014-12-19 12:00:00",2014,12,19,-5.889,4.889,2.444,0.508,NA,NA,FALSE,FALSE
20141220,"2014-12-20 12:00:00","2014-12-20 12:00:00",2014,12,20,-2.389,5.222,0.889,5.08,NA,NA,FALSE,FALSE
20141221,"2014-12-21 12:00:00","2014-12-21 12:00:00",2014,12,21,-3.889,2.222,-1.889,4.064,NA,NA,FALSE,FALSE
20141222,"2014-12-22 12:00:00","2014-12-22 12:00:00",2014,12,22,-4.278,3.389,0.722,2.286,NA,NA,FALSE,FALSE
20141223,"2014-12-23 12:00:00","2014-12-23 12:00:00",2014,12,23,-1.722,8.111,3.5,0,NA,NA,FALSE,FALSE
20141224,"2014-12-24 12:00:00","2014-12-24 12:00:00",2014,12,24,-0.222,10.222,4.222,0,NA,NA,FALSE,FALSE
20141225,"2014-12-25 12:00:00","2014-12-25 12:00:00",2014,12,25,-3.389,4.389,0.556,0,NA,NA,FALSE,FALSE
20141226,"2014-12-26 12:00:00","2014-12-26 12:00:00",2014,12,26,-3.889,5.111,-0.444,0,NA,NA,FALSE,FALSE
20141227,"2014-12-27 12:00:00","2014-12-27 12:00:00",2014,12,27,-4.222,9.5,1.611,0,NA,NA,FALSE,FALSE
20141228,"2014-12-28 12:00:00","2014-12-28 12:00:00",2014,12,28,-3.389,6.889,2.222,NA,NA,NA,FALSE,FALSE
20141229,"2014-12-29 12:00:00","2014-12-29 12:00:00",2014,12,29,0.611,9.278,4.944,0.508,NA,NA,FALSE,FALSE
20141230,"2014-12-30 12:00:00","2014-12-30 12:00:00",2014,12,30,0.778,11.611,5.111,0,NA,NA,FALSE,FALSE
20141231,"2014-12-31 12:00:00","2014-12-31 12:00:00",2014,12,31,-3.778,4.389,0.556,3.048,NA,NA,FALSE,FALSE
20150101,"2015-01-01 12:00:00","2015-01-01 12:00:00",2015,1,1,-5.778,-1.389,-3.278,5.588,NA,NA,FALSE,FALSE
20150102,"2015-01-02 12:00:00","2015-01-02 12:00:00",2015,1,2,-8.111,1.722,-3.389,4.826,NA,NA,FALSE,FALSE
20150103,"2015-01-03 12:00:00","2015-01-03 12:00:00",2015,1,3,-8.278,4.222,-0.056,0,NA,NA,FALSE,FALSE
20150104,"2015-01-04 12:00:00","2015-01-04 12:00:00",2015,1,4,-1.222,10.389,3.167,0,NA,NA,FALSE,FALSE
20150105,"2015-01-05 12:00:00","2015-01-05 12:00:00",2015,1,5,-2,12.222,7.167,4.064,NA,NA,FALSE,FALSE
20150106,"2015-01-06 12:00:00","2015-01-06 12:00:00",2015,1,6,-4.889,8.889,-0.222,9.906,NA,NA,FALSE,FALSE
20150107,"2015-01-07 12:00:00","2015-01-07 12:00:00",2015,1,7,-5.278,2.389,-1.056,0,NA,NA,FALSE,FALSE
20150108,"2015-01-08 12:00:00","2015-01-08 12:00:00",2015,1,8,-4.722,4,0.222,0,NA,NA,FALSE,FALSE
20150109,"2015-01-09 12:00:00","2015-01-09 12:00:00",2015,1,9,-1.5,6.389,2.722,0,NA,NA,FALSE,FALSE
20150110,"2015-01-10 12:00:00","2015-01-10 12:00:00",2015,1,10,-1.5,8,2.167,0,NA,NA,FALSE,FALSE
20150111,"2015-01-11 12:00:00","2015-01-11 12:00:00",2015,1,11,-3.389,6.778,1.056,0,NA,NA,FALSE,FALSE
20150112,"2015-01-12 12:00:00","2015-01-12 12:00:00",2015,1,12,-4.111,5.389,-0.222,0,NA,NA,FALSE,FALSE
20150113,"2015-01-13 12:00:00","2015-01-13 12:00:00",2015,1,13,-3.111,9.278,4.944,0,NA,NA,FALSE,FALSE
20150114,"2015-01-14 12:00:00","2015-01-14 12:00:00",2015,1,14,0.389,7.111,4.167,0,NA,NA,FALSE,FALSE
20150115,"2015-01-15 12:00:00","2015-01-15 12:00:00",2015,1,15,-0.889,10.222,3.167,0,NA,NA,FALSE,FALSE
20150116,"2015-01-16 12:00:00","2015-01-16 12:00:00",2015,1,16,-1.222,3.778,1.889,0.508,NA,NA,FALSE,FALSE
20150117,"2015-01-17 12:00:00","2015-01-17 12:00:00",2015,1,17,-5,3.222,-1.111,0,NA,NA,FALSE,FALSE
20150118,"2015-01-18 12:00:00","2015-01-18 12:00:00",2015,1,18,-5.5,6.222,2.056,NA,NA,NA,FALSE,FALSE
20150119,"2015-01-19 12:00:00","2015-01-19 12:00:00",2015,1,19,-2.5,7.889,2.056,2.032,NA,NA,FALSE,FALSE
20150120,"2015-01-20 12:00:00","2015-01-20 12:00:00",2015,1,20,-2.889,8.722,4,0,NA,NA,FALSE,FALSE
20150121,"2015-01-21 12:00:00","2015-01-21 12:00:00",2015,1,21,2.722,5.389,4.333,7.112,NA,NA,FALSE,FALSE
20150122,"2015-01-22 12:00:00","2015-01-22 12:00:00",2015,1,22,-0.889,6.778,2.611,0,NA,NA,FALSE,FALSE
20150123,"2015-01-23 12:00:00","2015-01-23 12:00:00",2015,1,23,-1.278,8.111,2.278,0,NA,NA,FALSE,FALSE
20150124,"2015-01-24 12:00:00","2015-01-24 12:00:00",2015,1,24,-1.111,9.722,4.167,0,NA,NA,FALSE,FALSE
20150125,"2015-01-25 12:00:00","2015-01-25 12:00:00",2015,1,25,0.889,12.111,8.222,5.08,NA,NA,FALSE,FALSE
20150126,"2015-01-26 12:00:00","2015-01-26 12:00:00",2015,1,26,1.889,9.5,5.278,4.064,NA,NA,FALSE,FALSE
20150127,"2015-01-27 12:00:00","2015-01-27 12:00:00",2015,1,27,-4.722,4,-1.111,0,NA,NA,FALSE,FALSE
20150128,"2015-01-28 12:00:00","2015-01-28 12:00:00",2015,1,28,-4.778,4.222,-0.778,0,NA,NA,FALSE,FALSE
20150129,"2015-01-29 12:00:00","2015-01-29 12:00:00",2015,1,29,-2.222,1.722,0.278,5.08,NA,NA,FALSE,FALSE
20150130,"2015-01-30 12:00:00","2015-01-30 12:00:00",2015,1,30,-3.222,3,-0.611,2.032,NA,NA,FALSE,FALSE
20150131,"2015-01-31 12:00:00","2015-01-31 12:00:00",2015,1,31,-5.778,2.611,-2.389,0,NA,NA,FALSE,FALSE
20150201,"2015-02-01 12:00:00","2015-02-01 12:00:00",2015,2,1,-6.278,5.722,-0.167,0,NA,NA,FALSE,FALSE
20150202,"2015-02-02 12:00:00","2015-02-02 12:00:00",2015,2,2,-3,9,1.667,0,NA,NA,FALSE,FALSE
20150203,"2015-02-03 12:00:00","2015-02-03 12:00:00",2015,2,3,-3.222,8.111,2,0,NA,NA,FALSE,FALSE
20150204,"2015-02-04 12:00:00","2015-02-04 12:00:00",2015,2,4,-1.389,4.5,1.444,NA,NA,NA,FALSE,FALSE
20150205,"2015-02-05 12:00:00","2015-02-05 12:00:00",2015,2,5,-1.5,4.611,1.611,0.508,NA,NA,FALSE,FALSE
20150206,"2015-02-06 12:00:00","2015-02-06 12:00:00",2015,2,6,-1.278,7.278,2.167,0,NA,NA,FALSE,FALSE
20150207,"2015-02-07 12:00:00","2015-02-07 12:00:00",2015,2,7,-3.5,6.111,2.222,NA,NA,NA,FALSE,FALSE
20150208,"2015-02-08 12:00:00","2015-02-08 12:00:00",2015,2,8,-8.389,3.278,-5.5,0,NA,NA,FALSE,FALSE
20150209,"2015-02-09 12:00:00","2015-02-09 12:00:00",2015,2,9,-8.722,1.222,-1.389,0,NA,NA,FALSE,FALSE
20150210,"2015-02-10 12:00:00","2015-02-10 12:00:00",2015,2,10,-1.278,9.278,4.222,0,NA,NA,FALSE,FALSE
20150211,"2015-02-11 12:00:00","2015-02-11 12:00:00",2015,2,11,0.889,11.222,5.778,0,NA,NA,FALSE,FALSE
20150212,"2015-02-12 12:00:00","2015-02-12 12:00:00",2015,2,12,-4.278,5.5,-0.056,0,NA,NA,FALSE,FALSE
20150213,"2015-02-13 12:00:00","2015-02-13 12:00:00",2015,2,13,-4.389,5.389,0.167,0,NA,NA,FALSE,FALSE
20150214,"2015-02-14 12:00:00","2015-02-14 12:00:00",2015,2,14,-3.611,10.778,5.111,0,NA,NA,FALSE,FALSE
20150215,"2015-02-15 12:00:00","2015-02-15 12:00:00",2015,2,15,3.5,10.278,7.889,7.112,NA,NA,FALSE,FALSE
20150216,"2015-02-16 12:00:00","2015-02-16 12:00:00",2015,2,16,3.722,8,6.389,7.62,NA,NA,FALSE,FALSE
20150217,"2015-02-17 12:00:00","2015-02-17 12:00:00",2015,2,17,2.611,7.889,4.056,0.508,NA,NA,FALSE,FALSE
20150218,"2015-02-18 12:00:00","2015-02-18 12:00:00",2015,2,18,1.778,3.611,2.278,0,NA,NA,FALSE,FALSE
20150219,"2015-02-19 12:00:00","2015-02-19 12:00:00",2015,2,19,-1,10.5,3.667,0,NA,NA,FALSE,FALSE
20150220,"2015-02-20 12:00:00","2015-02-20 12:00:00",2015,2,20,-1.222,13.278,7.5,NA,NA,NA,FALSE,FALSE
20150221,"2015-02-21 12:00:00","2015-02-21 12:00:00",2015,2,21,5.5,11.889,9.389,3.556,NA,NA,FALSE,FALSE
20150222,"2015-02-22 12:00:00","2015-02-22 12:00:00",2015,2,22,1.611,10.778,4.222,2.032,NA,NA,FALSE,FALSE
20150223,"2015-02-23 12:00:00","2015-02-23 12:00:00",2015,2,23,0.278,9.889,3.278,0,NA,NA,FALSE,FALSE
20150224,"2015-02-24 12:00:00","2015-02-24 12:00:00",2015,2,24,0.222,10.722,4.611,0,NA,NA,FALSE,FALSE
20150225,"2015-02-25 12:00:00","2015-02-25 12:00:00",2015,2,25,0.778,9.778,6.778,0,NA,NA,FALSE,FALSE
20150226,"2015-02-26 12:00:00","2015-02-26 12:00:00",2015,2,26,-0.722,8.111,2.556,0,NA,NA,FALSE,FALSE
20150227,"2015-02-27 12:00:00","2015-02-27 12:00:00",2015,2,27,-1.889,4.111,0.389,0,NA,NA,FALSE,FALSE
20150228,"2015-02-28 12:00:00","2015-02-28 12:00:00",2015,2,28,-2.111,8.278,3.056,2.032,NA,NA,FALSE,FALSE
20150301,"2015-03-01 12:00:00","2015-03-01 12:00:00",2015,3,1,-1,6.889,2.667,3.048,NA,NA,FALSE,FALSE
20150302,"2015-03-02 12:00:00","2015-03-02 12:00:00",2015,3,2,-1.611,11.5,5.278,0,NA,NA,FALSE,FALSE
20150303,"2015-03-03 12:00:00","2015-03-03 12:00:00",2015,3,3,-0.778,9.611,3.222,4.572,NA,NA,FALSE,FALSE
20150304,"2015-03-04 12:00:00","2015-03-04 12:00:00",2015,3,4,-3.5,4.5,-0.278,0,NA,NA,FALSE,FALSE
20150305,"2015-03-05 12:00:00","2015-03-05 12:00:00",2015,3,5,-3.722,7.889,2.444,0,NA,NA,FALSE,FALSE
20150306,"2015-03-06 12:00:00","2015-03-06 12:00:00",2015,3,6,-0.889,13,5.667,0,NA,NA,FALSE,FALSE
20150307,"2015-03-07 12:00:00","2015-03-07 12:00:00",2015,3,7,0.278,13.389,5.889,0,NA,NA,FALSE,FALSE
20150308,"2015-03-08 12:00:00","2015-03-08 12:00:00",2015,3,8,0.389,17.278,10,NA,NA,NA,FALSE,FALSE
20150309,"2015-03-09 12:00:00","2015-03-09 12:00:00",2015,3,9,-3.778,10.222,1.833,0.508,NA,NA,FALSE,FALSE
20150310,"2015-03-10 12:00:00","2015-03-10 12:00:00",2015,3,10,-4.111,2.389,-0.167,0,NA,NA,FALSE,FALSE
20150311,"2015-03-11 12:00:00","2015-03-11 12:00:00",2015,3,11,-0.778,9.111,4,0,NA,NA,FALSE,FALSE
20150312,"2015-03-12 12:00:00","2015-03-12 12:00:00",2015,3,12,-0.889,11.722,6.111,0,NA,NA,FALSE,FALSE
20150313,"2015-03-13 12:00:00","2015-03-13 12:00:00",2015,3,13,0.5,7.222,5,4.064,NA,NA,FALSE,FALSE
20150314,"2015-03-14 12:00:00","2015-03-14 12:00:00",2015,3,14,0.111,12.778,5.556,0,NA,NA,FALSE,FALSE
20150315,"2015-03-15 12:00:00","2015-03-15 12:00:00",2015,3,15,0.389,16.222,8.5,0,NA,NA,FALSE,FALSE
20150316,"2015-03-16 12:00:00","2015-03-16 12:00:00",2015,3,16,3.611,22.111,13.5,0,NA,NA,FALSE,FALSE
20150317,"2015-03-17 12:00:00","2015-03-17 12:00:00",2015,3,17,6.111,22.889,15.889,NA,NA,NA,FALSE,FALSE
20150318,"2015-03-18 12:00:00","2015-03-18 12:00:00",2015,3,18,9.722,14.889,11.222,26.924,NA,NA,FALSE,FALSE
20150319,"2015-03-19 12:00:00","2015-03-19 12:00:00",2015,3,19,9.222,22.222,13.333,1.016,NA,NA,FALSE,FALSE
20150320,"2015-03-20 12:00:00","2015-03-20 12:00:00",2015,3,20,8.5,22.111,13.722,0,NA,NA,FALSE,FALSE
20150321,"2015-03-21 12:00:00","2015-03-21 12:00:00",2015,3,21,6.5,21.111,13,0,NA,NA,FALSE,FALSE
20150322,"2015-03-22 12:00:00","2015-03-22 12:00:00",2015,3,22,1.222,17.722,8.722,0,NA,NA,FALSE,FALSE
20150323,"2015-03-23 12:00:00","2015-03-23 12:00:00",2015,3,23,0.611,11.889,5.722,0,NA,NA,FALSE,FALSE
20150324,"2015-03-24 12:00:00","2015-03-24 12:00:00",2015,3,24,-1.111,13.278,5.111,0,NA,NA,FALSE,FALSE
20150325,"2015-03-25 12:00:00","2015-03-25 12:00:00",2015,3,25,-1.389,16.389,6.833,0,NA,NA,FALSE,FALSE
20150326,"2015-03-26 12:00:00","2015-03-26 12:00:00",2015,3,26,-0.278,18.889,8.944,0,NA,NA,FALSE,FALSE
20150327,"2015-03-27 12:00:00","2015-03-27 12:00:00",2015,3,27,1.722,18.5,10.278,0,NA,NA,FALSE,FALSE
20150328,"2015-03-28 12:00:00","2015-03-28 12:00:00",2015,3,28,3.611,19.222,12,0,NA,NA,FALSE,FALSE
20150329,"2015-03-29 12:00:00","2015-03-29 12:00:00",2015,3,29,6.722,21.222,13.556,0,NA,NA,FALSE,FALSE
20150330,"2015-03-30 12:00:00","2015-03-30 12:00:00",2015,3,30,7.611,23.278,16.389,0,NA,NA,FALSE,FALSE
20150331,"2015-03-31 12:00:00","2015-03-31 12:00:00",2015,3,31,12.278,16.778,15.722,0,NA,NA,FALSE,FALSE
20150401,"2015-04-01 12:00:00","2015-04-01 12:00:00",2015,4,1,10.889,21.722,15.111,0,NA,NA,FALSE,FALSE
20150402,"2015-04-02 12:00:00","2015-04-02 12:00:00",2015,4,2,10.611,19.111,16.222,0.254,NA,NA,FALSE,FALSE
20150403,"2015-04-03 12:00:00","2015-04-03 12:00:00",2015,4,3,10.111,18.111,11.389,10.922,NA,NA,FALSE,FALSE
20150404,"2015-04-04 12:00:00","2015-04-04 12:00:00",2015,4,4,10,18.778,12.889,25.908,NA,NA,FALSE,FALSE
20150405,"2015-04-05 12:00:00","2015-04-05 12:00:00",2015,4,5,11.222,14.5,12.611,3.048,NA,NA,FALSE,FALSE
20150406,"2015-04-06 12:00:00","2015-04-06 12:00:00",2015,4,6,4.889,13.5,9.333,7.874,NA,NA,FALSE,FALSE
20150407,"2015-04-07 12:00:00","2015-04-07 12:00:00",2015,4,7,4.5,15.5,8.056,0,NA,NA,FALSE,FALSE
20150408,"2015-04-08 12:00:00","2015-04-08 12:00:00",2015,4,8,4.889,16.5,9.833,0,NA,NA,FALSE,FALSE
20150409,"2015-04-09 12:00:00","2015-04-09 12:00:00",2015,4,9,6,17,10.556,0,NA,NA,FALSE,FALSE
20150410,"2015-04-10 12:00:00","2015-04-10 12:00:00",2015,4,10,5.722,20.389,12.056,0,NA,NA,FALSE,FALSE
20150411,"2015-04-11 12:00:00","2015-04-11 12:00:00",2015,4,11,5.778,22.611,14.833,0,NA,NA,FALSE,FALSE
20150412,"2015-04-12 12:00:00","2015-04-12 12:00:00",2015,4,12,9.278,20.778,14.667,0,NA,NA,FALSE,FALSE
20150413,"2015-04-13 12:00:00","2015-04-13 12:00:00",2015,4,13,6.111,15.111,10.278,0.508,NA,NA,FALSE,FALSE
20150414,"2015-04-14 12:00:00","2015-04-14 12:00:00",2015,4,14,5.778,13.889,8,22.098,NA,NA,FALSE,FALSE
20150415,"2015-04-15 12:00:00","2015-04-15 12:00:00",2015,4,15,6.389,20.222,13.167,0.508,NA,NA,FALSE,FALSE
20150416,"2015-04-16 12:00:00","2015-04-16 12:00:00",2015,4,16,4.5,21.722,10.722,0.508,NA,NA,FALSE,FALSE
20150417,"2015-04-17 12:00:00","2015-04-17 12:00:00",2015,4,17,4.278,20.222,13,0,NA,NA,FALSE,FALSE
20150418,"2015-04-18 12:00:00","2015-04-18 12:00:00",2015,4,18,8.389,23.5,16.611,1.016,NA,NA,FALSE,FALSE
20150419,"2015-04-19 12:00:00","2015-04-19 12:00:00",2015,4,19,13.778,19.222,17.333,2.032,NA,NA,FALSE,FALSE
20150420,"2015-04-20 12:00:00","2015-04-20 12:00:00",2015,4,20,8.278,17.111,11.889,10.922,NA,NA,FALSE,FALSE
20150421,"2015-04-21 12:00:00","2015-04-21 12:00:00",2015,4,21,7.278,23,14.111,0,NA,NA,FALSE,FALSE
20150422,"2015-04-22 12:00:00","2015-04-22 12:00:00",2015,4,22,7.111,21.111,13.667,0,NA,NA,FALSE,FALSE
20150423,"2015-04-23 12:00:00","2015-04-23 12:00:00",2015,4,23,6.778,22.889,15.056,0,NA,NA,FALSE,FALSE
20150424,"2015-04-24 12:00:00","2015-04-24 12:00:00",2015,4,24,8.889,23.5,15.611,0,NA,NA,FALSE,FALSE
20150425,"2015-04-25 12:00:00","2015-04-25 12:00:00",2015,4,25,8.722,26.5,17.167,0,NA,NA,FALSE,FALSE
20150426,"2015-04-26 12:00:00","2015-04-26 12:00:00",2015,4,26,8.778,28.222,19,0,NA,NA,FALSE,FALSE
20150427,"2015-04-27 12:00:00","2015-04-27 12:00:00",2015,4,27,10.889,27.722,20.056,0,NA,NA,FALSE,FALSE
20150428,"2015-04-28 12:00:00","2015-04-28 12:00:00",2015,4,28,14.889,23.778,16.611,8.89,NA,NA,FALSE,FALSE
20150429,"2015-04-29 12:00:00","2015-04-29 12:00:00",2015,4,29,14.5,22.5,17.944,53.086,NA,NA,FALSE,FALSE
20150430,"2015-04-30 12:00:00","2015-04-30 12:00:00",2015,4,30,14.889,24.778,19.611,0,NA,NA,FALSE,FALSE
20150501,"2015-05-01 12:00:00","2015-05-01 12:00:00",2015,5,1,15,25.889,20.278,0,NA,NA,FALSE,FALSE
20150502,"2015-05-02 12:00:00","2015-05-02 12:00:00",2015,5,2,15.611,25.722,20.5,NA,NA,NA,FALSE,FALSE
20150503,"2015-05-03 12:00:00","2015-05-03 12:00:00",2015,5,3,12.611,20.5,17.167,10.922,NA,NA,FALSE,FALSE
20150504,"2015-05-04 12:00:00","2015-05-04 12:00:00",2015,5,4,6.611,21.722,13.667,0,NA,NA,FALSE,FALSE
20150505,"2015-05-05 12:00:00","2015-05-05 12:00:00",2015,5,5,6.5,22.222,14.5,0,NA,NA,FALSE,FALSE
20150506,"2015-05-06 12:00:00","2015-05-06 12:00:00",2015,5,6,8.278,23.111,16,0,NA,NA,FALSE,FALSE
20150507,"2015-05-07 12:00:00","2015-05-07 12:00:00",2015,5,7,9.889,26.111,17.556,0,NA,NA,FALSE,FALSE
20150508,"2015-05-08 12:00:00","2015-05-08 12:00:00",2015,5,8,10.222,24.778,18.722,NA,NA,NA,FALSE,FALSE
20150509,"2015-05-09 12:00:00","2015-05-09 12:00:00",2015,5,9,12.222,25.278,17.722,2.032,NA,NA,FALSE,FALSE
20150510,"2015-05-10 12:00:00","2015-05-10 12:00:00",2015,5,10,12.111,27.111,19.833,0,NA,NA,FALSE,FALSE
20150511,"2015-05-11 12:00:00","2015-05-11 12:00:00",2015,5,11,11.889,21.611,16.889,12.954,NA,NA,FALSE,FALSE
20150512,"2015-05-12 12:00:00","2015-05-12 12:00:00",2015,5,12,11.889,20.778,16.278,16.002,NA,NA,FALSE,FALSE
20150513,"2015-05-13 12:00:00","2015-05-13 12:00:00",2015,5,13,13.889,26.278,21.111,0.508,NA,NA,FALSE,FALSE
20150514,"2015-05-14 12:00:00","2015-05-14 12:00:00",2015,5,14,17.111,27.611,22.333,0,NA,NA,FALSE,FALSE
20150515,"2015-05-15 12:00:00","2015-05-15 12:00:00",2015,5,15,14.5,25.778,19.611,1.016,NA,NA,FALSE,FALSE
20150516,"2015-05-16 12:00:00","2015-05-16 12:00:00",2015,5,16,11.278,26.722,19,0,NA,NA,FALSE,FALSE
20150517,"2015-05-17 12:00:00","2015-05-17 12:00:00",2015,5,17,11.222,27,20.222,NA,NA,NA,FALSE,FALSE
20150518,"2015-05-18 12:00:00","2015-05-18 12:00:00",2015,5,18,12.778,18.722,15.5,2.032,NA,NA,FALSE,FALSE
20150519,"2015-05-19 12:00:00","2015-05-19 12:00:00",2015,5,19,13.5,26.389,19.111,0,NA,NA,FALSE,FALSE
20150520,"2015-05-20 12:00:00","2015-05-20 12:00:00",2015,5,20,11,23.278,16.333,0,NA,NA,FALSE,FALSE
20150521,"2015-05-21 12:00:00","2015-05-21 12:00:00",2015,5,21,10.611,27.389,19.667,0,NA,NA,FALSE,FALSE
20150522,"2015-05-22 12:00:00","2015-05-22 12:00:00",2015,5,22,17.611,24.389,19.889,0,NA,NA,FALSE,FALSE
20150523,"2015-05-23 12:00:00","2015-05-23 12:00:00",2015,5,23,14.722,26.889,20.333,0,NA,NA,FALSE,FALSE
20150524,"2015-05-24 12:00:00","2015-05-24 12:00:00",2015,5,24,13.5,29.111,20.889,0,NA,NA,FALSE,FALSE
20150525,"2015-05-25 12:00:00","2015-05-25 12:00:00",2015,5,25,13.278,29.5,20.667,0,NA,NA,FALSE,FALSE
20150526,"2015-05-26 12:00:00","2015-05-26 12:00:00",2015,5,26,13.278,33.111,23.056,0,NA,NA,FALSE,FALSE
20150527,"2015-05-27 12:00:00","2015-05-27 12:00:00",2015,5,27,15,31.611,24.389,0,NA,NA,FALSE,FALSE
20150528,"2015-05-28 12:00:00","2015-05-28 12:00:00",2015,5,28,17.222,31.722,23.833,0,NA,NA,FALSE,FALSE
20150529,"2015-05-29 12:00:00","2015-05-29 12:00:00",2015,5,29,16.722,31,24.056,NA,NA,NA,FALSE,FALSE
20150530,"2015-05-30 12:00:00","2015-05-30 12:00:00",2015,5,30,16.278,22.889,18.667,3.556,NA,NA,FALSE,FALSE
20150531,"2015-05-31 12:00:00","2015-05-31 12:00:00",2015,5,31,15.5,29.722,22.056,0,NA,NA,FALSE,FALSE
20150601,"2015-06-01 12:00:00","2015-06-01 12:00:00",2015,6,1,16.389,30.389,23.611,0,NA,NA,FALSE,FALSE
20150602,"2015-06-02 12:00:00","2015-06-02 12:00:00",2015,6,2,18.722,26.278,21.556,0,NA,NA,FALSE,FALSE
20150603,"2015-06-03 12:00:00","2015-06-03 12:00:00",2015,6,3,15.722,28.222,21.833,0,NA,NA,FALSE,FALSE
20150604,"2015-06-04 12:00:00","2015-06-04 12:00:00",2015,6,4,15.5,30.5,24.667,NA,NA,NA,FALSE,FALSE
20150605,"2015-06-05 12:00:00","2015-06-05 12:00:00",2015,6,5,14.222,23.111,17.111,2.032,NA,NA,FALSE,FALSE
20150606,"2015-06-06 12:00:00","2015-06-06 12:00:00",2015,6,6,13.889,29.278,21.778,0,NA,NA,FALSE,FALSE
20150607,"2015-06-07 12:00:00","2015-06-07 12:00:00",2015,6,7,16.611,28.111,21.778,0,NA,NA,FALSE,FALSE
20150608,"2015-06-08 12:00:00","2015-06-08 12:00:00",2015,6,8,17.222,24.278,19.778,4.064,NA,NA,FALSE,FALSE
20150609,"2015-06-09 12:00:00","2015-06-09 12:00:00",2015,6,9,17.222,29.222,22.778,0,NA,NA,FALSE,FALSE
20150610,"2015-06-10 12:00:00","2015-06-10 12:00:00",2015,6,10,18.111,31.389,25.056,NA,NA,NA,FALSE,FALSE
20150611,"2015-06-11 12:00:00","2015-06-11 12:00:00",2015,6,11,20.222,25.889,23,0.254,NA,NA,FALSE,FALSE
20150612,"2015-06-12 12:00:00","2015-06-12 12:00:00",2015,6,12,20.111,31.889,26.056,0,NA,NA,FALSE,FALSE
20150613,"2015-06-13 12:00:00","2015-06-13 12:00:00",2015,6,13,19.5,29,23.667,0,NA,NA,FALSE,FALSE
20150614,"2015-06-14 12:00:00","2015-06-14 12:00:00",2015,6,14,19.278,26.889,21.889,34.036,NA,NA,FALSE,FALSE
20150615,"2015-06-15 12:00:00","2015-06-15 12:00:00",2015,6,15,20.389,30.111,23.889,0,NA,NA,FALSE,FALSE
20150616,"2015-06-16 12:00:00","2015-06-16 12:00:00",2015,6,16,19.778,29.389,22.889,0,NA,NA,FALSE,FALSE
20150617,"2015-06-17 12:00:00","2015-06-17 12:00:00",2015,6,17,19.111,24.222,21.111,0,NA,NA,FALSE,FALSE
20150618,"2015-06-18 12:00:00","2015-06-18 12:00:00",2015,6,18,18.5,31.222,24.5,0,NA,NA,FALSE,FALSE
20150619,"2015-06-19 12:00:00","2015-06-19 12:00:00",2015,6,19,20.111,29.5,23.5,0,NA,NA,FALSE,FALSE
20150620,"2015-06-20 12:00:00","2015-06-20 12:00:00",2015,6,20,18.722,23.111,20.111,59.944,NA,NA,FALSE,FALSE
20150621,"2015-06-21 12:00:00","2015-06-21 12:00:00",2015,6,21,18.722,26.5,21.778,4.064,NA,NA,FALSE,FALSE
20150622,"2015-06-22 12:00:00","2015-06-22 12:00:00",2015,6,22,18.278,28.389,22.611,0,NA,NA,FALSE,FALSE
20150623,"2015-06-23 12:00:00","2015-06-23 12:00:00",2015,6,23,19,29.889,24.889,0,NA,NA,FALSE,FALSE
20150624,"2015-06-24 12:00:00","2015-06-24 12:00:00",2015,6,24,20.389,25.778,22.944,0,NA,NA,FALSE,FALSE
20150625,"2015-06-25 12:00:00","2015-06-25 12:00:00",2015,6,25,19.889,26,22.611,16.002,NA,NA,FALSE,FALSE
20150626,"2015-06-26 12:00:00","2015-06-26 12:00:00",2015,6,26,19.889,24.611,21.333,12.192,NA,NA,FALSE,FALSE
20150627,"2015-06-27 12:00:00","2015-06-27 12:00:00",2015,6,27,19.389,25.111,21.667,0.254,NA,NA,FALSE,FALSE
20150628,"2015-06-28 12:00:00","2015-06-28 12:00:00",2015,6,28,19.389,30.722,24.389,0,NA,NA,FALSE,FALSE
20150629,"2015-06-29 12:00:00","2015-06-29 12:00:00",2015,6,29,20.5,28.278,23.889,0,NA,NA,FALSE,FALSE
20150630,"2015-06-30 12:00:00","2015-06-30 12:00:00",2015,6,30,19.111,23,19.889,16.002,NA,NA,FALSE,FALSE
20150701,"2015-07-01 12:00:00","2015-07-01 12:00:00",2015,7,1,17.722,27.5,22.167,0.254,NA,NA,FALSE,FALSE
20150702,"2015-07-02 12:00:00","2015-07-02 12:00:00",2015,7,2,17.611,28.222,23.778,0,NA,NA,FALSE,FALSE
20150703,"2015-07-03 12:00:00","2015-07-03 12:00:00",2015,7,3,18.222,28.278,23,0,NA,NA,FALSE,FALSE
20150704,"2015-07-04 12:00:00","2015-07-04 12:00:00",2015,7,4,18.222,28.222,23,0,NA,NA,FALSE,FALSE
20150705,"2015-07-05 12:00:00","2015-07-05 12:00:00",2015,7,5,19.5,27.778,23.056,0,NA,NA,FALSE,FALSE
20150706,"2015-07-06 12:00:00","2015-07-06 12:00:00",2015,7,6,19.278,26.278,23.389,0,NA,NA,FALSE,FALSE
20150707,"2015-07-07 12:00:00","2015-07-07 12:00:00",2015,7,7,18.778,22.611,19.667,16.256,NA,NA,FALSE,FALSE
20150708,"2015-07-08 12:00:00","2015-07-08 12:00:00",2015,7,8,19.111,24.778,22.889,10.922,NA,NA,FALSE,FALSE
20150709,"2015-07-09 12:00:00","2015-07-09 12:00:00",2015,7,9,21.722,30.5,25.5,41.148,NA,NA,FALSE,FALSE
20150710,"2015-07-10 12:00:00","2015-07-10 12:00:00",2015,7,10,22.278,34.222,28.722,0,NA,NA,FALSE,FALSE
20150711,"2015-07-11 12:00:00","2015-07-11 12:00:00",2015,7,11,24,30.5,26.278,7.874,NA,NA,FALSE,FALSE
20150712,"2015-07-12 12:00:00","2015-07-12 12:00:00",2015,7,12,21.5,26.611,24,30.988,NA,NA,FALSE,FALSE
20150713,"2015-07-13 12:00:00","2015-07-13 12:00:00",2015,7,13,21.222,26.111,22.889,3.048,NA,NA,FALSE,FALSE
20150714,"2015-07-14 12:00:00","2015-07-14 12:00:00",2015,7,14,21,30.722,26.278,0,NA,NA,FALSE,FALSE
20150715,"2015-07-15 12:00:00","2015-07-15 12:00:00",2015,7,15,21.389,30.5,24.722,10.922,NA,NA,FALSE,FALSE
20150716,"2015-07-16 12:00:00","2015-07-16 12:00:00",2015,7,16,21.278,29.722,25.667,3.048,NA,NA,FALSE,FALSE
20150717,"2015-07-17 12:00:00","2015-07-17 12:00:00",2015,7,17,21.5,31.111,24.111,0,NA,NA,FALSE,FALSE
20150718,"2015-07-18 12:00:00","2015-07-18 12:00:00",2015,7,18,21.278,29,24.833,0,NA,NA,FALSE,FALSE
20150719,"2015-07-19 12:00:00","2015-07-19 12:00:00",2015,7,19,22.111,32.111,27.556,0,NA,NA,FALSE,FALSE
20150720,"2015-07-20 12:00:00","2015-07-20 12:00:00",2015,7,20,24.111,30.278,26.556,0,NA,NA,FALSE,FALSE
20150721,"2015-07-21 12:00:00","2015-07-21 12:00:00",2015,7,21,23.778,29.722,25.944,2.54,NA,NA,FALSE,FALSE
20150722,"2015-07-22 12:00:00","2015-07-22 12:00:00",2015,7,22,24.278,26.611,25.889,2.032,NA,NA,FALSE,FALSE
20150723,"2015-07-23 12:00:00","2015-07-23 12:00:00",2015,7,23,25.222,28.389,25.833,10.922,NA,NA,FALSE,FALSE
20150724,"2015-07-24 12:00:00","2015-07-24 12:00:00",2015,7,24,24.722,26.389,25.722,8.89,NA,NA,FALSE,FALSE
20150725,"2015-07-25 12:00:00","2015-07-25 12:00:00",2015,7,25,23.278,31.111,26.889,0,NA,NA,FALSE,FALSE
20150726,"2015-07-26 12:00:00","2015-07-26 12:00:00",2015,7,26,23.222,34.111,28.111,0,NA,NA,FALSE,FALSE
20150727,"2015-07-27 12:00:00","2015-07-27 12:00:00",2015,7,27,24.111,30.722,26.667,10.922,NA,NA,FALSE,FALSE
20150728,"2015-07-28 12:00:00","2015-07-28 12:00:00",2015,7,28,24.889,30.778,26.222,4.064,NA,NA,FALSE,FALSE
20150729,"2015-07-29 12:00:00","2015-07-29 12:00:00",2015,7,29,24.389,34.111,29.278,0,NA,NA,FALSE,FALSE
20150730,"2015-07-30 12:00:00","2015-07-30 12:00:00",2015,7,30,25.611,34.222,28.444,0,NA,NA,FALSE,FALSE
20150731,"2015-07-31 12:00:00","2015-07-31 12:00:00",2015,7,31,25.222,33.611,28.778,0,NA,NA,FALSE,FALSE
20150801,"2015-08-01 12:00:00","2015-08-01 12:00:00",2015,8,1,25.111,33.611,28.722,0,NA,NA,FALSE,FALSE
20150802,"2015-08-02 12:00:00","2015-08-02 12:00:00",2015,8,2,24.389,32.889,28.167,0,NA,NA,FALSE,FALSE
20150803,"2015-08-03 12:00:00","2015-08-03 12:00:00",2015,8,3,24.389,33.222,28.556,0,NA,NA,FALSE,FALSE
20150804,"2015-08-04 12:00:00","2015-08-04 12:00:00",2015,8,4,25.278,33.5,28.556,0,NA,NA,FALSE,FALSE
20150805,"2015-08-05 12:00:00","2015-08-05 12:00:00",2015,8,5,25.278,34.611,29.167,0,NA,NA,FALSE,FALSE
20150806,"2015-08-06 12:00:00","2015-08-06 12:00:00",2015,8,6,25.111,34.889,29.833,0,NA,NA,FALSE,FALSE
20150807,"2015-08-07 12:00:00","2015-08-07 12:00:00",2015,8,7,25.222,36.222,30.167,0,NA,NA,FALSE,FALSE
20150808,"2015-08-08 12:00:00","2015-08-08 12:00:00",2015,8,8,23.222,34.389,26.889,42.926,NA,NA,FALSE,FALSE
20150809,"2015-08-09 12:00:00","2015-08-09 12:00:00",2015,8,9,23.222,33.278,27.833,0,NA,NA,FALSE,FALSE
20150810,"2015-08-10 12:00:00","2015-08-10 12:00:00",2015,8,10,23.222,32.222,27.444,0,NA,NA,FALSE,FALSE
20150811,"2015-08-11 12:00:00","2015-08-11 12:00:00",2015,8,11,19.778,26.389,22,26.924,NA,NA,FALSE,FALSE
20150812,"2015-08-12 12:00:00","2015-08-12 12:00:00",2015,8,12,19.722,28.611,24.444,2.032,NA,NA,FALSE,FALSE
20150813,"2015-08-13 12:00:00","2015-08-13 12:00:00",2015,8,13,22.389,30.722,25.222,0,NA,NA,FALSE,FALSE
20150814,"2015-08-14 12:00:00","2015-08-14 12:00:00",2015,8,14,22.111,31.278,26.167,0,NA,NA,FALSE,FALSE
20150815,"2015-08-15 12:00:00","2015-08-15 12:00:00",2015,8,15,22.111,32.889,27.722,0,NA,NA,FALSE,FALSE
20150816,"2015-08-16 12:00:00","2015-08-16 12:00:00",2015,8,16,22.722,29.278,26,0,NA,NA,FALSE,FALSE
20150817,"2015-08-17 12:00:00","2015-08-17 12:00:00",2015,8,17,22.722,32,26.444,7.112,NA,NA,FALSE,FALSE
20150818,"2015-08-18 12:00:00","2015-08-18 12:00:00",2015,8,18,23.222,29.5,25.667,0,NA,NA,FALSE,FALSE
20150819,"2015-08-19 12:00:00","2015-08-19 12:00:00",2015,8,19,22.889,29.5,26.333,0,NA,NA,FALSE,FALSE
20150820,"2015-08-20 12:00:00","2015-08-20 12:00:00",2015,8,20,21.278,25.778,22.889,5.08,NA,NA,FALSE,FALSE
20150821,"2015-08-21 12:00:00","2015-08-21 12:00:00",2015,8,21,21.222,29,24.889,44.958,NA,NA,FALSE,FALSE
20150822,"2015-08-22 12:00:00","2015-08-22 12:00:00",2015,8,22,22.611,27.278,25,0,NA,NA,FALSE,FALSE
20150823,"2015-08-23 12:00:00","2015-08-23 12:00:00",2015,8,23,23.222,28.889,25.389,0,NA,NA,FALSE,FALSE
20150824,"2015-08-24 12:00:00","2015-08-24 12:00:00",2015,8,24,21.722,26.611,24.111,0,NA,NA,FALSE,FALSE
20150825,"2015-08-25 12:00:00","2015-08-25 12:00:00",2015,8,25,19.111,26,21.889,16.256,NA,NA,FALSE,FALSE
20150826,"2015-08-26 12:00:00","2015-08-26 12:00:00",2015,8,26,19.111,28.389,23.611,0,NA,NA,FALSE,FALSE
20150827,"2015-08-27 12:00:00","2015-08-27 12:00:00",2015,8,27,20.111,26.389,23.722,5.08,NA,NA,FALSE,FALSE
20150828,"2015-08-28 12:00:00","2015-08-28 12:00:00",2015,8,28,19.389,28.889,23.889,0,NA,NA,FALSE,FALSE
20150829,"2015-08-29 12:00:00","2015-08-29 12:00:00",2015,8,29,19.222,29.389,24.111,0,NA,NA,FALSE,FALSE
20150830,"2015-08-30 12:00:00","2015-08-30 12:00:00",2015,8,30,20.111,29,24.556,0,NA,NA,FALSE,FALSE
20150831,"2015-08-31 12:00:00","2015-08-31 12:00:00",2015,8,31,20.5,30.222,26,0,NA,NA,FALSE,FALSE
20150901,"2015-09-01 12:00:00","2015-09-01 12:00:00",2015,9,1,21.389,29.722,24.833,1.016,NA,NA,FALSE,FALSE
20150902,"2015-09-02 12:00:00","2015-09-02 12:00:00",2015,9,2,20.278,29.722,23.167,14.986,NA,NA,FALSE,FALSE
20150903,"2015-09-03 12:00:00","2015-09-03 12:00:00",2015,9,3,19.778,28.722,23.389,7.112,NA,NA,FALSE,FALSE
20150904,"2015-09-04 12:00:00","2015-09-04 12:00:00",2015,9,4,19.611,30.111,24.778,0,NA,NA,FALSE,FALSE
20150905,"2015-09-05 12:00:00","2015-09-05 12:00:00",2015,9,5,18.722,26.889,21.556,6.096,NA,NA,FALSE,FALSE
20150906,"2015-09-06 12:00:00","2015-09-06 12:00:00",2015,9,6,18.611,27,22.611,13.97,NA,NA,FALSE,FALSE
20150907,"2015-09-07 12:00:00","2015-09-07 12:00:00",2015,9,7,17.722,27.111,22,0,NA,NA,FALSE,FALSE
20150908,"2015-09-08 12:00:00","2015-09-08 12:00:00",2015,9,8,16.889,27.111,21.722,0,NA,NA,FALSE,FALSE
20150909,"2015-09-09 12:00:00","2015-09-09 12:00:00",2015,9,9,17.111,28.111,22.278,0,NA,NA,FALSE,FALSE
20150910,"2015-09-10 12:00:00","2015-09-10 12:00:00",2015,9,10,16.722,28.722,22.5,0,NA,NA,FALSE,FALSE
20150911,"2015-09-11 12:00:00","2015-09-11 12:00:00",2015,9,11,17.278,28.778,22.833,0,NA,NA,FALSE,FALSE
20150912,"2015-09-12 12:00:00","2015-09-12 12:00:00",2015,9,12,15.278,22,18.611,2.794,NA,NA,FALSE,FALSE
20150913,"2015-09-13 12:00:00","2015-09-13 12:00:00",2015,9,13,15.111,25.389,19.889,0,NA,NA,FALSE,FALSE
20150914,"2015-09-14 12:00:00","2015-09-14 12:00:00",2015,9,14,14.889,27.222,21.111,0,NA,NA,FALSE,FALSE
20150915,"2015-09-15 12:00:00","2015-09-15 12:00:00",2015,9,15,15.5,26.778,20.944,0,NA,NA,FALSE,FALSE
20150916,"2015-09-16 12:00:00","2015-09-16 12:00:00",2015,9,16,15.222,23.778,20.278,0,NA,NA,FALSE,FALSE
20150917,"2015-09-17 12:00:00","2015-09-17 12:00:00",2015,9,17,16.5,28.778,22.444,0,NA,NA,FALSE,FALSE
20150918,"2015-09-18 12:00:00","2015-09-18 12:00:00",2015,9,18,17.722,27.778,22.167,0,NA,NA,FALSE,FALSE
20150919,"2015-09-19 12:00:00","2015-09-19 12:00:00",2015,9,19,17,27.722,21.556,0,NA,NA,FALSE,FALSE
20150920,"2015-09-20 12:00:00","2015-09-20 12:00:00",2015,9,20,16.778,27.222,21.611,0,NA,NA,FALSE,FALSE
20150921,"2015-09-21 12:00:00","2015-09-21 12:00:00",2015,9,21,17.222,29.111,22.944,0,NA,NA,FALSE,FALSE
20150922,"2015-09-22 12:00:00","2015-09-22 12:00:00",2015,9,22,18.278,29.222,22.667,0,NA,NA,FALSE,FALSE
20150923,"2015-09-23 12:00:00","2015-09-23 12:00:00",2015,9,23,16.5,20.778,17.944,19.05,NA,NA,FALSE,FALSE
20150924,"2015-09-24 12:00:00","2015-09-24 12:00:00",2015,9,24,16.222,27.611,22.5,0.254,NA,NA,FALSE,FALSE
20150925,"2015-09-25 12:00:00","2015-09-25 12:00:00",2015,9,25,17.389,26.278,21.778,0,NA,NA,FALSE,FALSE
20150926,"2015-09-26 12:00:00","2015-09-26 12:00:00",2015,9,26,16.889,26.778,21.444,0,NA,NA,FALSE,FALSE
20150927,"2015-09-27 12:00:00","2015-09-27 12:00:00",2015,9,27,15.611,28.611,21.778,0,NA,NA,FALSE,FALSE
20150928,"2015-09-28 12:00:00","2015-09-28 12:00:00",2015,9,28,15.278,29.611,23.444,0,NA,NA,FALSE,FALSE
20150929,"2015-09-29 12:00:00","2015-09-29 12:00:00",2015,9,29,17.889,30.611,24.056,0,NA,NA,FALSE,FALSE
20150930,"2015-09-30 12:00:00","2015-09-30 12:00:00",2015,9,30,17.278,22.278,18.667,0.762,NA,NA,FALSE,FALSE
20151001,"2015-10-01 12:00:00","2015-10-01 12:00:00",2015,10,1,12.722,23.5,17.833,56.896,NA,NA,FALSE,FALSE
20151002,"2015-10-02 12:00:00","2015-10-02 12:00:00",2015,10,2,11.278,22.389,17.167,0,NA,NA,FALSE,FALSE
20151003,"2015-10-03 12:00:00","2015-10-03 12:00:00",2015,10,3,12.722,24.778,19,0,NA,NA,FALSE,FALSE
20151004,"2015-10-04 12:00:00","2015-10-04 12:00:00",2015,10,4,13.611,25.889,19.333,0,NA,NA,FALSE,FALSE
20151005,"2015-10-05 12:00:00","2015-10-05 12:00:00",2015,10,5,13.278,26.389,19.667,0,NA,NA,FALSE,FALSE
20151006,"2015-10-06 12:00:00","2015-10-06 12:00:00",2015,10,6,13.222,26.889,19.389,0,NA,NA,FALSE,FALSE
20151007,"2015-10-07 12:00:00","2015-10-07 12:00:00",2015,10,7,13.389,25.889,19.778,0,NA,NA,FALSE,FALSE
20151008,"2015-10-08 12:00:00","2015-10-08 12:00:00",2015,10,8,15.889,24.278,18.667,1.016,NA,NA,FALSE,FALSE
20151009,"2015-10-09 12:00:00","2015-10-09 12:00:00",2015,10,9,10.722,21.722,16,0,NA,NA,FALSE,FALSE
20151010,"2015-10-10 12:00:00","2015-10-10 12:00:00",2015,10,10,10.111,22.111,15.778,3.048,NA,NA,FALSE,FALSE
20151011,"2015-10-11 12:00:00","2015-10-11 12:00:00",2015,10,11,10.5,18.778,14.5,3.048,NA,NA,FALSE,FALSE
20151012,"2015-10-12 12:00:00","2015-10-12 12:00:00",2015,10,12,11.611,19.222,14.944,2.032,NA,NA,FALSE,FALSE
20151013,"2015-10-13 12:00:00","2015-10-13 12:00:00",2015,10,13,10.889,22.611,15.944,0,NA,NA,FALSE,FALSE
20151014,"2015-10-14 12:00:00","2015-10-14 12:00:00",2015,10,14,10.778,24.722,17.5,0,NA,NA,FALSE,FALSE
20151015,"2015-10-15 12:00:00","2015-10-15 12:00:00",2015,10,15,12.389,24.5,17.833,0,NA,NA,FALSE,FALSE
20151016,"2015-10-16 12:00:00","2015-10-16 12:00:00",2015,10,16,11.722,24.778,17.389,0,NA,NA,FALSE,FALSE
20151017,"2015-10-17 12:00:00","2015-10-17 12:00:00",2015,10,17,11.611,25.611,18.111,0,NA,NA,FALSE,FALSE
20151018,"2015-10-18 12:00:00","2015-10-18 12:00:00",2015,10,18,11.611,26,18.222,0,NA,NA,FALSE,FALSE
20151019,"2015-10-19 12:00:00","2015-10-19 12:00:00",2015,10,19,13.111,25.611,18.889,0,NA,NA,FALSE,FALSE
20151020,"2015-10-20 12:00:00","2015-10-20 12:00:00",2015,10,20,12.722,26.5,19.278,0,NA,NA,FALSE,FALSE
20151021,"2015-10-21 12:00:00","2015-10-21 12:00:00",2015,10,21,13.889,25.889,19.278,0,NA,NA,FALSE,FALSE
20151022,"2015-10-22 12:00:00","2015-10-22 12:00:00",2015,10,22,14.278,24.389,19.778,0,NA,NA,FALSE,FALSE
20151023,"2015-10-23 12:00:00","2015-10-23 12:00:00",2015,10,23,12.722,23.278,17.556,0,NA,NA,FALSE,FALSE
20151024,"2015-10-24 12:00:00","2015-10-24 12:00:00",2015,10,24,12.222,21.722,15.722,1.016,NA,NA,FALSE,FALSE
20151025,"2015-10-25 12:00:00","2015-10-25 12:00:00",2015,10,25,12.222,22.5,17,0,NA,NA,FALSE,FALSE
20151026,"2015-10-26 12:00:00","2015-10-26 12:00:00",2015,10,26,11.889,22.5,17.667,NA,NA,NA,FALSE,FALSE
20151027,"2015-10-27 12:00:00","2015-10-27 12:00:00",2015,10,27,9.778,18.111,13.833,24.384,NA,NA,FALSE,FALSE
20151028,"2015-10-28 12:00:00","2015-10-28 12:00:00",2015,10,28,9.278,18.778,13.444,0,NA,NA,FALSE,FALSE
20151029,"2015-10-29 12:00:00","2015-10-29 12:00:00",2015,10,29,8.778,18.222,13,NA,NA,NA,FALSE,FALSE
20151030,"2015-10-30 12:00:00","2015-10-30 12:00:00",2015,10,30,5.389,13.222,9.389,0,NA,NA,FALSE,FALSE
20151031,"2015-10-31 12:00:00","2015-10-31 12:00:00",2015,10,31,4.778,14,8.889,0,NA,NA,FALSE,FALSE
20151101,"2015-11-01 12:00:00","2015-11-01 12:00:00",2015,11,1,5.5,10.389,8.222,0,NA,NA,FALSE,FALSE
20151102,"2015-11-02 12:00:00","2015-11-02 12:00:00",2015,11,2,5.389,16,10.556,0,NA,NA,FALSE,FALSE
20151103,"2015-11-03 12:00:00","2015-11-03 12:00:00",2015,11,3,6.222,19.722,12.389,0,NA,NA,FALSE,FALSE
20151104,"2015-11-04 12:00:00","2015-11-04 12:00:00",2015,11,4,6.5,21,14.278,0,NA,NA,FALSE,FALSE
20151105,"2015-11-05 12:00:00","2015-11-05 12:00:00",2015,11,5,11.278,21.611,15.944,0,NA,NA,FALSE,FALSE
20151106,"2015-11-06 12:00:00","2015-11-06 12:00:00",2015,11,6,12.389,21.222,16.333,3.048,NA,NA,FALSE,FALSE
20151107,"2015-11-07 12:00:00","2015-11-07 12:00:00",2015,11,7,13.722,17.222,16.333,23.876,NA,NA,FALSE,FALSE
20151108,"2015-11-08 12:00:00","2015-11-08 12:00:00",2015,11,8,14.111,17.889,16,5.08,NA,NA,FALSE,FALSE
20151109,"2015-11-09 12:00:00","2015-11-09 12:00:00",2015,11,9,11.389,16,12.778,1.524,NA,NA,FALSE,FALSE
20151110,"2015-11-10 12:00:00","2015-11-10 12:00:00",2015,11,10,7.111,14.722,10.444,0,NA,NA,FALSE,FALSE
20151111,"2015-11-11 12:00:00","2015-11-11 12:00:00",2015,11,11,6.889,19.111,13.556,0,NA,NA,FALSE,FALSE
20151112,"2015-11-12 12:00:00","2015-11-12 12:00:00",2015,11,12,9.722,21,15.667,NA,NA,NA,FALSE,FALSE
20151113,"2015-11-13 12:00:00","2015-11-13 12:00:00",2015,11,13,11.222,15.222,12.667,28.956,NA,NA,FALSE,FALSE
20151114,"2015-11-14 12:00:00","2015-11-14 12:00:00",2015,11,14,11.722,16.611,14.167,1.016,NA,NA,FALSE,FALSE
20151115,"2015-11-15 12:00:00","2015-11-15 12:00:00",2015,11,15,11,18.722,13.778,0,NA,NA,FALSE,FALSE
20151116,"2015-11-16 12:00:00","2015-11-16 12:00:00",2015,11,16,10.778,17.778,15.333,13.97,NA,NA,FALSE,FALSE
20151117,"2015-11-17 12:00:00","2015-11-17 12:00:00",2015,11,17,14.111,19.111,15.667,0.508,NA,NA,FALSE,FALSE
20151118,"2015-11-18 12:00:00","2015-11-18 12:00:00",2015,11,18,11.111,15.278,12.389,10.922,NA,NA,FALSE,FALSE
20151119,"2015-11-19 12:00:00","2015-11-19 12:00:00",2015,11,19,10.389,12.222,11.556,4.572,NA,NA,FALSE,FALSE
20151120,"2015-11-20 12:00:00","2015-11-20 12:00:00",2015,11,20,8.722,17.111,12.389,0,NA,NA,FALSE,FALSE
20151121,"2015-11-21 12:00:00","2015-11-21 12:00:00",2015,11,21,7.889,14.389,10.722,0,NA,NA,FALSE,FALSE
20151122,"2015-11-22 12:00:00","2015-11-22 12:00:00",2015,11,22,6.889,18.5,13.667,NA,NA,NA,FALSE,FALSE
20151123,"2015-11-23 12:00:00","2015-11-23 12:00:00",2015,11,23,9.389,14.111,12,2.032,NA,NA,FALSE,FALSE
20151124,"2015-11-24 12:00:00","2015-11-24 12:00:00",2015,11,24,7.222,12.611,9.389,0,NA,NA,FALSE,FALSE
20151125,"2015-11-25 12:00:00","2015-11-25 12:00:00",2015,11,25,2,9.111,5.722,7.112,NA,NA,FALSE,FALSE
20151126,"2015-11-26 12:00:00","2015-11-26 12:00:00",2015,11,26,0.111,5.222,1,9.906,NA,NA,FALSE,FALSE
20151127,"2015-11-27 12:00:00","2015-11-27 12:00:00",2015,11,27,0.111,4.611,3.222,8.128,NA,NA,FALSE,FALSE
20151128,"2015-11-28 12:00:00","2015-11-28 12:00:00",2015,11,28,2.222,9.722,5.278,0,NA,NA,FALSE,FALSE
20151129,"2015-11-29 12:00:00","2015-11-29 12:00:00",2015,11,29,3,13.389,8.556,NA,NA,NA,FALSE,FALSE
20151130,"2015-11-30 12:00:00","2015-11-30 12:00:00",2015,11,30,2.111,13,6.889,3.048,NA,NA,FALSE,FALSE
20151201,"2015-12-01 12:00:00","2015-12-01 12:00:00",2015,12,1,1.278,14.222,8.389,0,NA,NA,FALSE,FALSE
20151202,"2015-12-02 12:00:00","2015-12-02 12:00:00",2015,12,2,5.278,12.111,8.167,7.112,NA,NA,FALSE,FALSE
20151203,"2015-12-03 12:00:00","2015-12-03 12:00:00",2015,12,3,1.889,7.722,3.889,1.016,NA,NA,FALSE,FALSE
20151204,"2015-12-04 12:00:00","2015-12-04 12:00:00",2015,12,4,1.5,5.5,4.222,3.048,NA,NA,FALSE,FALSE
20151205,"2015-12-05 12:00:00","2015-12-05 12:00:00",2015,12,5,2.278,8.611,6.167,0,NA,NA,FALSE,FALSE
20151206,"2015-12-06 12:00:00","2015-12-06 12:00:00",2015,12,6,-0.889,9.278,3.611,0,NA,NA,FALSE,FALSE
20151207,"2015-12-07 12:00:00","2015-12-07 12:00:00",2015,12,7,-1.389,11.278,4.389,0,NA,NA,FALSE,FALSE
20151208,"2015-12-08 12:00:00","2015-12-08 12:00:00",2015,12,8,-0.111,11.778,5.389,0,NA,NA,FALSE,FALSE
20151209,"2015-12-09 12:00:00","2015-12-09 12:00:00",2015,12,9,1.722,15.222,10.722,NA,NA,NA,FALSE,FALSE
20151210,"2015-12-10 12:00:00","2015-12-10 12:00:00",2015,12,10,8.111,11.889,10.222,18.034,NA,NA,FALSE,FALSE
20151211,"2015-12-11 12:00:00","2015-12-11 12:00:00",2015,12,11,7.389,10,8.278,5.08,NA,NA,FALSE,FALSE
20151212,"2015-12-12 12:00:00","2015-12-12 12:00:00",2015,12,12,6.722,11.222,9,0,NA,NA,FALSE,FALSE
20151213,"2015-12-13 12:00:00","2015-12-13 12:00:00",2015,12,13,7.611,15.278,11.111,0,NA,NA,FALSE,FALSE
20151214,"2015-12-14 12:00:00","2015-12-14 12:00:00",2015,12,14,8.222,12.389,10.167,3.048,NA,NA,FALSE,FALSE
20151215,"2015-12-15 12:00:00","2015-12-15 12:00:00",2015,12,15,4.889,11,7.278,2.032,NA,NA,FALSE,FALSE
20151216,"2015-12-16 12:00:00","2015-12-16 12:00:00",2015,12,16,-1.722,6.611,1.111,5.08,NA,NA,FALSE,FALSE
20151217,"2015-12-17 12:00:00","2015-12-17 12:00:00",2015,12,17,-3.222,0.389,-1.611,2.286,NA,NA,FALSE,FALSE
20151218,"2015-12-18 12:00:00","2015-12-18 12:00:00",2015,12,18,-3.5,5.222,1.278,0,NA,NA,FALSE,FALSE
20151219,"2015-12-19 12:00:00","2015-12-19 12:00:00",2015,12,19,-1.111,9.278,3.667,0,NA,NA,FALSE,FALSE
20151220,"2015-12-20 12:00:00","2015-12-20 12:00:00",2015,12,20,1.222,7.5,5.278,0.254,NA,NA,FALSE,FALSE
20151221,"2015-12-21 12:00:00","2015-12-21 12:00:00",2015,12,21,1,11.222,5.667,4.064,NA,NA,FALSE,FALSE
20151222,"2015-12-22 12:00:00","2015-12-22 12:00:00",2015,12,22,0.389,14.5,9.111,0,NA,NA,FALSE,FALSE
20151223,"2015-12-23 12:00:00","2015-12-23 12:00:00",2015,12,23,3.722,9.889,7,4.826,NA,NA,FALSE,FALSE
20151224,"2015-12-24 12:00:00","2015-12-24 12:00:00",2015,12,24,1.722,9.778,5.222,0,NA,NA,FALSE,FALSE
20151225,"2015-12-25 12:00:00","2015-12-25 12:00:00",2015,12,25,0.278,6.222,2.5,0,NA,NA,FALSE,FALSE
20151226,"2015-12-26 12:00:00","2015-12-26 12:00:00",2015,12,26,-0.111,11.222,5,0,NA,NA,FALSE,FALSE
20151227,"2015-12-27 12:00:00","2015-12-27 12:00:00",2015,12,27,-2.778,4.611,-0.222,0,NA,NA,FALSE,FALSE
20151228,"2015-12-28 12:00:00","2015-12-28 12:00:00",2015,12,28,-3.111,3.222,0.278,0,NA,NA,FALSE,FALSE
20151229,"2015-12-29 12:00:00","2015-12-29 12:00:00",2015,12,29,-3.111,6.778,1.389,0,NA,NA,FALSE,FALSE
20151230,"2015-12-30 12:00:00","2015-12-30 12:00:00",2015,12,30,-2.5,8.111,4.278,NA,NA,NA,FALSE,FALSE
20151231,"2015-12-31 12:00:00","2015-12-31 12:00:00",2015,12,31,-1.389,7.5,2.778,3.048,NA,NA,FALSE,FALSE
20160101,"2016-01-01 12:00:00","2016-01-01 12:00:00",2016,1,1,-1.5,8.111,3.833,0,NA,NA,FALSE,FALSE
20160102,"2016-01-02 12:00:00","2016-01-02 12:00:00",2016,1,2,1.278,12.722,7.111,0,NA,NA,FALSE,FALSE
20160103,"2016-01-03 12:00:00","2016-01-03 12:00:00",2016,1,3,3.722,13.722,7.611,0,NA,NA,FALSE,FALSE
20160104,"2016-01-04 12:00:00","2016-01-04 12:00:00",2016,1,4,1.722,11.389,5.389,0,NA,NA,FALSE,FALSE
20160105,"2016-01-05 12:00:00","2016-01-05 12:00:00",2016,1,5,-1,5.778,1.778,0,NA,NA,FALSE,FALSE
20160106,"2016-01-06 12:00:00","2016-01-06 12:00:00",2016,1,6,-1,7.5,4.389,0,NA,NA,FALSE,FALSE
20160107,"2016-01-07 12:00:00","2016-01-07 12:00:00",2016,1,7,-0.111,5.222,1.778,NA,NA,NA,FALSE,FALSE
20160108,"2016-01-08 12:00:00","2016-01-08 12:00:00",2016,1,8,-0.222,4.778,1.278,0.254,NA,NA,FALSE,FALSE
20160109,"2016-01-09 12:00:00","2016-01-09 12:00:00",2016,1,9,-0.278,7.722,2.833,0,NA,NA,FALSE,FALSE
20160110,"2016-01-10 12:00:00","2016-01-10 12:00:00",2016,1,10,-0.111,8.5,3.556,0,NA,NA,FALSE,FALSE
20160111,"2016-01-11 12:00:00","2016-01-11 12:00:00",2016,1,11,-3.611,5.278,0.5,0,NA,NA,FALSE,FALSE
20160112,"2016-01-12 12:00:00","2016-01-12 12:00:00",2016,1,12,-4.222,4.111,0.222,NA,NA,NA,FALSE,FALSE
20160113,"2016-01-13 12:00:00","2016-01-13 12:00:00",2016,1,13,-1.278,4.5,1.333,2.032,NA,NA,FALSE,FALSE
20160114,"2016-01-14 12:00:00","2016-01-14 12:00:00",2016,1,14,-2,5.778,0.944,0.508,NA,NA,FALSE,FALSE
20160115,"2016-01-15 12:00:00","2016-01-15 12:00:00",2016,1,15,-2.222,8.389,3.333,0,NA,NA,FALSE,FALSE
20160116,"2016-01-16 12:00:00","2016-01-16 12:00:00",2016,1,16,0.611,10,4.889,0,NA,NA,FALSE,FALSE
20160117,"2016-01-17 12:00:00","2016-01-17 12:00:00",2016,1,17,2.222,6.611,3.722,6.096,NA,NA,FALSE,FALSE
20160118,"2016-01-18 12:00:00","2016-01-18 12:00:00",2016,1,18,-5.778,3.222,-2.833,2.032,NA,NA,FALSE,FALSE
20160119,"2016-01-19 12:00:00","2016-01-19 12:00:00",2016,1,19,-6.222,-2,-4.667,7.112,NA,NA,FALSE,FALSE
20160120,"2016-01-20 12:00:00","2016-01-20 12:00:00",2016,1,20,-6.778,-0.778,-4.278,0,NA,NA,FALSE,FALSE
20160121,"2016-01-21 12:00:00","2016-01-21 12:00:00",2016,1,21,-6.222,0.778,-3.222,0,NA,NA,FALSE,FALSE
20160122,"2016-01-22 12:00:00","2016-01-22 12:00:00",2016,1,22,-6.5,1.111,-2.444,0,NA,NA,FALSE,FALSE
20160123,"2016-01-23 12:00:00","2016-01-23 12:00:00",2016,1,23,-9.278,-3.222,-6.889,2.032,NA,NA,FALSE,FALSE
20160124,"2016-01-24 12:00:00","2016-01-24 12:00:00",2016,1,24,-11.722,-8.722,-9.722,7.874,NA,NA,FALSE,FALSE
20160125,"2016-01-25 12:00:00","2016-01-25 12:00:00",2016,1,25,-11.222,-1.5,-3.944,0.508,NA,NA,FALSE,FALSE
20160126,"2016-01-26 12:00:00","2016-01-26 12:00:00",2016,1,26,-3.778,4,0.611,0,NA,NA,FALSE,FALSE
20160127,"2016-01-27 12:00:00","2016-01-27 12:00:00",2016,1,27,-1.389,6.722,2.278,0,NA,NA,FALSE,FALSE
20160128,"2016-01-28 12:00:00","2016-01-28 12:00:00",2016,1,28,0.389,4.778,3.278,7.874,NA,NA,FALSE,FALSE
20160129,"2016-01-29 12:00:00","2016-01-29 12:00:00",2016,1,29,2.222,5.111,3.667,12.954,NA,NA,FALSE,FALSE
20160130,"2016-01-30 12:00:00","2016-01-30 12:00:00",2016,1,30,-0.5,9.778,2.944,0,NA,NA,FALSE,FALSE
20160131,"2016-01-31 12:00:00","2016-01-31 12:00:00",2016,1,31,-2.889,2.222,-0.722,0,NA,NA,FALSE,FALSE
20160201,"2016-02-01 12:00:00","2016-02-01 12:00:00",2016,2,1,-5.222,0.722,-2.833,0,NA,NA,FALSE,FALSE
20160202,"2016-02-02 12:00:00","2016-02-02 12:00:00",2016,2,2,-5.722,2.278,-1.889,0,NA,NA,FALSE,FALSE
20160203,"2016-02-03 12:00:00","2016-02-03 12:00:00",2016,2,3,-5.889,5.722,0.222,0,NA,NA,FALSE,FALSE
20160204,"2016-02-04 12:00:00","2016-02-04 12:00:00",2016,2,4,-3.778,6.5,1.111,0,NA,NA,FALSE,FALSE
20160205,"2016-02-05 12:00:00","2016-02-05 12:00:00",2016,2,5,-2.222,5.722,1.111,NA,NA,NA,FALSE,FALSE
20160206,"2016-02-06 12:00:00","2016-02-06 12:00:00",2016,2,6,-4.5,2.778,-1.056,0,NA,NA,FALSE,FALSE
20160207,"2016-02-07 12:00:00","2016-02-07 12:00:00",2016,2,7,-5.611,5.278,-0.111,0,NA,NA,FALSE,FALSE
20160208,"2016-02-08 12:00:00","2016-02-08 12:00:00",2016,2,8,-3.5,9.222,4.111,0,NA,NA,FALSE,FALSE
20160209,"2016-02-09 12:00:00","2016-02-09 12:00:00",2016,2,9,-2.389,8.611,2.889,0,NA,NA,FALSE,FALSE
20160210,"2016-02-10 12:00:00","2016-02-10 12:00:00",2016,2,10,-2.722,14,6.611,0,NA,NA,FALSE,FALSE
20160211,"2016-02-11 12:00:00","2016-02-11 12:00:00",2016,2,11,4,17.111,12.833,0,NA,NA,FALSE,FALSE
20160212,"2016-02-12 12:00:00","2016-02-12 12:00:00",2016,2,12,11.278,15.611,13.944,23.114,NA,NA,FALSE,FALSE
20160213,"2016-02-13 12:00:00","2016-02-13 12:00:00",2016,2,13,2.722,19.778,11.722,9.652,NA,NA,FALSE,FALSE
20160214,"2016-02-14 12:00:00","2016-02-14 12:00:00",2016,2,14,-3.611,6.5,-1,0.762,NA,NA,FALSE,FALSE
20160215,"2016-02-15 12:00:00","2016-02-15 12:00:00",2016,2,15,-4.222,0.778,-1.778,3.302,NA,NA,FALSE,FALSE
20160216,"2016-02-16 12:00:00","2016-02-16 12:00:00",2016,2,16,-2.722,5.722,2.056,2.032,NA,NA,FALSE,FALSE
20160217,"2016-02-17 12:00:00","2016-02-17 12:00:00",2016,2,17,-1.389,7.222,2.389,0,NA,NA,FALSE,FALSE
20160218,"2016-02-18 12:00:00","2016-02-18 12:00:00",2016,2,18,-1.5,11.611,6.111,0,NA,NA,FALSE,FALSE
20160219,"2016-02-19 12:00:00","2016-02-19 12:00:00",2016,2,19,1.889,11.778,7.167,0,NA,NA,FALSE,FALSE
20160220,"2016-02-20 12:00:00","2016-02-20 12:00:00",2016,2,20,0.111,9.389,3.667,0,NA,NA,FALSE,FALSE
20160221,"2016-02-21 12:00:00","2016-02-21 12:00:00",2016,2,21,-0.278,7.278,2.5,0,NA,NA,FALSE,FALSE
20160222,"2016-02-22 12:00:00","2016-02-22 12:00:00",2016,2,22,0.278,6,4.167,0,NA,NA,FALSE,FALSE
20160223,"2016-02-23 12:00:00","2016-02-23 12:00:00",2016,2,23,-2.222,9.611,2.778,0,NA,NA,FALSE,FALSE
20160224,"2016-02-24 12:00:00","2016-02-24 12:00:00",2016,2,24,-3.222,3.222,-0.889,0,NA,NA,FALSE,FALSE
20160225,"2016-02-25 12:00:00","2016-02-25 12:00:00",2016,2,25,-3.278,7.722,2.056,0,NA,NA,FALSE,FALSE
20160226,"2016-02-26 12:00:00","2016-02-26 12:00:00",2016,2,26,-1.278,7.889,5.444,0.254,NA,NA,FALSE,FALSE
20160227,"2016-02-27 12:00:00","2016-02-27 12:00:00",2016,2,27,4.889,13.722,8.556,0,NA,NA,FALSE,FALSE
20160228,"2016-02-28 12:00:00","2016-02-28 12:00:00",2016,2,28,0.111,14.722,5.389,4.064,NA,NA,FALSE,FALSE
20160229,"2016-02-29 12:00:00","2016-02-29 12:00:00",2016,2,29,-4.111,1.5,-2.222,3.048,NA,NA,FALSE,FALSE
20160301,"2016-03-01 12:00:00","2016-03-01 12:00:00",2016,3,1,-4.278,5.778,0.222,0,NA,NA,FALSE,FALSE
20160302,"2016-03-02 12:00:00","2016-03-02 12:00:00",2016,3,2,-3.222,13.222,5.611,0,NA,NA,FALSE,FALSE
20160303,"2016-03-03 12:00:00","2016-03-03 12:00:00",2016,3,3,1.5,18.278,11.889,NA,NA,NA,FALSE,FALSE
20160304,"2016-03-04 12:00:00","2016-03-04 12:00:00",2016,3,4,10.111,14.5,12.778,18.034,NA,NA,FALSE,FALSE
20160305,"2016-03-05 12:00:00","2016-03-05 12:00:00",2016,3,5,9.111,18,14.167,20.066,NA,NA,FALSE,FALSE
20160306,"2016-03-06 12:00:00","2016-03-06 12:00:00",2016,3,6,7.278,18.5,11.389,2.032,NA,NA,FALSE,FALSE
20160307,"2016-03-07 12:00:00","2016-03-07 12:00:00",2016,3,7,6.889,18.611,12.333,0,NA,NA,FALSE,FALSE
20160308,"2016-03-08 12:00:00","2016-03-08 12:00:00",2016,3,8,1.389,11.389,4.611,2.032,NA,NA,FALSE,FALSE
20160309,"2016-03-09 12:00:00","2016-03-09 12:00:00",2016,3,9,-0.5,8.111,2.5,4.064,NA,NA,FALSE,FALSE
20160310,"2016-03-10 12:00:00","2016-03-10 12:00:00",2016,3,10,-1.389,5.778,1,0,NA,NA,FALSE,FALSE
20160311,"2016-03-11 12:00:00","2016-03-11 12:00:00",2016,3,11,-2.111,6.111,1.333,0,NA,NA,FALSE,FALSE
20160312,"2016-03-12 12:00:00","2016-03-12 12:00:00",2016,3,12,-2.5,10.611,5.333,0,NA,NA,FALSE,FALSE
20160313,"2016-03-13 12:00:00","2016-03-13 12:00:00",2016,3,13,1.722,8.722,4.778,0,NA,NA,FALSE,FALSE
20160314,"2016-03-14 12:00:00","2016-03-14 12:00:00",2016,3,14,-0.278,9.889,4.556,0,NA,NA,FALSE,FALSE
20160315,"2016-03-15 12:00:00","2016-03-15 12:00:00",2016,3,15,-0.5,15.5,8.444,0,NA,NA,FALSE,FALSE
20160316,"2016-03-16 12:00:00","2016-03-16 12:00:00",2016,3,16,4.278,17.389,9.556,0,NA,NA,FALSE,FALSE
20160317,"2016-03-17 12:00:00","2016-03-17 12:00:00",2016,3,17,3.778,19.389,13.611,NA,NA,NA,FALSE,FALSE
20160318,"2016-03-18 12:00:00","2016-03-18 12:00:00",2016,3,18,9.222,14.389,12,9.906,NA,NA,FALSE,FALSE
20160319,"2016-03-19 12:00:00","2016-03-19 12:00:00",2016,3,19,3.722,18.5,10.111,0,NA,NA,FALSE,FALSE
20160320,"2016-03-20 12:00:00","2016-03-20 12:00:00",2016,3,20,3.5,17.722,9.389,0,NA,NA,FALSE,FALSE
20160321,"2016-03-21 12:00:00","2016-03-21 12:00:00",2016,3,21,4.278,18,10.111,0,NA,NA,FALSE,FALSE
20160322,"2016-03-22 12:00:00","2016-03-22 12:00:00",2016,3,22,3.778,18.389,9.833,0,NA,NA,FALSE,FALSE
20160323,"2016-03-23 12:00:00","2016-03-23 12:00:00",2016,3,23,2.54481312952819,12.504596306768,NA,NA,"daily_JEONJU","daily_JEONJU",FALSE,FALSE
20160324,"2016-03-24 12:00:00","2016-03-24 12:00:00",2016,3,24,2.222,14.389,7.111,0,NA,NA,FALSE,FALSE
20160325,"2016-03-25 12:00:00","2016-03-25 12:00:00",2016,3,25,1.611,14.111,6.5,0,NA,NA,FALSE,FALSE
20160326,"2016-03-26 12:00:00","2016-03-26 12:00:00",2016,3,26,1,11.111,5.111,0,NA,NA,FALSE,FALSE
20160327,"2016-03-27 12:00:00","2016-03-27 12:00:00",2016,3,27,1.111,15.278,7.167,0,NA,NA,FALSE,FALSE
20160328,"2016-03-28 12:00:00","2016-03-28 12:00:00",2016,3,28,1,18.778,11.167,0,NA,NA,FALSE,FALSE
20160329,"2016-03-29 12:00:00","2016-03-29 12:00:00",2016,3,29,6.778,16.389,12.611,0,NA,NA,FALSE,FALSE
20160330,"2016-03-30 12:00:00","2016-03-30 12:00:00",2016,3,30,9.111,21.889,15.389,0,NA,NA,FALSE,FALSE
20160331,"2016-03-31 12:00:00","2016-03-31 12:00:00",2016,3,31,8.278,22.278,14.833,0,NA,NA,FALSE,FALSE
20160401,"2016-04-01 12:00:00","2016-04-01 12:00:00",2016,4,1,7.778,25.5,15.944,0,NA,NA,FALSE,FALSE
20160402,"2016-04-02 12:00:00","2016-04-02 12:00:00",2016,4,2,9.278,24.111,17.222,0,NA,NA,FALSE,FALSE
20160403,"2016-04-03 12:00:00","2016-04-03 12:00:00",2016,4,3,11.722,17.722,13.833,2.032,NA,NA,FALSE,FALSE
20160404,"2016-04-04 12:00:00","2016-04-04 12:00:00",2016,4,4,7.389,17.778,12.5,2.032,NA,NA,FALSE,FALSE
20160405,"2016-04-05 12:00:00","2016-04-05 12:00:00",2016,4,5,7.111,21.222,13.167,0,NA,NA,FALSE,FALSE
20160406,"2016-04-06 12:00:00","2016-04-06 12:00:00",2016,4,6,8.611,20,12.667,18.034,NA,NA,FALSE,FALSE
20160407,"2016-04-07 12:00:00","2016-04-07 12:00:00",2016,4,7,9.389,17.278,13.167,26.162,NA,NA,FALSE,FALSE
20160408,"2016-04-08 12:00:00","2016-04-08 12:00:00",2016,4,8,9.278,23.5,15.667,0,NA,NA,FALSE,FALSE
20160409,"2016-04-09 12:00:00","2016-04-09 12:00:00",2016,4,9,10.111,25.222,17.111,0,NA,NA,FALSE,FALSE
20160410,"2016-04-10 12:00:00","2016-04-10 12:00:00",2016,4,10,10.5,25.111,16.944,0,NA,NA,FALSE,FALSE
20160411,"2016-04-11 12:00:00","2016-04-11 12:00:00",2016,4,11,9,22.389,14,0,NA,NA,FALSE,FALSE
20160412,"2016-04-12 12:00:00","2016-04-12 12:00:00",2016,4,12,8.611,22.222,16.778,NA,NA,NA,FALSE,FALSE
20160413,"2016-04-13 12:00:00","2016-04-13 12:00:00",2016,4,13,13.278,20.389,16.278,10.922,NA,NA,FALSE,FALSE
20160414,"2016-04-14 12:00:00","2016-04-14 12:00:00",2016,4,14,7.278,24,15.944,0,NA,NA,FALSE,FALSE
20160415,"2016-04-15 12:00:00","2016-04-15 12:00:00",2016,4,15,7.222,25.222,16.611,0,NA,NA,FALSE,FALSE
20160416,"2016-04-16 12:00:00","2016-04-16 12:00:00",2016,4,16,10.722,18.778,15.667,23.114,NA,NA,FALSE,FALSE
20160417,"2016-04-17 12:00:00","2016-04-17 12:00:00",2016,4,17,9.778,17.111,11.889,12.954,NA,NA,FALSE,FALSE
20160418,"2016-04-18 12:00:00","2016-04-18 12:00:00",2016,4,18,8.722,17.5,13,0,NA,NA,FALSE,FALSE
20160419,"2016-04-19 12:00:00","2016-04-19 12:00:00",2016,4,19,8.5,21.222,14.556,0,NA,NA,FALSE,FALSE
20160420,"2016-04-20 12:00:00","2016-04-20 12:00:00",2016,4,20,9.778,22.389,17.111,NA,NA,NA,FALSE,FALSE
20160421,"2016-04-21 12:00:00","2016-04-21 12:00:00",2016,4,21,12.611,16.778,14.556,26.924,NA,NA,FALSE,FALSE
20160422,"2016-04-22 12:00:00","2016-04-22 12:00:00",2016,4,22,12.611,25.222,18.444,0,NA,NA,FALSE,FALSE
20160423,"2016-04-23 12:00:00","2016-04-23 12:00:00",2016,4,23,11.722,21.111,16.389,0,NA,NA,FALSE,FALSE
20160424,"2016-04-24 12:00:00","2016-04-24 12:00:00",2016,4,24,10.889,24.889,17.167,0,NA,NA,FALSE,FALSE
20160425,"2016-04-25 12:00:00","2016-04-25 12:00:00",2016,4,25,11.222,27.389,18.889,0,NA,NA,FALSE,FALSE
20160426,"2016-04-26 12:00:00","2016-04-26 12:00:00",2016,4,26,11.611,27.222,18.722,5.08,NA,NA,FALSE,FALSE
20160427,"2016-04-27 12:00:00","2016-04-27 12:00:00",2016,4,27,11.889,16.111,12.833,50.038,NA,NA,FALSE,FALSE
20160428,"2016-04-28 12:00:00","2016-04-28 12:00:00",2016,4,28,10.389,20.5,14.056,9.398,NA,NA,FALSE,FALSE
20160429,"2016-04-29 12:00:00","2016-04-29 12:00:00",2016,4,29,9.889,23,15.5,0,NA,NA,FALSE,FALSE
20160430,"2016-04-30 12:00:00","2016-04-30 12:00:00",2016,4,30,9.778,25.222,17.5,0,NA,NA,FALSE,FALSE
20160501,"2016-05-01 12:00:00","2016-05-01 12:00:00",2016,5,1,11.278,27.389,19.944,0,NA,NA,FALSE,FALSE
20160502,"2016-05-02 12:00:00","2016-05-02 12:00:00",2016,5,2,14.722,25.222,20.111,7.112,NA,NA,FALSE,FALSE
20160503,"2016-05-03 12:00:00","2016-05-03 12:00:00",2016,5,3,11.222,19.722,13.667,29.972,NA,NA,FALSE,FALSE
20160504,"2016-05-04 12:00:00","2016-05-04 12:00:00",2016,5,4,10.778,22.611,16.556,0,NA,NA,FALSE,FALSE
20160505,"2016-05-05 12:00:00","2016-05-05 12:00:00",2016,5,5,10.389,26.889,20.333,0,NA,NA,FALSE,FALSE
20160506,"2016-05-06 12:00:00","2016-05-06 12:00:00",2016,5,6,11.889,25.222,18.389,0,NA,NA,FALSE,FALSE
20160507,"2016-05-07 12:00:00","2016-05-07 12:00:00",2016,5,7,10.889,23.278,17.111,0,NA,NA,FALSE,FALSE
20160508,"2016-05-08 12:00:00","2016-05-08 12:00:00",2016,5,8,10.889,25.389,20.333,0,NA,NA,FALSE,FALSE
20160509,"2016-05-09 12:00:00","2016-05-09 12:00:00",2016,5,9,15,19.389,16.611,0,NA,NA,FALSE,FALSE
20160510,"2016-05-10 12:00:00","2016-05-10 12:00:00",2016,5,10,13.222,16.111,14.056,24.892,NA,NA,FALSE,FALSE
20160511,"2016-05-11 12:00:00","2016-05-11 12:00:00",2016,5,11,12.611,24,17.111,0.254,NA,NA,FALSE,FALSE
20160512,"2016-05-12 12:00:00","2016-05-12 12:00:00",2016,5,12,12.611,26.222,19.444,0,NA,NA,FALSE,FALSE
20160513,"2016-05-13 12:00:00","2016-05-13 12:00:00",2016,5,13,14.222,23.278,18.222,0,NA,NA,FALSE,FALSE
20160514,"2016-05-14 12:00:00","2016-05-14 12:00:00",2016,5,14,14,26.389,20.389,0,NA,NA,FALSE,FALSE
20160515,"2016-05-15 12:00:00","2016-05-15 12:00:00",2016,5,15,10.222,25,17.889,7.874,NA,NA,FALSE,FALSE
20160516,"2016-05-16 12:00:00","2016-05-16 12:00:00",2016,5,16,10,21.889,15.778,9.906,NA,NA,FALSE,FALSE
20160517,"2016-05-17 12:00:00","2016-05-17 12:00:00",2016,5,17,10.5,27.889,20.111,0,NA,NA,FALSE,FALSE
20160518,"2016-05-18 12:00:00","2016-05-18 12:00:00",2016,5,18,13.611,31.111,23.333,0,NA,NA,FALSE,FALSE
20160519,"2016-05-19 12:00:00","2016-05-19 12:00:00",2016,5,19,15.389,29.278,21.667,0,NA,NA,FALSE,FALSE
20160520,"2016-05-20 12:00:00","2016-05-20 12:00:00",2016,5,20,14.778,30,23.333,0,NA,NA,FALSE,FALSE
20160521,"2016-05-21 12:00:00","2016-05-21 12:00:00",2016,5,21,17,30.5,23.722,0,NA,NA,FALSE,FALSE
20160522,"2016-05-22 12:00:00","2016-05-22 12:00:00",2016,5,22,16.889,30.278,23.5,0,NA,NA,FALSE,FALSE
20160523,"2016-05-23 12:00:00","2016-05-23 12:00:00",2016,5,23,16.889,29.5,23.889,NA,NA,NA,FALSE,FALSE
20160524,"2016-05-24 12:00:00","2016-05-24 12:00:00",2016,5,24,14,21.389,17.222,23.114,NA,NA,FALSE,FALSE
20160525,"2016-05-25 12:00:00","2016-05-25 12:00:00",2016,5,25,13.889,26.889,21.056,0,NA,NA,FALSE,FALSE
20160526,"2016-05-26 12:00:00","2016-05-26 12:00:00",2016,5,26,16.889,28.389,22.5,0,NA,NA,FALSE,FALSE
20160527,"2016-05-27 12:00:00","2016-05-27 12:00:00",2016,5,27,18,29.611,23,0,NA,NA,FALSE,FALSE
20160528,"2016-05-28 12:00:00","2016-05-28 12:00:00",2016,5,28,17.389,26.889,21.556,0.508,NA,NA,FALSE,FALSE
20160529,"2016-05-29 12:00:00","2016-05-29 12:00:00",2016,5,29,15.722,26.722,20,2.032,NA,NA,FALSE,FALSE
20160530,"2016-05-30 12:00:00","2016-05-30 12:00:00",2016,5,30,15.278,29.889,22.722,0,NA,NA,FALSE,FALSE
20160531,"2016-05-31 12:00:00","2016-05-31 12:00:00",2016,5,31,16.722,28.611,22.444,0,NA,NA,FALSE,FALSE
20160601,"2016-06-01 12:00:00","2016-06-01 12:00:00",2016,6,1,18.389,28.778,22.389,0,NA,NA,FALSE,FALSE
20160602,"2016-06-02 12:00:00","2016-06-02 12:00:00",2016,6,2,17.111,28.389,21.722,0,NA,NA,FALSE,FALSE
20160603,"2016-06-03 12:00:00","2016-06-03 12:00:00",2016,6,3,16.611,28.611,23.5,0,NA,NA,FALSE,FALSE
20160604,"2016-06-04 12:00:00","2016-06-04 12:00:00",2016,6,4,14.889,22.222,17,18.034,NA,NA,FALSE,FALSE
20160605,"2016-06-05 12:00:00","2016-06-05 12:00:00",2016,6,5,14.722,26.222,22.056,0,NA,NA,FALSE,FALSE
20160606,"2016-06-06 12:00:00","2016-06-06 12:00:00",2016,6,6,18.722,22.389,19.889,0,NA,NA,FALSE,FALSE
20160607,"2016-06-07 12:00:00","2016-06-07 12:00:00",2016,6,7,18.722,25.222,21.611,4.064,NA,NA,FALSE,FALSE
20160608,"2016-06-08 12:00:00","2016-06-08 12:00:00",2016,6,8,19.389,25.389,22.444,0,NA,NA,FALSE,FALSE
20160609,"2016-06-09 12:00:00","2016-06-09 12:00:00",2016,6,9,19.278,29.611,23.5,0,NA,NA,FALSE,FALSE
20160610,"2016-06-10 12:00:00","2016-06-10 12:00:00",2016,6,10,19,29.722,23.833,0,NA,NA,FALSE,FALSE
20160611,"2016-06-11 12:00:00","2016-06-11 12:00:00",2016,6,11,20,29.5,24.889,0,NA,NA,FALSE,FALSE
20160612,"2016-06-12 12:00:00","2016-06-12 12:00:00",2016,6,12,20.778,26.5,23.667,0,NA,NA,FALSE,FALSE
20160613,"2016-06-13 12:00:00","2016-06-13 12:00:00",2016,6,13,19.5,30.389,23.667,0,NA,NA,FALSE,FALSE
20160614,"2016-06-14 12:00:00","2016-06-14 12:00:00",2016,6,14,19.111,29.889,23.889,0,NA,NA,FALSE,FALSE
20160615,"2016-06-15 12:00:00","2016-06-15 12:00:00",2016,6,15,20,25.278,22.222,1.016,NA,NA,FALSE,FALSE
20160616,"2016-06-16 12:00:00","2016-06-16 12:00:00",2016,6,16,17.889,24.611,21.111,1.016,NA,NA,FALSE,FALSE
20160617,"2016-06-17 12:00:00","2016-06-17 12:00:00",2016,6,17,17.722,30.389,24.111,0,NA,NA,FALSE,FALSE
20160618,"2016-06-18 12:00:00","2016-06-18 12:00:00",2016,6,18,19.278,30.278,24.389,0,NA,NA,FALSE,FALSE
20160619,"2016-06-19 12:00:00","2016-06-19 12:00:00",2016,6,19,21.611,31.5,25.944,0.508,NA,NA,FALSE,FALSE
20160620,"2016-06-20 12:00:00","2016-06-20 12:00:00",2016,6,20,21.389,24.389,22.833,19.05,NA,NA,FALSE,FALSE
20160621,"2016-06-21 12:00:00","2016-06-21 12:00:00",2016,6,21,21.778,30.889,25.722,0,NA,NA,FALSE,FALSE
20160622,"2016-06-22 12:00:00","2016-06-22 12:00:00",2016,6,22,21.722,24.889,22.389,11.938,NA,NA,FALSE,FALSE
20160623,"2016-06-23 12:00:00","2016-06-23 12:00:00",2016,6,23,20.778,30.278,25,0,NA,NA,FALSE,FALSE
20160624,"2016-06-24 12:00:00","2016-06-24 12:00:00",2016,6,24,20.111,25.611,22,59.944,NA,NA,FALSE,FALSE
20160625,"2016-06-25 12:00:00","2016-06-25 12:00:00",2016,6,25,19.222,28,23,0,NA,NA,FALSE,FALSE
20160626,"2016-06-26 12:00:00","2016-06-26 12:00:00",2016,6,26,19.222,29.722,24.278,0,NA,NA,FALSE,FALSE
20160627,"2016-06-27 12:00:00","2016-06-27 12:00:00",2016,6,27,19.278,25.722,22.222,0,NA,NA,FALSE,FALSE
20160628,"2016-06-28 12:00:00","2016-06-28 12:00:00",2016,6,28,19.5,26,23.111,0,NA,NA,FALSE,FALSE
20160629,"2016-06-29 12:00:00","2016-06-29 12:00:00",2016,6,29,20.611,25.778,23.444,0,NA,NA,FALSE,FALSE
20160630,"2016-06-30 12:00:00","2016-06-30 12:00:00",2016,6,30,22.278,29.611,25.333,0,NA,NA,FALSE,FALSE
20160701,"2016-07-01 12:00:00","2016-07-01 12:00:00",2016,7,1,22.5,27,24.278,66.04,NA,NA,FALSE,FALSE
20160702,"2016-07-02 12:00:00","2016-07-02 12:00:00",2016,7,2,21.889,25,22.778,49.022,NA,NA,FALSE,FALSE
20160703,"2016-07-03 12:00:00","2016-07-03 12:00:00",2016,7,3,20.5,24.278,22.278,69.596,NA,NA,FALSE,FALSE
20160704,"2016-07-04 12:00:00","2016-07-04 12:00:00",2016,7,4,22.111,28.222,26.222,2.032,NA,NA,FALSE,FALSE
20160705,"2016-07-05 12:00:00","2016-07-05 12:00:00",2016,7,5,24.889,30.889,26.667,18.034,NA,NA,FALSE,FALSE
20160706,"2016-07-06 12:00:00","2016-07-06 12:00:00",2016,7,6,24.5,29.389,26.5,56.896,NA,NA,FALSE,FALSE
20160707,"2016-07-07 12:00:00","2016-07-07 12:00:00",2016,7,7,22.111,31.778,25.889,1.016,NA,NA,FALSE,FALSE
20160708,"2016-07-08 12:00:00","2016-07-08 12:00:00",2016,7,8,21.889,31.5,27.222,0,NA,NA,FALSE,FALSE
20160709,"2016-07-09 12:00:00","2016-07-09 12:00:00",2016,7,9,23.722,33.778,27.667,0,NA,NA,FALSE,FALSE
20160710,"2016-07-10 12:00:00","2016-07-10 12:00:00",2016,7,10,23.389,31.222,27.722,0,NA,NA,FALSE,FALSE
20160711,"2016-07-11 12:00:00","2016-07-11 12:00:00",2016,7,11,23.5,30.111,26.111,1.016,NA,NA,FALSE,FALSE
20160712,"2016-07-12 12:00:00","2016-07-12 12:00:00",2016,7,12,23,27.222,24.444,17.018,NA,NA,FALSE,FALSE
20160713,"2016-07-13 12:00:00","2016-07-13 12:00:00",2016,7,13,23,31.222,26.5,0,NA,NA,FALSE,FALSE
20160714,"2016-07-14 12:00:00","2016-07-14 12:00:00",2016,7,14,22.722,30.222,25.778,0,NA,NA,FALSE,FALSE
20160715,"2016-07-15 12:00:00","2016-07-15 12:00:00",2016,7,15,22.611,30.889,26.056,NA,NA,NA,FALSE,FALSE
20160716,"2016-07-16 12:00:00","2016-07-16 12:00:00",2016,7,16,22.222,25,23.222,19.05,NA,NA,FALSE,FALSE
20160717,"2016-07-17 12:00:00","2016-07-17 12:00:00",2016,7,17,20.611,28.778,24,0,NA,NA,FALSE,FALSE
20160718,"2016-07-18 12:00:00","2016-07-18 12:00:00",2016,7,18,20.111,30,25.667,0,NA,NA,FALSE,FALSE
20160719,"2016-07-19 12:00:00","2016-07-19 12:00:00",2016,7,19,22.111,31.722,27.056,0,NA,NA,FALSE,FALSE
20160720,"2016-07-20 12:00:00","2016-07-20 12:00:00",2016,7,20,22.778,32.722,27.389,0,NA,NA,FALSE,FALSE
20160721,"2016-07-21 12:00:00","2016-07-21 12:00:00",2016,7,21,23,33.111,27.556,0,NA,NA,FALSE,FALSE
20160722,"2016-07-22 12:00:00","2016-07-22 12:00:00",2016,7,22,23.111,32.222,27.111,0,NA,NA,FALSE,FALSE
20160723,"2016-07-23 12:00:00","2016-07-23 12:00:00",2016,7,23,23.111,32.778,28.444,0,NA,NA,FALSE,FALSE
20160724,"2016-07-24 12:00:00","2016-07-24 12:00:00",2016,7,24,25.389,34.222,29.5,0,NA,NA,FALSE,FALSE
20160725,"2016-07-25 12:00:00","2016-07-25 12:00:00",2016,7,25,26,33.889,29.611,0,NA,NA,FALSE,FALSE
20160726,"2016-07-26 12:00:00","2016-07-26 12:00:00",2016,7,26,26,34.278,29.889,0,NA,NA,FALSE,FALSE
20160727,"2016-07-27 12:00:00","2016-07-27 12:00:00",2016,7,27,26.611,32.778,28.889,0,NA,NA,FALSE,FALSE
20160728,"2016-07-28 12:00:00","2016-07-28 12:00:00",2016,7,28,26.5,33.889,29.889,2.032,NA,NA,FALSE,FALSE
20160729,"2016-07-29 12:00:00","2016-07-29 12:00:00",2016,7,29,27.222,35.278,30.333,0,NA,NA,FALSE,FALSE
20160730,"2016-07-30 12:00:00","2016-07-30 12:00:00",2016,7,30,26.389,34.5,30.333,0,NA,NA,FALSE,FALSE
20160731,"2016-07-31 12:00:00","2016-07-31 12:00:00",2016,7,31,25.778,36,30,0,NA,NA,FALSE,FALSE
20160801,"2016-08-01 12:00:00","2016-08-01 12:00:00",2016,8,1,25.611,35.722,30,0,NA,NA,FALSE,FALSE
20160802,"2016-08-02 12:00:00","2016-08-02 12:00:00",2016,8,2,24.111,31.111,27.667,0,NA,NA,FALSE,FALSE
20160803,"2016-08-03 12:00:00","2016-08-03 12:00:00",2016,8,3,24.111,31.889,26.5,7.112,NA,NA,FALSE,FALSE
20160804,"2016-08-04 12:00:00","2016-08-04 12:00:00",2016,8,4,23.778,33.889,29,0,NA,NA,FALSE,FALSE
20160805,"2016-08-05 12:00:00","2016-08-05 12:00:00",2016,8,5,25.111,35.111,29.944,0,NA,NA,FALSE,FALSE
20160806,"2016-08-06 12:00:00","2016-08-06 12:00:00",2016,8,6,26,34.5,29.556,0,NA,NA,FALSE,FALSE
20160807,"2016-08-07 12:00:00","2016-08-07 12:00:00",2016,8,7,24.722,33.111,27.111,6.096,NA,NA,FALSE,FALSE
20160808,"2016-08-08 12:00:00","2016-08-08 12:00:00",2016,8,8,24.222,34.778,28.056,18.034,NA,NA,FALSE,FALSE
20160809,"2016-08-09 12:00:00","2016-08-09 12:00:00",2016,8,9,24.778,32.389,27.611,0.508,NA,NA,FALSE,FALSE
20160810,"2016-08-10 12:00:00","2016-08-10 12:00:00",2016,8,10,25.222,34.5,29.611,0,NA,NA,FALSE,FALSE
20160811,"2016-08-11 12:00:00","2016-08-11 12:00:00",2016,8,11,25.222,36.722,30.778,0,NA,NA,FALSE,FALSE
20160812,"2016-08-12 12:00:00","2016-08-12 12:00:00",2016,8,12,25.778,37.222,30.556,0,NA,NA,FALSE,FALSE
20160813,"2016-08-13 12:00:00","2016-08-13 12:00:00",2016,8,13,25.389,35.722,30.056,0,NA,NA,FALSE,FALSE
20160814,"2016-08-14 12:00:00","2016-08-14 12:00:00",2016,8,14,25.611,34.889,29.833,0,NA,NA,FALSE,FALSE
20160815,"2016-08-15 12:00:00","2016-08-15 12:00:00",2016,8,15,25,32.611,28.333,0.254,NA,NA,FALSE,FALSE
20160816,"2016-08-16 12:00:00","2016-08-16 12:00:00",2016,8,16,25,34.889,28.778,0,NA,NA,FALSE,FALSE
20160817,"2016-08-17 12:00:00","2016-08-17 12:00:00",2016,8,17,24.722,34.111,28.167,5.08,NA,NA,FALSE,FALSE
20160818,"2016-08-18 12:00:00","2016-08-18 12:00:00",2016,8,18,24.111,34.722,29.167,0,NA,NA,FALSE,FALSE
20160819,"2016-08-19 12:00:00","2016-08-19 12:00:00",2016,8,19,25.111,34.778,29.833,0,NA,NA,FALSE,FALSE
20160820,"2016-08-20 12:00:00","2016-08-20 12:00:00",2016,8,20,26,35.889,29.778,0.508,NA,NA,FALSE,FALSE
20160821,"2016-08-21 12:00:00","2016-08-21 12:00:00",2016,8,21,25.722,35.889,29.889,0,NA,NA,FALSE,FALSE
20160822,"2016-08-22 12:00:00","2016-08-22 12:00:00",2016,8,22,25.722,35.722,29.833,0,NA,NA,FALSE,FALSE
20160823,"2016-08-23 12:00:00","2016-08-23 12:00:00",2016,8,23,24.611,34.111,27.5,10.922,NA,NA,FALSE,FALSE
20160824,"2016-08-24 12:00:00","2016-08-24 12:00:00",2016,8,24,24.278,34.889,29.167,0,NA,NA,FALSE,FALSE
20160825,"2016-08-25 12:00:00","2016-08-25 12:00:00",2016,8,25,24.222,35,28.889,0,NA,NA,FALSE,FALSE
20160826,"2016-08-26 12:00:00","2016-08-26 12:00:00",2016,8,26,18.889,28.5,22.278,19.558,NA,NA,FALSE,FALSE
20160827,"2016-08-27 12:00:00","2016-08-27 12:00:00",2016,8,27,17.111,26.222,21.778,6.096,NA,NA,FALSE,FALSE
20160828,"2016-08-28 12:00:00","2016-08-28 12:00:00",2016,8,28,16.722,25.5,20.444,6.096,NA,NA,FALSE,FALSE
20160829,"2016-08-29 12:00:00","2016-08-29 12:00:00",2016,8,29,16.611,27.111,22.5,0,NA,NA,FALSE,FALSE
20160830,"2016-08-30 12:00:00","2016-08-30 12:00:00",2016,8,30,19.222,26.111,23,0.762,NA,NA,FALSE,FALSE
20160831,"2016-08-31 12:00:00","2016-08-31 12:00:00",2016,8,31,20.5,28.5,25,0,NA,NA,FALSE,FALSE
20160901,"2016-09-01 12:00:00","2016-09-01 12:00:00",2016,9,1,19.722,32.222,25.833,0,NA,NA,FALSE,FALSE
20160902,"2016-09-02 12:00:00","2016-09-02 12:00:00",2016,9,2,19.722,24.778,21.778,2.286,NA,NA,FALSE,FALSE
20160903,"2016-09-03 12:00:00","2016-09-03 12:00:00",2016,9,3,20.722,31.722,26.5,0,NA,NA,FALSE,FALSE
20160904,"2016-09-04 12:00:00","2016-09-04 12:00:00",2016,9,4,23.222,33,26.778,4.064,NA,NA,FALSE,FALSE
20160905,"2016-09-05 12:00:00","2016-09-05 12:00:00",2016,9,5,21.389,30.722,25.833,0.254,NA,NA,FALSE,FALSE
20160906,"2016-09-06 12:00:00","2016-09-06 12:00:00",2016,9,6,21,27.611,24.333,0,NA,NA,FALSE,FALSE
20160907,"2016-09-07 12:00:00","2016-09-07 12:00:00",2016,9,7,18.778,26.222,22.722,0,NA,NA,FALSE,FALSE
20160908,"2016-09-08 12:00:00","2016-09-08 12:00:00",2016,9,8,18.778,29.722,24.444,0,NA,NA,FALSE,FALSE
20160909,"2016-09-09 12:00:00","2016-09-09 12:00:00",2016,9,9,19.278,30.222,23.667,0,NA,NA,FALSE,FALSE
20160910,"2016-09-10 12:00:00","2016-09-10 12:00:00",2016,9,10,19,31.111,23,33.02,NA,NA,FALSE,FALSE
20160911,"2016-09-11 12:00:00","2016-09-11 12:00:00",2016,9,11,19,26.889,23.333,0,NA,NA,FALSE,FALSE
20160912,"2016-09-12 12:00:00","2016-09-12 12:00:00",2016,9,12,19.722,27.889,23,5.08,NA,NA,FALSE,FALSE
20160913,"2016-09-13 12:00:00","2016-09-13 12:00:00",2016,9,13,19.278,30.5,25.389,0,NA,NA,FALSE,FALSE
20160914,"2016-09-14 12:00:00","2016-09-14 12:00:00",2016,9,14,20.5,28.611,23.889,0,NA,NA,FALSE,FALSE
20160915,"2016-09-15 12:00:00","2016-09-15 12:00:00",2016,9,15,20.278,30,24.944,NA,NA,NA,FALSE,FALSE
20160916,"2016-09-16 12:00:00","2016-09-16 12:00:00",2016,9,16,19.222,23.611,20.889,9.906,NA,NA,FALSE,FALSE
20160917,"2016-09-17 12:00:00","2016-09-17 12:00:00",2016,9,17,18.778,23.611,20.778,132.08,NA,NA,FALSE,FALSE
20160918,"2016-09-18 12:00:00","2016-09-18 12:00:00",2016,9,18,18.222,22.722,19.778,11.938,NA,NA,FALSE,FALSE
20160919,"2016-09-19 12:00:00","2016-09-19 12:00:00",2016,9,19,17.111,26.222,21.056,0,NA,NA,FALSE,FALSE
20160920,"2016-09-20 12:00:00","2016-09-20 12:00:00",2016,9,20,15.889,26.611,20.889,0,NA,NA,FALSE,FALSE
20160921,"2016-09-21 12:00:00","2016-09-21 12:00:00",2016,9,21,15.611,25.111,20.889,0,NA,NA,FALSE,FALSE
20160922,"2016-09-22 12:00:00","2016-09-22 12:00:00",2016,9,22,17.5,27.5,21.333,0,NA,NA,FALSE,FALSE
20160923,"2016-09-23 12:00:00","2016-09-23 12:00:00",2016,9,23,17.222,27.778,21.833,0,NA,NA,FALSE,FALSE
20160924,"2016-09-24 12:00:00","2016-09-24 12:00:00",2016,9,24,17.389,27.778,22.889,0,NA,NA,FALSE,FALSE
20160925,"2016-09-25 12:00:00","2016-09-25 12:00:00",2016,9,25,18.722,27.889,23.5,0,NA,NA,FALSE,FALSE
20160926,"2016-09-26 12:00:00","2016-09-26 12:00:00",2016,9,26,21,28.611,23.889,2.032,NA,NA,FALSE,FALSE
20160927,"2016-09-27 12:00:00","2016-09-27 12:00:00",2016,9,27,21.5,31.5,25.833,1.27,NA,NA,FALSE,FALSE
20160928,"2016-09-28 12:00:00","2016-09-28 12:00:00",2016,9,28,20.278,24.222,21.389,8.89,NA,NA,FALSE,FALSE
20160929,"2016-09-29 12:00:00","2016-09-29 12:00:00",2016,9,29,17.222,23.889,20.556,0.508,NA,NA,FALSE,FALSE
20160930,"2016-09-30 12:00:00","2016-09-30 12:00:00",2016,9,30,16.889,19.778,18.667,40.894,NA,NA,FALSE,FALSE
20161001,"2016-10-01 12:00:00","2016-10-01 12:00:00",2016,10,1,18.222,23.278,20.889,9.906,NA,NA,FALSE,FALSE
20161002,"2016-10-02 12:00:00","2016-10-02 12:00:00",2016,10,2,20.278,26.778,24.389,9.906,NA,NA,FALSE,FALSE
20161003,"2016-10-03 12:00:00","2016-10-03 12:00:00",2016,10,3,19.222,27.278,23,1.27,NA,NA,FALSE,FALSE
20161004,"2016-10-04 12:00:00","2016-10-04 12:00:00",2016,10,4,18.5,29.222,23.278,0,NA,NA,FALSE,FALSE
20161005,"2016-10-05 12:00:00","2016-10-05 12:00:00",2016,10,5,16.389,25.111,20.556,71.12,NA,NA,FALSE,FALSE
20161006,"2016-10-06 12:00:00","2016-10-06 12:00:00",2016,10,6,15.889,25.889,19.944,0,NA,NA,FALSE,FALSE
20161007,"2016-10-07 12:00:00","2016-10-07 12:00:00",2016,10,7,15.722,22,18.611,9.906,NA,NA,FALSE,FALSE
20161008,"2016-10-08 12:00:00","2016-10-08 12:00:00",2016,10,8,11.5,20.278,16.667,33.02,NA,NA,FALSE,FALSE
20161009,"2016-10-09 12:00:00","2016-10-09 12:00:00",2016,10,9,10.722,18.389,13.389,0,NA,NA,FALSE,FALSE
20161010,"2016-10-10 12:00:00","2016-10-10 12:00:00",2016,10,10,10.111,19.5,15.389,0,NA,NA,FALSE,FALSE
20161011,"2016-10-11 12:00:00","2016-10-11 12:00:00",2016,10,11,12.611,20.611,15.889,0,NA,NA,FALSE,FALSE
20161012,"2016-10-12 12:00:00","2016-10-12 12:00:00",2016,10,12,12.5,23.111,16.722,0,NA,NA,FALSE,FALSE
20161013,"2016-10-13 12:00:00","2016-10-13 12:00:00",2016,10,13,11.278,19.389,15.5,0,NA,NA,FALSE,FALSE
20161014,"2016-10-14 12:00:00","2016-10-14 12:00:00",2016,10,14,10.889,25.389,17.833,0,NA,NA,FALSE,FALSE
20161015,"2016-10-15 12:00:00","2016-10-15 12:00:00",2016,10,15,12.5,24.889,19.5,NA,NA,NA,FALSE,FALSE
20161016,"2016-10-16 12:00:00","2016-10-16 12:00:00",2016,10,16,14.722,17.778,16.5,59.944,NA,NA,FALSE,FALSE
20161017,"2016-10-17 12:00:00","2016-10-17 12:00:00",2016,10,17,14.111,23.111,18.056,0.762,NA,NA,FALSE,FALSE
20161018,"2016-10-18 12:00:00","2016-10-18 12:00:00",2016,10,18,13.611,23.889,18.333,0,NA,NA,FALSE,FALSE
20161019,"2016-10-19 12:00:00","2016-10-19 12:00:00",2016,10,19,12.889,24,18,0,NA,NA,FALSE,FALSE
20161020,"2016-10-20 12:00:00","2016-10-20 12:00:00",2016,10,20,12.722,21.5,18.333,0,NA,NA,FALSE,FALSE
20161021,"2016-10-21 12:00:00","2016-10-21 12:00:00",2016,10,21,15.222,19.611,17.389,0,NA,NA,FALSE,FALSE
20161022,"2016-10-22 12:00:00","2016-10-22 12:00:00",2016,10,22,14.889,22.389,18.722,0,NA,NA,FALSE,FALSE
20161023,"2016-10-23 12:00:00","2016-10-23 12:00:00",2016,10,23,12.5,21.111,15.722,0,NA,NA,FALSE,FALSE
20161024,"2016-10-24 12:00:00","2016-10-24 12:00:00",2016,10,24,12.389,19.722,17,3.048,NA,NA,FALSE,FALSE
20161025,"2016-10-25 12:00:00","2016-10-25 12:00:00",2016,10,25,11.389,20.111,15.389,7.112,NA,NA,FALSE,FALSE
20161026,"2016-10-26 12:00:00","2016-10-26 12:00:00",2016,10,26,10.5,19.722,15.556,0,NA,NA,FALSE,FALSE
20161027,"2016-10-27 12:00:00","2016-10-27 12:00:00",2016,10,27,11.278,19.222,16.167,0,NA,NA,FALSE,FALSE
20161028,"2016-10-28 12:00:00","2016-10-28 12:00:00",2016,10,28,11.278,17.111,13.944,9.906,NA,NA,FALSE,FALSE
20161029,"2016-10-29 12:00:00","2016-10-29 12:00:00",2016,10,29,6.389,14.611,9.889,0,NA,NA,FALSE,FALSE
20161030,"2016-10-30 12:00:00","2016-10-30 12:00:00",2016,10,30,5.889,16.889,10.444,0,NA,NA,FALSE,FALSE
20161031,"2016-10-31 12:00:00","2016-10-31 12:00:00",2016,10,31,5.611,13.111,9.444,0,NA,NA,FALSE,FALSE
20161101,"2016-11-01 12:00:00","2016-11-01 12:00:00",2016,11,1,2.611,10.111,5.667,0,NA,NA,FALSE,FALSE
20161102,"2016-11-02 12:00:00","2016-11-02 12:00:00",2016,11,2,2.278,12.722,8.111,NA,NA,NA,FALSE,FALSE
20161103,"2016-11-03 12:00:00","2016-11-03 12:00:00",2016,11,3,4.389,16.389,9.944,0,NA,NA,FALSE,FALSE
20161104,"2016-11-04 12:00:00","2016-11-04 12:00:00",2016,11,4,5,18,12.5,0,NA,NA,FALSE,FALSE
20161105,"2016-11-05 12:00:00","2016-11-05 12:00:00",2016,11,5,8.889,21.222,14.333,0,NA,NA,FALSE,FALSE
20161106,"2016-11-06 12:00:00","2016-11-06 12:00:00",2016,11,6,8.722,21.889,14.333,0,NA,NA,FALSE,FALSE
20161107,"2016-11-07 12:00:00","2016-11-07 12:00:00",2016,11,7,9.778,20.611,15.056,NA,NA,NA,FALSE,FALSE
20161108,"2016-11-08 12:00:00","2016-11-08 12:00:00",2016,11,8,1.222,14.722,6.944,2.032,NA,NA,FALSE,FALSE
20161109,"2016-11-09 12:00:00","2016-11-09 12:00:00",2016,11,9,0.5,11.5,6.889,0,NA,NA,FALSE,FALSE
20161110,"2016-11-10 12:00:00","2016-11-10 12:00:00",2016,11,10,5.611,12.778,8.778,5.08,NA,NA,FALSE,FALSE
20161111,"2016-11-11 12:00:00","2016-11-11 12:00:00",2016,11,11,5.5,16.389,9.944,0.762,NA,NA,FALSE,FALSE
20161112,"2016-11-12 12:00:00","2016-11-12 12:00:00",2016,11,12,4.889,21.222,13.5,0,NA,NA,FALSE,FALSE
20161113,"2016-11-13 12:00:00","2016-11-13 12:00:00",2016,11,13,10,20,15.778,1.016,NA,NA,FALSE,FALSE
20161114,"2016-11-14 12:00:00","2016-11-14 12:00:00",2016,11,14,11.278,17.278,15.389,4.064,NA,NA,FALSE,FALSE
20161115,"2016-11-15 12:00:00","2016-11-15 12:00:00",2016,11,15,3,15.389,8.444,0,NA,NA,FALSE,FALSE
20161116,"2016-11-16 12:00:00","2016-11-16 12:00:00",2016,11,16,2.5,16.778,10.611,0,NA,NA,FALSE,FALSE
20161117,"2016-11-17 12:00:00","2016-11-17 12:00:00",2016,11,17,8.111,20,13.389,0,NA,NA,FALSE,FALSE
20161118,"2016-11-18 12:00:00","2016-11-18 12:00:00",2016,11,18,7.778,15.611,13.056,6.096,NA,NA,FALSE,FALSE
20161119,"2016-11-19 12:00:00","2016-11-19 12:00:00",2016,11,19,12.5,16.389,14.889,2.286,NA,NA,FALSE,FALSE
20161120,"2016-11-20 12:00:00","2016-11-20 12:00:00",2016,11,20,10.278,18.611,13.333,0,NA,NA,FALSE,FALSE
20161121,"2016-11-21 12:00:00","2016-11-21 12:00:00",2016,11,21,9.778,17.278,13.778,0,NA,NA,FALSE,FALSE
20161122,"2016-11-22 12:00:00","2016-11-22 12:00:00",2016,11,22,1.222,13.222,5.278,0,NA,NA,FALSE,FALSE
20161123,"2016-11-23 12:00:00","2016-11-23 12:00:00",2016,11,23,0,6.611,3.556,0,NA,NA,FALSE,FALSE
20161124,"2016-11-24 12:00:00","2016-11-24 12:00:00",2016,11,24,-0.5,6,3,0,NA,NA,FALSE,FALSE
20161125,"2016-11-25 12:00:00","2016-11-25 12:00:00",2016,11,25,0.889,9.222,4.722,0,NA,NA,FALSE,FALSE
20161126,"2016-11-26 12:00:00","2016-11-26 12:00:00",2016,11,26,1,5.722,3.611,4.826,NA,NA,FALSE,FALSE
20161127,"2016-11-27 12:00:00","2016-11-27 12:00:00",2016,11,27,1.5,10.222,6.944,4.826,NA,NA,FALSE,FALSE
20161128,"2016-11-28 12:00:00","2016-11-28 12:00:00",2016,11,28,1.222,9.222,4.722,0,NA,NA,FALSE,FALSE
20161129,"2016-11-29 12:00:00","2016-11-29 12:00:00",2016,11,29,0.889,11.5,5.778,0,NA,NA,FALSE,FALSE
20161130,"2016-11-30 12:00:00","2016-11-30 12:00:00",2016,11,30,2.611,8.5,6.5,5.08,NA,NA,FALSE,FALSE
20161201,"2016-12-01 12:00:00","2016-12-01 12:00:00",2016,12,1,0.222,11.222,5.778,5.588,NA,NA,FALSE,FALSE
20161202,"2016-12-02 12:00:00","2016-12-02 12:00:00",2016,12,2,-0.722,10.111,4.278,0,NA,NA,FALSE,FALSE
20161203,"2016-12-03 12:00:00","2016-12-03 12:00:00",2016,12,3,-1.111,10.722,5.889,0,NA,NA,FALSE,FALSE
20161204,"2016-12-04 12:00:00","2016-12-04 12:00:00",2016,12,4,3.111,9.611,7.278,NA,NA,NA,FALSE,FALSE
20161205,"2016-12-05 12:00:00","2016-12-05 12:00:00",2016,12,5,3.222,14.722,8.778,0,NA,NA,FALSE,FALSE
20161206,"2016-12-06 12:00:00","2016-12-06 12:00:00",2016,12,6,-1.222,7.222,2.5,0,NA,NA,FALSE,FALSE
20161207,"2016-12-07 12:00:00","2016-12-07 12:00:00",2016,12,7,-1.722,5.5,2.778,NA,NA,NA,FALSE,FALSE
20161208,"2016-12-08 12:00:00","2016-12-08 12:00:00",2016,12,8,-0.889,10.5,7.5,0,NA,NA,FALSE,FALSE
20161209,"2016-12-09 12:00:00","2016-12-09 12:00:00",2016,12,9,-0.5,9,4,1.524,NA,NA,FALSE,FALSE
20161210,"2016-12-10 12:00:00","2016-12-10 12:00:00",2016,12,10,-1.5,8.722,2.389,0,NA,NA,FALSE,FALSE
20161211,"2016-12-11 12:00:00","2016-12-11 12:00:00",2016,12,11,-2.222,9.611,4.111,0,NA,NA,FALSE,FALSE
20161212,"2016-12-12 12:00:00","2016-12-12 12:00:00",2016,12,12,1.722,11.722,7.889,0.254,NA,NA,FALSE,FALSE
20161213,"2016-12-13 12:00:00","2016-12-13 12:00:00",2016,12,13,3,10,6.333,0.254,NA,NA,FALSE,FALSE
20161214,"2016-12-14 12:00:00","2016-12-14 12:00:00",2016,12,14,-0.5,4.222,1.944,0,NA,NA,FALSE,FALSE
20161215,"2016-12-15 12:00:00","2016-12-15 12:00:00",2016,12,15,-3,1.611,-0.111,20.066,NA,NA,FALSE,FALSE
20161216,"2016-12-16 12:00:00","2016-12-16 12:00:00",2016,12,16,-3.278,3.5,1.111,1.524,NA,NA,FALSE,FALSE
20161217,"2016-12-17 12:00:00","2016-12-17 12:00:00",2016,12,17,0,10.722,4.611,0,NA,NA,FALSE,FALSE
20161218,"2016-12-18 12:00:00","2016-12-18 12:00:00",2016,12,18,0,11.611,8,0,NA,NA,FALSE,FALSE
20161219,"2016-12-19 12:00:00","2016-12-19 12:00:00",2016,12,19,6.778,13.222,10.778,6.604,NA,NA,FALSE,FALSE
20161220,"2016-12-20 12:00:00","2016-12-20 12:00:00",2016,12,20,7.5,15,9.944,2.032,NA,NA,FALSE,FALSE
20161221,"2016-12-21 12:00:00","2016-12-21 12:00:00",2016,12,21,7.111,16.722,14,0,NA,NA,FALSE,FALSE
20161222,"2016-12-22 12:00:00","2016-12-22 12:00:00",2016,12,22,3.222,9.222,6.333,19.558,NA,NA,FALSE,FALSE
20161223,"2016-12-23 12:00:00","2016-12-23 12:00:00",2016,12,23,1.111,3,2.222,0.254,NA,NA,FALSE,FALSE
20161224,"2016-12-24 12:00:00","2016-12-24 12:00:00",2016,12,24,-1,5.222,1.722,0.762,NA,NA,FALSE,FALSE
20161225,"2016-12-25 12:00:00","2016-12-25 12:00:00",2016,12,25,-1.5,10.722,6.611,0,NA,NA,FALSE,FALSE
20161226,"2016-12-26 12:00:00","2016-12-26 12:00:00",2016,12,26,4.111,7.5,5.556,3.302,NA,NA,FALSE,FALSE
20161227,"2016-12-27 12:00:00","2016-12-27 12:00:00",2016,12,27,-4,3.722,0.389,8.382,NA,NA,FALSE,FALSE
20161228,"2016-12-28 12:00:00","2016-12-28 12:00:00",2016,12,28,-4.611,5.5,0.5,0,NA,NA,FALSE,FALSE
20161229,"2016-12-29 12:00:00","2016-12-29 12:00:00",2016,12,29,-3.389,1.722,-0.944,0.254,NA,NA,FALSE,FALSE
20161230,"2016-12-30 12:00:00","2016-12-30 12:00:00",2016,12,30,-3.722,5.5,0.5,0,NA,NA,FALSE,FALSE
20161231,"2016-12-31 12:00:00","2016-12-31 12:00:00",2016,12,31,-2.778,5.722,2.5,0,NA,NA,FALSE,FALSE
20170101,"2017-01-01 12:00:00","2017-01-01 12:00:00",2017,1,1,-0.611,10.5,5.333,NA,NA,NA,FALSE,FALSE
20170102,"2017-01-02 12:00:00","2017-01-02 12:00:00",2017,1,2,2.722,11.722,7.278,0,NA,NA,FALSE,FALSE
20170103,"2017-01-03 12:00:00","2017-01-03 12:00:00",2017,1,3,0.611,10.722,4.889,0,NA,NA,FALSE,FALSE
20170104,"2017-01-04 12:00:00","2017-01-04 12:00:00",2017,1,4,-0.5,11.611,5.611,0,NA,NA,FALSE,FALSE
20170105,"2017-01-05 12:00:00","2017-01-05 12:00:00",2017,1,5,2.722,10.222,7.5,NA,NA,NA,FALSE,FALSE
20170106,"2017-01-06 12:00:00","2017-01-06 12:00:00",2017,1,6,2.722,12.722,7.5,0,NA,NA,FALSE,FALSE
20170107,"2017-01-07 12:00:00","2017-01-07 12:00:00",2017,1,7,1.889,9.722,7.222,NA,NA,NA,FALSE,FALSE
20170108,"2017-01-08 12:00:00","2017-01-08 12:00:00",2017,1,8,5.222,14,8.611,1.27,NA,NA,FALSE,FALSE
20170109,"2017-01-09 12:00:00","2017-01-09 12:00:00",2017,1,9,1.5,8,4.111,0,NA,NA,FALSE,FALSE
20170110,"2017-01-10 12:00:00","2017-01-10 12:00:00",2017,1,10,-3,5.722,1.833,0,NA,NA,FALSE,FALSE
20170111,"2017-01-11 12:00:00","2017-01-11 12:00:00",2017,1,11,-3.5,3.5,0.444,0,NA,NA,FALSE,FALSE
20170112,"2017-01-12 12:00:00","2017-01-12 12:00:00",2017,1,12,-2,7,2.111,0,NA,NA,FALSE,FALSE
20170113,"2017-01-13 12:00:00","2017-01-13 12:00:00",2017,1,13,-2.722,3.111,-0.444,0,NA,NA,FALSE,FALSE
20170114,"2017-01-14 12:00:00","2017-01-14 12:00:00",2017,1,14,-7.389,-1.389,-3.944,0.508,NA,NA,FALSE,FALSE
20170115,"2017-01-15 12:00:00","2017-01-15 12:00:00",2017,1,15,-7.889,2,-2.278,0,NA,NA,FALSE,FALSE
20170116,"2017-01-16 12:00:00","2017-01-16 12:00:00",2017,1,16,-4.889,4.611,-0.5,0,NA,NA,FALSE,FALSE
20170117,"2017-01-17 12:00:00","2017-01-17 12:00:00",2017,1,17,-4.222,4.722,0.778,0,NA,NA,FALSE,FALSE
20170118,"2017-01-18 12:00:00","2017-01-18 12:00:00",2017,1,18,-1.889,7.222,2.278,0,NA,NA,FALSE,FALSE
20170119,"2017-01-19 12:00:00","2017-01-19 12:00:00",2017,1,19,-1.278,8,2.5,NA,NA,NA,FALSE,FALSE
20170120,"2017-01-20 12:00:00","2017-01-20 12:00:00",2017,1,20,-3.222,0.222,-1.111,1.27,NA,NA,FALSE,FALSE
20170121,"2017-01-21 12:00:00","2017-01-21 12:00:00",2017,1,21,-3.5,1.222,0.111,1.27,NA,NA,FALSE,FALSE
20170122,"2017-01-22 12:00:00","2017-01-22 12:00:00",2017,1,22,-6.722,0.5,-3.111,1.524,NA,NA,FALSE,FALSE
20170123,"2017-01-23 12:00:00","2017-01-23 12:00:00",2017,1,23,-7.278,-0.222,-3.278,0.508,NA,NA,FALSE,FALSE
20170124,"2017-01-24 12:00:00","2017-01-24 12:00:00",2017,1,24,-5.889,2.5,-1.722,0,NA,NA,FALSE,FALSE
20170125,"2017-01-25 12:00:00","2017-01-25 12:00:00",2017,1,25,-5.5,2.722,-1.333,0,NA,NA,FALSE,FALSE
20170126,"2017-01-26 12:00:00","2017-01-26 12:00:00",2017,1,26,-6,7,2.667,NA,NA,NA,FALSE,FALSE
20170127,"2017-01-27 12:00:00","2017-01-27 12:00:00",2017,1,27,-3.722,5.111,0.444,0.508,NA,NA,FALSE,FALSE
20170128,"2017-01-28 12:00:00","2017-01-28 12:00:00",2017,1,28,-4.389,10.222,5.333,0,NA,NA,FALSE,FALSE
20170129,"2017-01-29 12:00:00","2017-01-29 12:00:00",2017,1,29,1.722,6.722,4.667,0,NA,NA,FALSE,FALSE
20170130,"2017-01-30 12:00:00","2017-01-30 12:00:00",2017,1,30,-5.5,1.111,-2.111,4.826,NA,NA,FALSE,FALSE
20170131,"2017-01-31 12:00:00","2017-01-31 12:00:00",2017,1,31,-6.111,4.222,-0.611,0,NA,NA,FALSE,FALSE
20170201,"2017-02-01 12:00:00","2017-02-01 12:00:00",2017,2,1,-4.5,4.722,-0.556,0,NA,NA,FALSE,FALSE
20170202,"2017-02-02 12:00:00","2017-02-02 12:00:00",2017,2,2,-5.278,6.722,0.5,0,NA,NA,FALSE,FALSE
20170203,"2017-02-03 12:00:00","2017-02-03 12:00:00",2017,2,3,-3.889,8.722,4.444,0,NA,NA,FALSE,FALSE
20170204,"2017-02-04 12:00:00","2017-02-04 12:00:00",2017,2,4,2.5,11.222,7.389,NA,NA,NA,FALSE,FALSE
20170205,"2017-02-05 12:00:00","2017-02-05 12:00:00",2017,2,5,1.722,6,4.389,1.016,NA,NA,FALSE,FALSE
20170206,"2017-02-06 12:00:00","2017-02-06 12:00:00",2017,2,6,-1.5,4,0.833,0.508,NA,NA,FALSE,FALSE
20170207,"2017-02-07 12:00:00","2017-02-07 12:00:00",2017,2,7,-1.889,6.722,2.278,0,NA,NA,FALSE,FALSE
20170208,"2017-02-08 12:00:00","2017-02-08 12:00:00",2017,2,8,-0.722,4.722,1.611,NA,NA,NA,FALSE,FALSE
20170209,"2017-02-09 12:00:00","2017-02-09 12:00:00",2017,2,9,-4.389,0.222,-2.333,20.066,NA,NA,FALSE,FALSE
20170210,"2017-02-10 12:00:00","2017-02-10 12:00:00",2017,2,10,-5,-2,-3.611,3.81,NA,NA,FALSE,FALSE
20170211,"2017-02-11 12:00:00","2017-02-11 12:00:00",2017,2,11,-5.222,0.722,-0.556,1.27,NA,NA,FALSE,FALSE
20170212,"2017-02-12 12:00:00","2017-02-12 12:00:00",2017,2,12,-3.222,4.222,0.556,0,NA,NA,FALSE,FALSE
20170213,"2017-02-13 12:00:00","2017-02-13 12:00:00",2017,2,13,-3.722,7.722,4.056,0,NA,NA,FALSE,FALSE
20170214,"2017-02-14 12:00:00","2017-02-14 12:00:00",2017,2,14,-2.389,7.722,2.389,0,NA,NA,FALSE,FALSE
20170215,"2017-02-15 12:00:00","2017-02-15 12:00:00",2017,2,15,-2.778,12.111,5.056,0,NA,NA,FALSE,FALSE
20170216,"2017-02-16 12:00:00","2017-02-16 12:00:00",2017,2,16,-0.722,14.5,10.444,5.334,NA,NA,FALSE,FALSE
20170217,"2017-02-17 12:00:00","2017-02-17 12:00:00",2017,2,17,-1.889,7.5,2.611,7.112,NA,NA,FALSE,FALSE
20170218,"2017-02-18 12:00:00","2017-02-18 12:00:00",2017,2,18,-2.889,4.722,0.5,0,NA,NA,FALSE,FALSE
20170219,"2017-02-19 12:00:00","2017-02-19 12:00:00",2017,2,19,-3.389,12.5,8.667,0,NA,NA,FALSE,FALSE
20170220,"2017-02-20 12:00:00","2017-02-20 12:00:00",2017,2,20,-4.222,4.222,0,8.636,NA,NA,FALSE,FALSE
20170221,"2017-02-21 12:00:00","2017-02-21 12:00:00",2017,2,21,-4.778,9.222,5.556,0,NA,NA,FALSE,FALSE
20170222,"2017-02-22 12:00:00","2017-02-22 12:00:00",2017,2,22,1.5,7.722,4.778,2.032,NA,NA,FALSE,FALSE
20170223,"2017-02-23 12:00:00","2017-02-23 12:00:00",2017,2,23,-2,4,0.944,17.78,NA,NA,FALSE,FALSE
20170224,"2017-02-24 12:00:00","2017-02-24 12:00:00",2017,2,24,-2.722,6.5,2.222,0,NA,NA,FALSE,FALSE
20170225,"2017-02-25 12:00:00","2017-02-25 12:00:00",2017,2,25,-0.611,9.722,4.611,0,NA,NA,FALSE,FALSE
20170226,"2017-02-26 12:00:00","2017-02-26 12:00:00",2017,2,26,-0.611,10.5,4.111,0,NA,NA,FALSE,FALSE
20170227,"2017-02-27 12:00:00","2017-02-27 12:00:00",2017,2,27,-0.722,12,5.056,0,NA,NA,FALSE,FALSE
20170228,"2017-02-28 12:00:00","2017-02-28 12:00:00",2017,2,28,-1.111,13.722,7.111,0,NA,NA,FALSE,FALSE
20170301,"2017-03-01 12:00:00","2017-03-01 12:00:00",2017,3,1,2.278,13.5,7.722,1.778,NA,NA,FALSE,FALSE
20170302,"2017-03-02 12:00:00","2017-03-02 12:00:00",2017,3,2,-1.722,4.222,1.5,6.096,NA,NA,FALSE,FALSE
20170303,"2017-03-03 12:00:00","2017-03-03 12:00:00",2017,3,3,-2,12,6.111,0,NA,NA,FALSE,FALSE
20170304,"2017-03-04 12:00:00","2017-03-04 12:00:00",2017,3,4,1.111,14.611,7.611,0,NA,NA,FALSE,FALSE
20170305,"2017-03-05 12:00:00","2017-03-05 12:00:00",2017,3,5,2,14.611,7.278,0,NA,NA,FALSE,FALSE
20170306,"2017-03-06 12:00:00","2017-03-06 12:00:00",2017,3,6,-0.5,6.5,2.333,NA,NA,NA,FALSE,FALSE
20170307,"2017-03-07 12:00:00","2017-03-07 12:00:00",2017,3,7,-2.389,3,0.5,1.524,NA,NA,FALSE,FALSE
20170308,"2017-03-08 12:00:00","2017-03-08 12:00:00",2017,3,8,-1.222,6.222,2.889,0.254,NA,NA,FALSE,FALSE
20170309,"2017-03-09 12:00:00","2017-03-09 12:00:00",2017,3,9,1.111,12.222,7,0,NA,NA,FALSE,FALSE
20170310,"2017-03-10 12:00:00","2017-03-10 12:00:00",2017,3,10,1,14.111,7.222,0,NA,NA,FALSE,FALSE
20170311,"2017-03-11 12:00:00","2017-03-11 12:00:00",2017,3,11,-0.222,17.222,9.222,0,NA,NA,FALSE,FALSE
20170312,"2017-03-12 12:00:00","2017-03-12 12:00:00",2017,3,12,2.389,17.722,10.389,0,NA,NA,FALSE,FALSE
20170313,"2017-03-13 12:00:00","2017-03-13 12:00:00",2017,3,13,2.722,14.5,8.056,0,NA,NA,FALSE,FALSE
20170314,"2017-03-14 12:00:00","2017-03-14 12:00:00",2017,3,14,1.5,10.222,5.611,0,NA,NA,FALSE,FALSE
20170315,"2017-03-15 12:00:00","2017-03-15 12:00:00",2017,3,15,0.278,13.222,6.111,0,NA,NA,FALSE,FALSE
20170316,"2017-03-16 12:00:00","2017-03-16 12:00:00",2017,3,16,-0.222,13.722,6.111,0,NA,NA,FALSE,FALSE
20170317,"2017-03-17 12:00:00","2017-03-17 12:00:00",2017,3,17,-0.222,16.222,8.944,0,NA,NA,FALSE,FALSE
20170318,"2017-03-18 12:00:00","2017-03-18 12:00:00",2017,3,18,4.111,16.222,9.889,0,NA,NA,FALSE,FALSE
20170319,"2017-03-19 12:00:00","2017-03-19 12:00:00",2017,3,19,3.389,19.222,11.833,0,NA,NA,FALSE,FALSE
20170320,"2017-03-20 12:00:00","2017-03-20 12:00:00",2017,3,20,5.722,12.5,8.556,6.096,NA,NA,FALSE,FALSE
20170321,"2017-03-21 12:00:00","2017-03-21 12:00:00",2017,3,21,1.611,10.111,6.056,7.874,NA,NA,FALSE,FALSE
20170322,"2017-03-22 12:00:00","2017-03-22 12:00:00",2017,3,22,1.278,14.5,9.056,0,NA,NA,FALSE,FALSE
20170323,"2017-03-23 12:00:00","2017-03-23 12:00:00",2017,3,23,4.111,15.5,9.222,0,NA,NA,FALSE,FALSE
20170324,"2017-03-24 12:00:00","2017-03-24 12:00:00",2017,3,24,3.722,14,10,NA,NA,NA,FALSE,FALSE
20170325,"2017-03-25 12:00:00","2017-03-25 12:00:00",2017,3,25,4,8.111,6.333,6.604,NA,NA,FALSE,FALSE
20170326,"2017-03-26 12:00:00","2017-03-26 12:00:00",2017,3,26,3.111,11,7.167,4.826,NA,NA,FALSE,FALSE
20170327,"2017-03-27 12:00:00","2017-03-27 12:00:00",2017,3,27,3.722,11,7.222,3.302,NA,NA,FALSE,FALSE
20170328,"2017-03-28 12:00:00","2017-03-28 12:00:00",2017,3,28,3.5,14.611,8.444,0,NA,NA,FALSE,FALSE
20170329,"2017-03-29 12:00:00","2017-03-29 12:00:00",2017,3,29,5.111,10.5,8.167,3.048,NA,NA,FALSE,FALSE
20170330,"2017-03-30 12:00:00","2017-03-30 12:00:00",2017,3,30,4.722,18.722,12.778,0,NA,NA,FALSE,FALSE
20170331,"2017-03-31 12:00:00","2017-03-31 12:00:00",2017,3,31,6.722,14.5,10.056,NA,NA,NA,FALSE,FALSE
20170401,"2017-04-01 12:00:00","2017-04-01 12:00:00",2017,4,1,3.722,14.5,8.722,0,NA,NA,FALSE,FALSE
20170402,"2017-04-02 12:00:00","2017-04-02 12:00:00",2017,4,2,3.5,15.611,9.444,0,NA,NA,FALSE,FALSE
20170403,"2017-04-03 12:00:00","2017-04-03 12:00:00",2017,4,3,3.611,20.111,12.5,0,NA,NA,FALSE,FALSE
20170404,"2017-04-04 12:00:00","2017-04-04 12:00:00",2017,4,4,6.389,22.222,16.444,0,NA,NA,FALSE,FALSE
20170405,"2017-04-05 12:00:00","2017-04-05 12:00:00",2017,4,5,12.5,16.111,15.111,0.762,NA,NA,FALSE,FALSE
20170406,"2017-04-06 12:00:00","2017-04-06 12:00:00",2017,4,6,9.222,15.722,13,28.194,NA,NA,FALSE,FALSE
20170407,"2017-04-07 12:00:00","2017-04-07 12:00:00",2017,4,7,8.889,22.222,15.722,0,NA,NA,FALSE,FALSE
20170408,"2017-04-08 12:00:00","2017-04-08 12:00:00",2017,4,8,10.111,24.5,16.389,0,NA,NA,FALSE,FALSE
20170409,"2017-04-09 12:00:00","2017-04-09 12:00:00",2017,4,9,10.111,24.5,16.333,NA,NA,NA,FALSE,FALSE
20170410,"2017-04-10 12:00:00","2017-04-10 12:00:00",2017,4,10,9,22.222,16.111,NA,NA,NA,FALSE,FALSE
20170411,"2017-04-11 12:00:00","2017-04-11 12:00:00",2017,4,11,8.722,18,12.333,11.176,NA,NA,FALSE,FALSE
20170412,"2017-04-12 12:00:00","2017-04-12 12:00:00",2017,4,12,7,18.5,12.611,0,NA,NA,FALSE,FALSE
20170413,"2017-04-13 12:00:00","2017-04-13 12:00:00",2017,4,13,6.778,20.5,14.389,0,NA,NA,FALSE,FALSE
20170414,"2017-04-14 12:00:00","2017-04-14 12:00:00",2017,4,14,8.889,20.5,16.389,NA,NA,NA,FALSE,FALSE
20170415,"2017-04-15 12:00:00","2017-04-15 12:00:00",2017,4,15,12.278,26.611,18.889,0.762,NA,NA,FALSE,FALSE
20170416,"2017-04-16 12:00:00","2017-04-16 12:00:00",2017,4,16,12.222,29.222,21.444,0,NA,NA,FALSE,FALSE
20170417,"2017-04-17 12:00:00","2017-04-17 12:00:00",2017,4,17,10.5,18,14.278,3.81,NA,NA,FALSE,FALSE
20170418,"2017-04-18 12:00:00","2017-04-18 12:00:00",2017,4,18,9.722,20,13.889,6.858,NA,NA,FALSE,FALSE
20170419,"2017-04-19 12:00:00","2017-04-19 12:00:00",2017,4,19,9.389,18.222,14.278,0,NA,NA,FALSE,FALSE
20170420,"2017-04-20 12:00:00","2017-04-20 12:00:00",2017,4,20,9,16.611,12.278,0.762,NA,NA,FALSE,FALSE
20170421,"2017-04-21 12:00:00","2017-04-21 12:00:00",2017,4,21,8.778,20.222,14.667,0.762,NA,NA,FALSE,FALSE
20170422,"2017-04-22 12:00:00","2017-04-22 12:00:00",2017,4,22,8.5,20,14.5,0,NA,NA,FALSE,FALSE
20170423,"2017-04-23 12:00:00","2017-04-23 12:00:00",2017,4,23,8.278,23.222,15.5,0,NA,NA,FALSE,FALSE
20170424,"2017-04-24 12:00:00","2017-04-24 12:00:00",2017,4,24,8.722,23.5,17.833,0,NA,NA,FALSE,FALSE
20170425,"2017-04-25 12:00:00","2017-04-25 12:00:00",2017,4,25,13.389,22.722,18.333,NA,NA,NA,FALSE,FALSE
20170426,"2017-04-26 12:00:00","2017-04-26 12:00:00",2017,4,26,9.222,20.722,14.556,8.128,NA,NA,FALSE,FALSE
20170427,"2017-04-27 12:00:00","2017-04-27 12:00:00",2017,4,27,8.222,19,13.722,0,NA,NA,FALSE,FALSE
20170428,"2017-04-28 12:00:00","2017-04-28 12:00:00",2017,4,28,8,24,16.444,0,NA,NA,FALSE,FALSE
20170429,"2017-04-29 12:00:00","2017-04-29 12:00:00",2017,4,29,10.389,26.5,19.556,0,NA,NA,FALSE,FALSE
20170430,"2017-04-30 12:00:00","2017-04-30 12:00:00",2017,4,30,13.611,27,19.778,0,NA,NA,FALSE,FALSE
20170501,"2017-05-01 12:00:00","2017-05-01 12:00:00",2017,5,1,13.389,27.222,19.833,0,NA,NA,FALSE,FALSE
20170502,"2017-05-02 12:00:00","2017-05-02 12:00:00",2017,5,2,14.111,27,20.167,0,NA,NA,FALSE,FALSE
20170503,"2017-05-03 12:00:00","2017-05-03 12:00:00",2017,5,3,13.389,28,21.444,0,NA,NA,FALSE,FALSE
20170504,"2017-05-04 12:00:00","2017-05-04 12:00:00",2017,5,4,15,25.5,20.444,1.016,NA,NA,FALSE,FALSE
20170505,"2017-05-05 12:00:00","2017-05-05 12:00:00",2017,5,5,11.222,22.5,17.778,1.27,NA,NA,FALSE,FALSE
20170506,"2017-05-06 12:00:00","2017-05-06 12:00:00",2017,5,6,11,22.722,16.833,9.906,NA,NA,FALSE,FALSE
20170507,"2017-05-07 12:00:00","2017-05-07 12:00:00",2017,5,7,10.722,24.222,18.111,0,NA,NA,FALSE,FALSE
20170508,"2017-05-08 12:00:00","2017-05-08 12:00:00",2017,5,8,12.278,22.611,18.333,NA,NA,NA,FALSE,FALSE
20170509,"2017-05-09 12:00:00","2017-05-09 12:00:00",2017,5,9,12.778,16,14.444,5.588,NA,NA,FALSE,FALSE
20170510,"2017-05-10 12:00:00","2017-05-10 12:00:00",2017,5,10,14.111,18.222,15.611,8.382,NA,NA,FALSE,FALSE
20170511,"2017-05-11 12:00:00","2017-05-11 12:00:00",2017,5,11,13.778,28.722,22.667,0,NA,NA,FALSE,FALSE
20170512,"2017-05-12 12:00:00","2017-05-12 12:00:00",2017,5,12,15,22.111,18.667,NA,NA,NA,FALSE,FALSE
20170513,"2017-05-13 12:00:00","2017-05-13 12:00:00",2017,5,13,12.5,26,18.667,0,NA,NA,FALSE,FALSE
20170514,"2017-05-14 12:00:00","2017-05-14 12:00:00",2017,5,14,11.5,22.722,16.556,0,NA,NA,FALSE,FALSE
20170515,"2017-05-15 12:00:00","2017-05-15 12:00:00",2017,5,15,11,22.5,16.722,0,NA,NA,FALSE,FALSE
20170516,"2017-05-16 12:00:00","2017-05-16 12:00:00",2017,5,16,11.5,24.5,17.778,0,NA,NA,FALSE,FALSE
20170517,"2017-05-17 12:00:00","2017-05-17 12:00:00",2017,5,17,11.5,25.222,19.333,0,NA,NA,FALSE,FALSE
20170518,"2017-05-18 12:00:00","2017-05-18 12:00:00",2017,5,18,13.222,27.611,21.056,0,NA,NA,FALSE,FALSE
20170519,"2017-05-19 12:00:00","2017-05-19 12:00:00",2017,5,19,14.222,30.611,22,0,NA,NA,FALSE,FALSE
20170520,"2017-05-20 12:00:00","2017-05-20 12:00:00",2017,5,20,14.722,28,21.389,0,NA,NA,FALSE,FALSE
20170521,"2017-05-21 12:00:00","2017-05-21 12:00:00",2017,5,21,15.389,27.222,21.222,0,NA,NA,FALSE,FALSE
20170522,"2017-05-22 12:00:00","2017-05-22 12:00:00",2017,5,22,15.389,28.5,23.278,0,NA,NA,FALSE,FALSE
20170523,"2017-05-23 12:00:00","2017-05-23 12:00:00",2017,5,23,16.778,26.111,22.556,NA,NA,NA,FALSE,FALSE
20170524,"2017-05-24 12:00:00","2017-05-24 12:00:00",2017,5,24,16,26,21.222,2.286,NA,NA,FALSE,FALSE
20170525,"2017-05-25 12:00:00","2017-05-25 12:00:00",2017,5,25,13.222,27.5,19.222,0,NA,NA,FALSE,FALSE
20170526,"2017-05-26 12:00:00","2017-05-26 12:00:00",2017,5,26,11.222,21.111,16.667,0,NA,NA,FALSE,FALSE
20170527,"2017-05-27 12:00:00","2017-05-27 12:00:00",2017,5,27,10.722,26.222,20,0,NA,NA,FALSE,FALSE
20170528,"2017-05-28 12:00:00","2017-05-28 12:00:00",2017,5,28,15,29.611,22.611,0,NA,NA,FALSE,FALSE
20170529,"2017-05-29 12:00:00","2017-05-29 12:00:00",2017,5,29,16.722,32,24.333,0,NA,NA,FALSE,FALSE
20170530,"2017-05-30 12:00:00","2017-05-30 12:00:00",2017,5,30,16.889,30,24.611,0,NA,NA,FALSE,FALSE
20170531,"2017-05-31 12:00:00","2017-05-31 12:00:00",2017,5,31,19.5,25.222,22.556,2.794,NA,NA,FALSE,FALSE
20170601,"2017-06-01 12:00:00","2017-06-01 12:00:00",2017,6,1,14.611,27.222,20.722,2.794,NA,NA,FALSE,FALSE
20170602,"2017-06-02 12:00:00","2017-06-02 12:00:00",2017,6,2,14.111,26.5,21,0,NA,NA,FALSE,FALSE
20170603,"2017-06-03 12:00:00","2017-06-03 12:00:00",2017,6,3,14.5,25.222,19.722,0,NA,NA,FALSE,FALSE
20170604,"2017-06-04 12:00:00","2017-06-04 12:00:00",2017,6,4,13.722,28.222,22.111,0,NA,NA,FALSE,FALSE
20170605,"2017-06-05 12:00:00","2017-06-05 12:00:00",2017,6,5,16.278,30.5,23.833,0,NA,NA,FALSE,FALSE
20170606,"2017-06-06 12:00:00","2017-06-06 12:00:00",2017,6,6,16.722,21.5,19.333,4.318,NA,NA,FALSE,FALSE
20170607,"2017-06-07 12:00:00","2017-06-07 12:00:00",2017,6,7,16.5,19.5,17.5,6.096,NA,NA,FALSE,FALSE
20170608,"2017-06-08 12:00:00","2017-06-08 12:00:00",2017,6,8,16.111,26.222,20.667,0,NA,NA,FALSE,FALSE
20170609,"2017-06-09 12:00:00","2017-06-09 12:00:00",2017,6,9,16.111,29.5,23.278,0,NA,NA,FALSE,FALSE
20170610,"2017-06-10 12:00:00","2017-06-10 12:00:00",2017,6,10,19.722,26.5,23.444,NA,NA,NA,FALSE,FALSE
20170611,"2017-06-11 12:00:00","2017-06-11 12:00:00",2017,6,11,18,29.722,23.222,0.762,NA,NA,FALSE,FALSE
20170612,"2017-06-12 12:00:00","2017-06-12 12:00:00",2017,6,12,17.5,25.722,21.5,0,NA,NA,FALSE,FALSE
20170613,"2017-06-13 12:00:00","2017-06-13 12:00:00",2017,6,13,16,26.111,21.222,0,NA,NA,FALSE,FALSE
20170614,"2017-06-14 12:00:00","2017-06-14 12:00:00",2017,6,14,15.611,27.722,21.667,0,NA,NA,FALSE,FALSE
20170615,"2017-06-15 12:00:00","2017-06-15 12:00:00",2017,6,15,16.222,30.5,23.944,0,NA,NA,FALSE,FALSE
20170616,"2017-06-16 12:00:00","2017-06-16 12:00:00",2017,6,16,18.222,32.722,25.278,0,NA,NA,FALSE,FALSE
20170617,"2017-06-17 12:00:00","2017-06-17 12:00:00",2017,6,17,18.722,32,24.5,0,NA,NA,FALSE,FALSE
20170618,"2017-06-18 12:00:00","2017-06-18 12:00:00",2017,6,18,18.778,33,25.278,0,NA,NA,FALSE,FALSE
20170619,"2017-06-19 12:00:00","2017-06-19 12:00:00",2017,6,19,19,34,26.556,0,NA,NA,FALSE,FALSE
20170620,"2017-06-20 12:00:00","2017-06-20 12:00:00",2017,6,20,19.722,26,22.333,7.62,NA,NA,FALSE,FALSE
20170621,"2017-06-21 12:00:00","2017-06-21 12:00:00",2017,6,21,19.889,28.722,24.278,7.62,NA,NA,FALSE,FALSE
20170622,"2017-06-22 12:00:00","2017-06-22 12:00:00",2017,6,22,20.278,32.222,25.5,0,NA,NA,FALSE,FALSE
20170623,"2017-06-23 12:00:00","2017-06-23 12:00:00",2017,6,23,20.889,31.222,25.556,1.27,NA,NA,FALSE,FALSE
20170624,"2017-06-24 12:00:00","2017-06-24 12:00:00",2017,6,24,20.722,29.722,24.389,1.27,NA,NA,FALSE,FALSE
20170625,"2017-06-25 12:00:00","2017-06-25 12:00:00",2017,6,25,20.389,30,25.444,0,NA,NA,FALSE,FALSE
20170626,"2017-06-26 12:00:00","2017-06-26 12:00:00",2017,6,26,21,26.722,23.222,13.716,NA,NA,FALSE,FALSE
20170627,"2017-06-27 12:00:00","2017-06-27 12:00:00",2017,6,27,20.278,27.722,24.111,13.97,NA,NA,FALSE,FALSE
20170628,"2017-06-28 12:00:00","2017-06-28 12:00:00",2017,6,28,21.278,30.111,25.222,0,NA,NA,FALSE,FALSE
20170629,"2017-06-29 12:00:00","2017-06-29 12:00:00",2017,6,29,22,27.222,24.556,8.89,NA,NA,FALSE,FALSE
20170630,"2017-06-30 12:00:00","2017-06-30 12:00:00",2017,6,30,22.5,29.222,24.833,0,NA,NA,FALSE,FALSE
20170701,"2017-07-01 12:00:00","2017-07-01 12:00:00",2017,7,1,23.611,29.722,26.833,3.556,NA,NA,FALSE,FALSE
20170702,"2017-07-02 12:00:00","2017-07-02 12:00:00",2017,7,2,25.222,28.111,26.556,1.778,NA,NA,FALSE,FALSE
20170703,"2017-07-03 12:00:00","2017-07-03 12:00:00",2017,7,3,24.5,29,26.778,15.494,NA,NA,FALSE,FALSE
20170704,"2017-07-04 12:00:00","2017-07-04 12:00:00",2017,7,4,24.722,30,27,2.794,NA,NA,FALSE,FALSE
20170705,"2017-07-05 12:00:00","2017-07-05 12:00:00",2017,7,5,24.5,32.722,27.722,2.794,NA,NA,FALSE,FALSE
20170706,"2017-07-06 12:00:00","2017-07-06 12:00:00",2017,7,6,23.889,29,26.333,14.986,NA,NA,FALSE,FALSE
20170707,"2017-07-07 12:00:00","2017-07-07 12:00:00",2017,7,7,25,29.5,27.722,1.524,NA,NA,FALSE,FALSE
20170708,"2017-07-08 12:00:00","2017-07-08 12:00:00",2017,7,8,23.278,29.222,26,43.942,NA,NA,FALSE,FALSE
20170709,"2017-07-09 12:00:00","2017-07-09 12:00:00",2017,7,9,23.889,30.611,28.056,4.318,NA,NA,FALSE,FALSE
20170710,"2017-07-10 12:00:00","2017-07-10 12:00:00",2017,7,10,24,28.5,26.667,2.54,NA,NA,FALSE,FALSE
20170711,"2017-07-11 12:00:00","2017-07-11 12:00:00",2017,7,11,23.611,30,26.5,3.302,NA,NA,FALSE,FALSE
20170712,"2017-07-12 12:00:00","2017-07-12 12:00:00",2017,7,12,23.5,33.611,28.222,0,NA,NA,FALSE,FALSE
20170713,"2017-07-13 12:00:00","2017-07-13 12:00:00",2017,7,13,24.389,33.722,28.889,0,NA,NA,FALSE,FALSE
20170714,"2017-07-14 12:00:00","2017-07-14 12:00:00",2017,7,14,22.722,31.611,26.389,5.588,NA,NA,FALSE,FALSE
20170715,"2017-07-15 12:00:00","2017-07-15 12:00:00",2017,7,15,22.5,27.222,26.111,27.178,NA,NA,FALSE,FALSE
20170716,"2017-07-16 12:00:00","2017-07-16 12:00:00",2017,7,16,26.111,31.722,28.722,18.288,NA,NA,FALSE,FALSE
20170717,"2017-07-17 12:00:00","2017-07-17 12:00:00",2017,7,17,23.611,29.722,26.056,0,NA,NA,FALSE,FALSE
20170718,"2017-07-18 12:00:00","2017-07-18 12:00:00",2017,7,18,23.611,27.722,26.389,17.272,NA,NA,FALSE,FALSE
20170719,"2017-07-19 12:00:00","2017-07-19 12:00:00",2017,7,19,24.778,32.722,28.722,6.096,NA,NA,FALSE,FALSE
20170720,"2017-07-20 12:00:00","2017-07-20 12:00:00",2017,7,20,25.278,33.611,30.111,0,NA,NA,FALSE,FALSE
20170721,"2017-07-21 12:00:00","2017-07-21 12:00:00",2017,7,21,26.722,33.722,30.5,0,NA,NA,FALSE,FALSE
20170722,"2017-07-22 12:00:00","2017-07-22 12:00:00",2017,7,22,26.5,32.611,29.667,0,NA,NA,FALSE,FALSE
20170723,"2017-07-23 12:00:00","2017-07-23 12:00:00",2017,7,23,26.5,31.611,29.278,0,NA,NA,FALSE,FALSE
20170724,"2017-07-24 12:00:00","2017-07-24 12:00:00",2017,7,24,27.278,33.5,30.056,0,NA,NA,FALSE,FALSE
20170725,"2017-07-25 12:00:00","2017-07-25 12:00:00",2017,7,25,26.111,33,29.111,1.27,NA,NA,FALSE,FALSE
20170726,"2017-07-26 12:00:00","2017-07-26 12:00:00",2017,7,26,23.722,32.222,28.333,0,NA,NA,FALSE,FALSE
20170727,"2017-07-27 12:00:00","2017-07-27 12:00:00",2017,7,27,23.5,33.722,29,0,NA,NA,FALSE,FALSE
20170728,"2017-07-28 12:00:00","2017-07-28 12:00:00",2017,7,28,24.389,31.722,29.278,0,NA,NA,FALSE,FALSE
20170729,"2017-07-29 12:00:00","2017-07-29 12:00:00",2017,7,29,26.611,32.222,28.889,0,NA,NA,FALSE,FALSE
20170730,"2017-07-30 12:00:00","2017-07-30 12:00:00",2017,7,30,24.722,31,26.889,26.162,NA,NA,FALSE,FALSE
20170731,"2017-07-31 12:00:00","2017-07-31 12:00:00",2017,7,31,24,28.722,25.722,26.67,NA,NA,FALSE,FALSE
20170801,"2017-08-01 12:00:00","2017-08-01 12:00:00",2017,8,1,23.778,32.722,28.222,15.494,NA,NA,FALSE,FALSE
20170802,"2017-08-02 12:00:00","2017-08-02 12:00:00",2017,8,2,25.222,33.5,28.667,0.508,NA,NA,FALSE,FALSE
20170803,"2017-08-03 12:00:00","2017-08-03 12:00:00",2017,8,3,24.778,33,29.056,4.826,NA,NA,FALSE,FALSE
20170804,"2017-08-04 12:00:00","2017-08-04 12:00:00",2017,8,4,25.389,35,31.111,0,NA,NA,FALSE,FALSE
20170805,"2017-08-05 12:00:00","2017-08-05 12:00:00",2017,8,5,26.722,36.222,31.389,0,NA,NA,FALSE,FALSE
20170806,"2017-08-06 12:00:00","2017-08-06 12:00:00",2017,8,6,26.222,35.611,30.222,3.048,NA,NA,FALSE,FALSE
20170807,"2017-08-07 12:00:00","2017-08-07 12:00:00",2017,8,7,26.111,34.722,30.222,3.048,NA,NA,FALSE,FALSE
20170808,"2017-08-08 12:00:00","2017-08-08 12:00:00",2017,8,8,26,31.722,28.5,0,NA,NA,FALSE,FALSE
20170809,"2017-08-09 12:00:00","2017-08-09 12:00:00",2017,8,9,25.111,31.111,27.444,2.794,NA,NA,FALSE,FALSE
20170810,"2017-08-10 12:00:00","2017-08-10 12:00:00",2017,8,10,24,33,28,0,NA,NA,FALSE,FALSE
20170811,"2017-08-11 12:00:00","2017-08-11 12:00:00",2017,8,11,23.889,32.222,28.389,0,NA,NA,FALSE,FALSE
20170812,"2017-08-12 12:00:00","2017-08-12 12:00:00",2017,8,12,24.611,30.222,27.056,15.748,NA,NA,FALSE,FALSE
20170813,"2017-08-13 12:00:00","2017-08-13 12:00:00",2017,8,13,22,26.222,23.556,16.256,NA,NA,FALSE,FALSE
20170814,"2017-08-14 12:00:00","2017-08-14 12:00:00",2017,8,14,21.889,25.722,24.111,33.02,NA,NA,FALSE,FALSE
20170815,"2017-08-15 12:00:00","2017-08-15 12:00:00",2017,8,15,23.111,27,25.333,16.002,NA,NA,FALSE,FALSE
20170816,"2017-08-16 12:00:00","2017-08-16 12:00:00",2017,8,16,24.111,29.5,26.5,2.794,NA,NA,FALSE,FALSE
20170817,"2017-08-17 12:00:00","2017-08-17 12:00:00",2017,8,17,22.5,29.5,26,0,NA,NA,FALSE,FALSE
20170818,"2017-08-18 12:00:00","2017-08-18 12:00:00",2017,8,18,22.5,29.222,26.056,4.826,NA,NA,FALSE,FALSE
20170819,"2017-08-19 12:00:00","2017-08-19 12:00:00",2017,8,19,23.278,29.222,27.5,4.826,NA,NA,FALSE,FALSE
20170820,"2017-08-20 12:00:00","2017-08-20 12:00:00",2017,8,20,23.611,29.222,25.944,4.064,NA,NA,FALSE,FALSE
20170821,"2017-08-21 12:00:00","2017-08-21 12:00:00",2017,8,21,23.778,27.722,25.611,53.086,NA,NA,FALSE,FALSE
20170822,"2017-08-22 12:00:00","2017-08-22 12:00:00",2017,8,22,24.889,30.5,27.056,40.894,NA,NA,FALSE,FALSE
20170823,"2017-08-23 12:00:00","2017-08-23 12:00:00",2017,8,23,25.222,33.222,29.833,10.16,NA,NA,FALSE,FALSE
20170824,"2017-08-24 12:00:00","2017-08-24 12:00:00",2017,8,24,25,32.111,28.778,0,NA,NA,FALSE,FALSE
20170825,"2017-08-25 12:00:00","2017-08-25 12:00:00",2017,8,25,21.111,33,26.611,81.026,NA,NA,FALSE,FALSE
20170826,"2017-08-26 12:00:00","2017-08-26 12:00:00",2017,8,26,19.5,30.5,25,0,NA,NA,FALSE,FALSE
20170827,"2017-08-27 12:00:00","2017-08-27 12:00:00",2017,8,27,19.5,30.5,25.611,0,NA,NA,FALSE,FALSE
20170828,"2017-08-28 12:00:00","2017-08-28 12:00:00",2017,8,28,21,29.222,26.444,NA,NA,NA,FALSE,FALSE
20170829,"2017-08-29 12:00:00","2017-08-29 12:00:00",2017,8,29,18.5,28.111,22.5,6.604,NA,NA,FALSE,FALSE
20170830,"2017-08-30 12:00:00","2017-08-30 12:00:00",2017,8,30,18.222,24.5,21,0,NA,NA,FALSE,FALSE
20170831,"2017-08-31 12:00:00","2017-08-31 12:00:00",2017,8,31,17.722,28.5,23.5,0,NA,NA,FALSE,FALSE
20170901,"2017-09-01 12:00:00","2017-09-01 12:00:00",2017,9,1,19.111,28.5,24.222,0,NA,NA,FALSE,FALSE
20170902,"2017-09-02 12:00:00","2017-09-02 12:00:00",2017,9,2,18.222,26.111,22.667,0,NA,NA,FALSE,FALSE
20170903,"2017-09-03 12:00:00","2017-09-03 12:00:00",2017,9,3,18.111,28,24.278,0,NA,NA,FALSE,FALSE
20170904,"2017-09-04 12:00:00","2017-09-04 12:00:00",2017,9,4,20.778,26.222,23.5,NA,NA,NA,FALSE,FALSE
20170905,"2017-09-05 12:00:00","2017-09-05 12:00:00",2017,9,5,20.389,21.722,21.167,0,NA,NA,FALSE,FALSE
20170906,"2017-09-06 12:00:00","2017-09-06 12:00:00",2017,9,6,18.722,25.111,21.333,14.986,NA,NA,FALSE,FALSE
20170907,"2017-09-07 12:00:00","2017-09-07 12:00:00",2017,9,7,18.389,26.222,22.222,13.208,NA,NA,FALSE,FALSE
20170908,"2017-09-08 12:00:00","2017-09-08 12:00:00",2017,9,8,18,28.722,23.222,0,NA,NA,FALSE,FALSE
20170909,"2017-09-09 12:00:00","2017-09-09 12:00:00",2017,9,9,19,29.111,24.222,0,NA,NA,FALSE,FALSE
20170910,"2017-09-10 12:00:00","2017-09-10 12:00:00",2017,9,10,19.222,29.5,24.389,NA,NA,NA,FALSE,FALSE
20170911,"2017-09-11 12:00:00","2017-09-11 12:00:00",2017,9,11,18.889,23.611,21.611,73.406,NA,NA,FALSE,FALSE
20170912,"2017-09-12 12:00:00","2017-09-12 12:00:00",2017,9,12,17,27.722,22.278,0,NA,NA,FALSE,FALSE
20170913,"2017-09-13 12:00:00","2017-09-13 12:00:00",2017,9,13,16.278,28.5,22.222,0,NA,NA,FALSE,FALSE
20170914,"2017-09-14 12:00:00","2017-09-14 12:00:00",2017,9,14,16.389,28.722,23.278,0,NA,NA,FALSE,FALSE
20170915,"2017-09-15 12:00:00","2017-09-15 12:00:00",2017,9,15,17.5,26,21,0,NA,NA,FALSE,FALSE
20170916,"2017-09-16 12:00:00","2017-09-16 12:00:00",2017,9,16,16.778,26,22.056,0,NA,NA,FALSE,FALSE
20170917,"2017-09-17 12:00:00","2017-09-17 12:00:00",2017,9,17,18.222,28,23.333,0,NA,NA,FALSE,FALSE
20170918,"2017-09-18 12:00:00","2017-09-18 12:00:00",2017,9,18,17.889,28.111,23.278,0,NA,NA,FALSE,FALSE
20170919,"2017-09-19 12:00:00","2017-09-19 12:00:00",2017,9,19,21,27,23.778,0,NA,NA,FALSE,FALSE
20170920,"2017-09-20 12:00:00","2017-09-20 12:00:00",2017,9,20,14.5,23.722,19.5,0,NA,NA,FALSE,FALSE
20170921,"2017-09-21 12:00:00","2017-09-21 12:00:00",2017,9,21,14,25.722,21,0,NA,NA,FALSE,FALSE
20170922,"2017-09-22 12:00:00","2017-09-22 12:00:00",2017,9,22,16.889,27.222,21.833,0,NA,NA,FALSE,FALSE
20170923,"2017-09-23 12:00:00","2017-09-23 12:00:00",2017,9,23,17.5,26.111,22.333,0,NA,NA,FALSE,FALSE
20170924,"2017-09-24 12:00:00","2017-09-24 12:00:00",2017,9,24,18.889,28.722,23.333,0,NA,NA,FALSE,FALSE
20170925,"2017-09-25 12:00:00","2017-09-25 12:00:00",2017,9,25,18.722,30.611,25,0,NA,NA,FALSE,FALSE
20170926,"2017-09-26 12:00:00","2017-09-26 12:00:00",2017,9,26,19.222,29.5,24.611,NA,NA,NA,FALSE,FALSE
20170927,"2017-09-27 12:00:00","2017-09-27 12:00:00",2017,9,27,18.389,21.722,20.333,6.096,NA,NA,FALSE,FALSE
20170928,"2017-09-28 12:00:00","2017-09-28 12:00:00",2017,9,28,14.222,25.5,20,0.762,NA,NA,FALSE,FALSE
20170929,"2017-09-29 12:00:00","2017-09-29 12:00:00",2017,9,29,12,21.722,17.333,0,NA,NA,FALSE,FALSE
20170930,"2017-09-30 12:00:00","2017-09-30 12:00:00",2017,9,30,11.5,27.5,20.722,0,NA,NA,FALSE,FALSE
20171001,"2017-10-01 12:00:00","2017-10-01 12:00:00",2017,10,1,16,19.722,18.889,30.734,NA,NA,FALSE,FALSE
20171002,"2017-10-02 12:00:00","2017-10-02 12:00:00",2017,10,2,17.5,22.722,20.722,56.896,NA,NA,FALSE,FALSE
20171003,"2017-10-03 12:00:00","2017-10-03 12:00:00",2017,10,3,14.722,24,18.833,0,NA,NA,FALSE,FALSE
20171004,"2017-10-04 12:00:00","2017-10-04 12:00:00",2017,10,4,14.222,24.222,19.833,0,NA,NA,FALSE,FALSE
20171005,"2017-10-05 12:00:00","2017-10-05 12:00:00",2017,10,5,14.611,20.222,16.722,5.588,NA,NA,FALSE,FALSE
20171006,"2017-10-06 12:00:00","2017-10-06 12:00:00",2017,10,6,14.5,18,17.278,11.938,NA,NA,FALSE,FALSE
20171007,"2017-10-07 12:00:00","2017-10-07 12:00:00",2017,10,7,17.278,23.722,20.889,3.81,NA,NA,FALSE,FALSE
20171008,"2017-10-08 12:00:00","2017-10-08 12:00:00",2017,10,8,17.389,28.111,22.611,0,NA,NA,FALSE,FALSE
20171009,"2017-10-09 12:00:00","2017-10-09 12:00:00",2017,10,9,18.222,28,23.111,0,NA,NA,FALSE,FALSE
20171010,"2017-10-10 12:00:00","2017-10-10 12:00:00",2017,10,10,18.5,27.222,23.667,0,NA,NA,FALSE,FALSE
20171011,"2017-10-11 12:00:00","2017-10-11 12:00:00",2017,10,11,14.111,20,16.778,0,NA,NA,FALSE,FALSE
20171012,"2017-10-12 12:00:00","2017-10-12 12:00:00",2017,10,12,8.611,14.5,11.778,1.778,NA,NA,FALSE,FALSE
20171013,"2017-10-13 12:00:00","2017-10-13 12:00:00",2017,10,13,8.111,19.722,15.111,7.62,NA,NA,FALSE,FALSE
20171014,"2017-10-14 12:00:00","2017-10-14 12:00:00",2017,10,14,12,22,16.889,0,NA,NA,FALSE,FALSE
20171015,"2017-10-15 12:00:00","2017-10-15 12:00:00",2017,10,15,11.389,17.722,15.611,2.794,NA,NA,FALSE,FALSE
20171016,"2017-10-16 12:00:00","2017-10-16 12:00:00",2017,10,16,13,19.222,16.389,0.254,NA,NA,FALSE,FALSE
20171017,"2017-10-17 12:00:00","2017-10-17 12:00:00",2017,10,17,12.889,21.5,17.222,0,NA,NA,FALSE,FALSE
20171018,"2017-10-18 12:00:00","2017-10-18 12:00:00",2017,10,18,14.222,19,16.5,NA,NA,NA,FALSE,FALSE
20171019,"2017-10-19 12:00:00","2017-10-19 12:00:00",2017,10,19,12,21.5,16.611,0,NA,NA,FALSE,FALSE
20171020,"2017-10-20 12:00:00","2017-10-20 12:00:00",2017,10,20,11.611,23.722,17.667,0,NA,NA,FALSE,FALSE
20171021,"2017-10-21 12:00:00","2017-10-21 12:00:00",2017,10,21,12.5,23.611,18.167,0,NA,NA,FALSE,FALSE
20171022,"2017-10-22 12:00:00","2017-10-22 12:00:00",2017,10,22,11.222,23.611,17.444,0,NA,NA,FALSE,FALSE
20171023,"2017-10-23 12:00:00","2017-10-23 12:00:00",2017,10,23,10.778,20.111,14.944,0,NA,NA,FALSE,FALSE
20171024,"2017-10-24 12:00:00","2017-10-24 12:00:00",2017,10,24,9.5,19.5,14.111,0,NA,NA,FALSE,FALSE
20171025,"2017-10-25 12:00:00","2017-10-25 12:00:00",2017,10,25,8.889,20,13.778,0,NA,NA,FALSE,FALSE
20171026,"2017-10-26 12:00:00","2017-10-26 12:00:00",2017,10,26,9.5,19.722,15.5,0,NA,NA,FALSE,FALSE
20171027,"2017-10-27 12:00:00","2017-10-27 12:00:00",2017,10,27,11.222,21.222,16.167,0,NA,NA,FALSE,FALSE
20171028,"2017-10-28 12:00:00","2017-10-28 12:00:00",2017,10,28,10.889,23,18,0,NA,NA,FALSE,FALSE
20171029,"2017-10-29 12:00:00","2017-10-29 12:00:00",2017,10,29,7,17.222,12.111,0,NA,NA,FALSE,FALSE
20171030,"2017-10-30 12:00:00","2017-10-30 12:00:00",2017,10,30,3.611,14,8.833,0,NA,NA,FALSE,FALSE
20171031,"2017-10-31 12:00:00","2017-10-31 12:00:00",2017,10,31,3.389,18.111,11.333,0,NA,NA,FALSE,FALSE
20171101,"2017-11-01 12:00:00","2017-11-01 12:00:00",2017,11,1,5.889,18.5,13,0,NA,NA,FALSE,FALSE
20171102,"2017-11-02 12:00:00","2017-11-02 12:00:00",2017,11,2,8.5,18.222,13.722,0,NA,NA,FALSE,FALSE
20171103,"2017-11-03 12:00:00","2017-11-03 12:00:00",2017,11,3,8.111,14.611,10.889,1.27,NA,NA,FALSE,FALSE
20171104,"2017-11-04 12:00:00","2017-11-04 12:00:00",2017,11,4,3.722,13.5,8.389,1.27,NA,NA,FALSE,FALSE
20171105,"2017-11-05 12:00:00","2017-11-05 12:00:00",2017,11,5,2.889,15.5,9.444,0,NA,NA,FALSE,FALSE
20171106,"2017-11-06 12:00:00","2017-11-06 12:00:00",2017,11,6,3.222,18.5,12.278,0,NA,NA,FALSE,FALSE
20171107,"2017-11-07 12:00:00","2017-11-07 12:00:00",2017,11,7,10.222,20.722,17.722,0,NA,NA,FALSE,FALSE
20171108,"2017-11-08 12:00:00","2017-11-08 12:00:00",2017,11,8,6.611,19.111,12.333,0,NA,NA,FALSE,FALSE
20171109,"2017-11-09 12:00:00","2017-11-09 12:00:00",2017,11,9,5.778,19.222,12.611,0,NA,NA,FALSE,FALSE
20171110,"2017-11-10 12:00:00","2017-11-10 12:00:00",2017,11,10,7.722,19.611,13.389,0.508,NA,NA,FALSE,FALSE
20171111,"2017-11-11 12:00:00","2017-11-11 12:00:00",2017,11,11,3.222,12.222,7.722,0.508,NA,NA,FALSE,FALSE
20171112,"2017-11-12 12:00:00","2017-11-12 12:00:00",2017,11,12,2.889,15.222,8.889,0,NA,NA,FALSE,FALSE
20171113,"2017-11-13 12:00:00","2017-11-13 12:00:00",2017,11,13,4,14.611,11.222,0,NA,NA,FALSE,FALSE
20171114,"2017-11-14 12:00:00","2017-11-14 12:00:00",2017,11,14,6,14.722,9.833,0,NA,NA,FALSE,FALSE
20171115,"2017-11-15 12:00:00","2017-11-15 12:00:00",2017,11,15,3.111,11.222,6.944,NA,NA,NA,FALSE,FALSE
20171116,"2017-11-16 12:00:00","2017-11-16 12:00:00",2017,11,16,2.5,11.5,6.111,0,NA,NA,FALSE,FALSE
20171117,"2017-11-17 12:00:00","2017-11-17 12:00:00",2017,11,17,1.889,13.611,9.667,NA,NA,NA,FALSE,FALSE
20171118,"2017-11-18 12:00:00","2017-11-18 12:00:00",2017,11,18,0,4.222,1.889,0,NA,NA,FALSE,FALSE
20171119,"2017-11-19 12:00:00","2017-11-19 12:00:00",2017,11,19,-0.778,6.611,3.833,0,NA,NA,FALSE,FALSE
20171120,"2017-11-20 12:00:00","2017-11-20 12:00:00",2017,11,20,1.889,10.5,6.056,0,NA,NA,FALSE,FALSE
20171121,"2017-11-21 12:00:00","2017-11-21 12:00:00",2017,11,21,2,10.611,6.556,0,NA,NA,FALSE,FALSE
20171122,"2017-11-22 12:00:00","2017-11-22 12:00:00",2017,11,22,2.722,11.722,7.333,NA,NA,NA,FALSE,FALSE
20171123,"2017-11-23 12:00:00","2017-11-23 12:00:00",2017,11,23,2.278,7.222,4.333,0.508,NA,NA,FALSE,FALSE
20171124,"2017-11-24 12:00:00","2017-11-24 12:00:00",2017,11,24,0.389,10,4.333,0.508,NA,NA,FALSE,FALSE
20171125,"2017-11-25 12:00:00","2017-11-25 12:00:00",2017,11,25,-0.278,13.5,7.833,0,NA,NA,FALSE,FALSE
20171126,"2017-11-26 12:00:00","2017-11-26 12:00:00",2017,11,26,1.111,16.278,7.278,0,NA,NA,FALSE,FALSE
20171127,"2017-11-27 12:00:00","2017-11-27 12:00:00",2017,11,27,0.278,12.5,6.5,0,NA,NA,FALSE,FALSE
20171128,"2017-11-28 12:00:00","2017-11-28 12:00:00",2017,11,28,2.722,14.222,10.722,NA,NA,NA,FALSE,FALSE
20171129,"2017-11-29 12:00:00","2017-11-29 12:00:00",2017,11,29,2.722,11.222,7.167,0,NA,NA,FALSE,FALSE
20171130,"2017-11-30 12:00:00","2017-11-30 12:00:00",2017,11,30,-0.222,6.722,2.389,0,NA,NA,FALSE,FALSE
20171201,"2017-12-01 12:00:00","2017-12-01 12:00:00",2017,12,1,-1.222,6,1.667,0,NA,NA,FALSE,FALSE
20171202,"2017-12-02 12:00:00","2017-12-02 12:00:00",2017,12,2,-2.111,7.222,3.111,0,NA,NA,FALSE,FALSE
20171203,"2017-12-03 12:00:00","2017-12-03 12:00:00",2017,12,3,-0.278,13.222,7.389,NA,NA,NA,FALSE,FALSE
20171204,"2017-12-04 12:00:00","2017-12-04 12:00:00",2017,12,4,-2.5,6.111,1.389,0.254,NA,NA,FALSE,FALSE
20171205,"2017-12-05 12:00:00","2017-12-05 12:00:00",2017,12,5,-3.611,2.722,-0.5,0,NA,NA,FALSE,FALSE
20171206,"2017-12-06 12:00:00","2017-12-06 12:00:00",2017,12,6,-3.278,8.722,4.333,0,NA,NA,FALSE,FALSE
20171207,"2017-12-07 12:00:00","2017-12-07 12:00:00",2017,12,7,-0.722,8.5,3.333,0.508,NA,NA,FALSE,FALSE
20171208,"2017-12-08 12:00:00","2017-12-08 12:00:00",2017,12,8,-1.722,1.722,0.056,0.508,NA,NA,FALSE,FALSE
20171209,"2017-12-09 12:00:00","2017-12-09 12:00:00",2017,12,9,-1.722,4.611,2.556,0,NA,NA,FALSE,FALSE
20171210,"2017-12-10 12:00:00","2017-12-10 12:00:00",2017,12,10,-0.5,9.222,4.5,1.27,NA,NA,FALSE,FALSE
20171211,"2017-12-11 12:00:00","2017-12-11 12:00:00",2017,12,11,-5.222,2.5,-1.444,1.524,NA,NA,FALSE,FALSE
20171212,"2017-12-12 12:00:00","2017-12-12 12:00:00",2017,12,12,-5.5,0,-3.056,0,NA,NA,FALSE,FALSE
20171213,"2017-12-13 12:00:00","2017-12-13 12:00:00",2017,12,13,-6,1.111,-2.833,0,NA,NA,FALSE,FALSE
20171214,"2017-12-14 12:00:00","2017-12-14 12:00:00",2017,12,14,-7.222,3.5,-0.222,0,NA,NA,FALSE,FALSE
20171215,"2017-12-15 12:00:00","2017-12-15 12:00:00",2017,12,15,-3.722,6.611,2.611,NA,NA,NA,FALSE,FALSE
20171216,"2017-12-16 12:00:00","2017-12-16 12:00:00",2017,12,16,-5,1.611,-1.889,NA,NA,NA,FALSE,FALSE
20171217,"2017-12-17 12:00:00","2017-12-17 12:00:00",2017,12,17,-6,1.611,-1.889,1.524,NA,NA,FALSE,FALSE
20171218,"2017-12-18 12:00:00","2017-12-18 12:00:00",2017,12,18,-4.5,6.611,3.222,0,NA,NA,FALSE,FALSE
20171219,"2017-12-19 12:00:00","2017-12-19 12:00:00",2017,12,19,-1.722,1.722,-0.389,NA,NA,NA,FALSE,FALSE
20171220,"2017-12-20 12:00:00","2017-12-20 12:00:00",2017,12,20,-3,6.222,2.333,0.508,NA,NA,FALSE,FALSE
20171221,"2017-12-21 12:00:00","2017-12-21 12:00:00",2017,12,21,-1.889,6.222,1.556,0.762,NA,NA,FALSE,FALSE
20171222,"2017-12-22 12:00:00","2017-12-22 12:00:00",2017,12,22,-2.278,9,3.722,0,NA,NA,FALSE,FALSE
20171223,"2017-12-23 12:00:00","2017-12-23 12:00:00",2017,12,23,-0.5,12.222,7.278,NA,NA,NA,FALSE,FALSE
20171224,"2017-12-24 12:00:00","2017-12-24 12:00:00",2017,12,24,2,11.111,5.944,14.478,NA,NA,FALSE,FALSE
20171225,"2017-12-25 12:00:00","2017-12-25 12:00:00",2017,12,25,0,3.722,1.389,7.874,NA,NA,FALSE,FALSE
20171226,"2017-12-26 12:00:00","2017-12-26 12:00:00",2017,12,26,-4.5,4.222,0.222,0,NA,NA,FALSE,FALSE
20171227,"2017-12-27 12:00:00","2017-12-27 12:00:00",2017,12,27,-5,2.222,-1.5,0.254,NA,NA,FALSE,FALSE
20171228,"2017-12-28 12:00:00","2017-12-28 12:00:00",2017,12,28,-4.389,5.611,1.833,0,NA,NA,FALSE,FALSE
20171229,"2017-12-29 12:00:00","2017-12-29 12:00:00",2017,12,29,0.389,7.722,5.389,0,NA,NA,FALSE,FALSE
20171230,"2017-12-30 12:00:00","2017-12-30 12:00:00",2017,12,30,3.222,7.611,5.722,NA,NA,NA,FALSE,FALSE
20171231,"2017-12-31 12:00:00","2017-12-31 12:00:00",2017,12,31,-0.722,7.111,3.222,0.254,NA,NA,FALSE,FALSE
20180101,"2018-01-01 12:00:00","2018-01-01 12:00:00",2018,1,1,-2.5,6.111,1.833,0,NA,NA,FALSE,FALSE
20180102,"2018-01-02 12:00:00","2018-01-02 12:00:00",2018,1,2,-2.889,6.722,2.556,0,NA,NA,FALSE,FALSE
20180103,"2018-01-03 12:00:00","2018-01-03 12:00:00",2018,1,3,-2.5,3.111,-0.278,0,NA,NA,FALSE,FALSE
20180104,"2018-01-04 12:00:00","2018-01-04 12:00:00",2018,1,4,-2.278,1.5,-0.278,0,NA,NA,FALSE,FALSE
20180105,"2018-01-05 12:00:00","2018-01-05 12:00:00",2018,1,5,-1.222,4.722,1.833,0,NA,NA,FALSE,FALSE
20180106,"2018-01-06 12:00:00","2018-01-06 12:00:00",2018,1,6,-1.722,6.222,1.611,0,NA,NA,FALSE,FALSE
20180107,"2018-01-07 12:00:00","2018-01-07 12:00:00",2018,1,7,-2.222,6.5,4,0.508,NA,NA,FALSE,FALSE
20180108,"2018-01-08 12:00:00","2018-01-08 12:00:00",2018,1,8,-1,4.611,2.5,4.318,NA,NA,FALSE,FALSE
20180109,"2018-01-09 12:00:00","2018-01-09 12:00:00",2018,1,9,-1.889,0.611,-0.167,1.27,NA,NA,FALSE,FALSE
20180110,"2018-01-10 12:00:00","2018-01-10 12:00:00",2018,1,10,-7.722,-2.889,-4.556,4.318,NA,NA,FALSE,FALSE
20180111,"2018-01-11 12:00:00","2018-01-11 12:00:00",2018,1,11,-9.722,-2.5,-6.667,5.334,NA,NA,FALSE,FALSE
20180112,"2018-01-12 12:00:00","2018-01-12 12:00:00",2018,1,12,-10.222,-2.222,-5.667,0,NA,NA,FALSE,FALSE
20180113,"2018-01-13 12:00:00","2018-01-13 12:00:00",2018,1,13,-7.222,3.722,-1.167,50.038,NA,NA,FALSE,FALSE
20180114,"2018-01-14 12:00:00","2018-01-14 12:00:00",2018,1,14,-4.222,7,2.889,39.878,NA,NA,FALSE,FALSE
20180115,"2018-01-15 12:00:00","2018-01-15 12:00:00",2018,1,15,1.278,10.5,5.389,0,NA,NA,FALSE,FALSE
20180116,"2018-01-16 12:00:00","2018-01-16 12:00:00",2018,1,16,1.778,7,5.333,2.286,NA,NA,FALSE,FALSE
20180117,"2018-01-17 12:00:00","2018-01-17 12:00:00",2018,1,17,4.222,7.611,5.5,19.304,NA,NA,FALSE,FALSE
20180118,"2018-01-18 12:00:00","2018-01-18 12:00:00",2018,1,18,-1,9,3.944,0,NA,NA,FALSE,FALSE
20180119,"2018-01-19 12:00:00","2018-01-19 12:00:00",2018,1,19,-2,8.5,2.111,0,NA,NA,FALSE,FALSE
20180120,"2018-01-20 12:00:00","2018-01-20 12:00:00",2018,1,20,-3.222,8.722,3.278,0,NA,NA,FALSE,FALSE
20180121,"2018-01-21 12:00:00","2018-01-21 12:00:00",2018,1,21,-1.111,9.222,4.556,0,NA,NA,FALSE,FALSE
20180122,"2018-01-22 12:00:00","2018-01-22 12:00:00",2018,1,22,-2.722,9.611,4.111,1.016,NA,NA,FALSE,FALSE
20180123,"2018-01-23 12:00:00","2018-01-23 12:00:00",2018,1,23,-10.5,-3.222,-6.111,1.016,NA,NA,FALSE,FALSE
20180124,"2018-01-24 12:00:00","2018-01-24 12:00:00",2018,1,24,-11.222,-4.5,-8,0,NA,NA,FALSE,FALSE
20180125,"2018-01-25 12:00:00","2018-01-25 12:00:00",2018,1,25,-10.611,-4.5,-7.444,0,NA,NA,FALSE,FALSE
20180126,"2018-01-26 12:00:00","2018-01-26 12:00:00",2018,1,26,-10.778,-4.5,-8.056,0,NA,NA,FALSE,FALSE
20180127,"2018-01-27 12:00:00","2018-01-27 12:00:00",2018,1,27,-11.5,1.611,-2.667,0,NA,NA,FALSE,FALSE
20180128,"2018-01-28 12:00:00","2018-01-28 12:00:00",2018,1,28,-5,2.222,-1.667,NA,NA,NA,FALSE,FALSE
20180129,"2018-01-29 12:00:00","2018-01-29 12:00:00",2018,1,29,-7.722,-0.5,-4.444,NA,NA,NA,FALSE,FALSE
20180130,"2018-01-30 12:00:00","2018-01-30 12:00:00",2018,1,30,-8.611,2.222,-2,0,NA,NA,FALSE,FALSE
20180131,"2018-01-31 12:00:00","2018-01-31 12:00:00",2018,1,31,-5,3.611,0,0,NA,NA,FALSE,FALSE
20180201,"2018-02-01 12:00:00","2018-02-01 12:00:00",2018,2,1,-4.722,4.222,-0.444,0,NA,NA,FALSE,FALSE
20180202,"2018-02-02 12:00:00","2018-02-02 12:00:00",2018,2,2,-5,4.5,-0.5,NA,NA,NA,FALSE,FALSE
20180203,"2018-02-03 12:00:00","2018-02-03 12:00:00",2018,2,3,-7.722,-2.222,-4.5,NA,NA,NA,FALSE,FALSE
20180204,"2018-02-04 12:00:00","2018-02-04 12:00:00",2018,2,4,-8.278,-3.5,-6,0.762,NA,NA,FALSE,FALSE
20180205,"2018-02-05 12:00:00","2018-02-05 12:00:00",2018,2,5,-9.222,-2.5,-5.889,0,NA,NA,FALSE,FALSE
20180206,"2018-02-06 12:00:00","2018-02-06 12:00:00",2018,2,6,-9.778,-3.5,-6.278,0.508,NA,NA,FALSE,FALSE
20180207,"2018-02-07 12:00:00","2018-02-07 12:00:00",2018,2,7,-10,0.722,-3.778,0.254,NA,NA,FALSE,FALSE
20180208,"2018-02-08 12:00:00","2018-02-08 12:00:00",2018,2,8,-7.222,6.722,1.389,0,NA,NA,FALSE,FALSE
20180209,"2018-02-09 12:00:00","2018-02-09 12:00:00",2018,2,9,-1,8,4.389,0,NA,NA,FALSE,FALSE
20180210,"2018-02-10 12:00:00","2018-02-10 12:00:00",2018,2,10,-3.5,6.722,0.722,NA,NA,NA,FALSE,FALSE
20180211,"2018-02-11 12:00:00","2018-02-11 12:00:00",2018,2,11,-5.722,0.5,-2.167,1.778,NA,NA,FALSE,FALSE
20180212,"2018-02-12 12:00:00","2018-02-12 12:00:00",2018,2,12,-6.5,-1.222,-2.278,0.508,NA,NA,FALSE,FALSE
20180213,"2018-02-13 12:00:00","2018-02-13 12:00:00",2018,2,13,-2.889,5.722,1.833,1.524,NA,NA,FALSE,FALSE
20180214,"2018-02-14 12:00:00","2018-02-14 12:00:00",2018,2,14,-1,13,6.5,0,NA,NA,FALSE,FALSE
20180215,"2018-02-15 12:00:00","2018-02-15 12:00:00",2018,2,15,-0.5,7.5,2.444,0,NA,NA,FALSE,FALSE
20180216,"2018-02-16 12:00:00","2018-02-16 12:00:00",2018,2,16,-1.611,8.222,2.556,0,NA,NA,FALSE,FALSE
20180217,"2018-02-17 12:00:00","2018-02-17 12:00:00",2018,2,17,-2,5.222,0.889,0,NA,NA,FALSE,FALSE
20180218,"2018-02-18 12:00:00","2018-02-18 12:00:00",2018,2,18,-2.5,9,4.722,0,NA,NA,FALSE,FALSE
20180219,"2018-02-19 12:00:00","2018-02-19 12:00:00",2018,2,19,0.222,10.222,5.667,0,NA,NA,FALSE,FALSE
20180220,"2018-02-20 12:00:00","2018-02-20 12:00:00",2018,2,20,-0.778,10.722,4.889,0,NA,NA,FALSE,FALSE
20180221,"2018-02-21 12:00:00","2018-02-21 12:00:00",2018,2,21,-2.722,4.722,0.944,0,NA,NA,FALSE,FALSE
20180222,"2018-02-22 12:00:00","2018-02-22 12:00:00",2018,2,22,-3.889,8,3.278,0,NA,NA,FALSE,FALSE
20180223,"2018-02-23 12:00:00","2018-02-23 12:00:00",2018,2,23,0.889,12,6.778,0,NA,NA,FALSE,FALSE
20180224,"2018-02-24 12:00:00","2018-02-24 12:00:00",2018,2,24,1.722,11.111,6.778,0,NA,NA,FALSE,FALSE
20180225,"2018-02-25 12:00:00","2018-02-25 12:00:00",2018,2,25,-1.389,12.222,5.333,0,NA,NA,FALSE,FALSE
20180226,"2018-02-26 12:00:00","2018-02-26 12:00:00",2018,2,26,-1.778,15.222,6.667,0,NA,NA,FALSE,FALSE
20180227,"2018-02-27 12:00:00","2018-02-27 12:00:00",2018,2,27,0.111,15.222,10.056,0,NA,NA,FALSE,FALSE
20180228,"2018-02-28 12:00:00","2018-02-28 12:00:00",2018,2,28,4.5,10.611,7.167,16.764,NA,NA,FALSE,FALSE
20180301,"2018-03-01 12:00:00","2018-03-01 12:00:00",2018,3,1,-2.722,5.722,1.444,17.018,NA,NA,FALSE,FALSE
20180302,"2018-03-02 12:00:00","2018-03-02 12:00:00",2018,3,2,-3.111,10.722,4.389,0,NA,NA,FALSE,FALSE
20180303,"2018-03-03 12:00:00","2018-03-03 12:00:00",2018,3,3,1.222,18.5,12.111,0,NA,NA,FALSE,FALSE
20180304,"2018-03-04 12:00:00","2018-03-04 12:00:00",2018,3,4,9.889,19.222,15.778,7.62,NA,NA,FALSE,FALSE
20180305,"2018-03-05 12:00:00","2018-03-05 12:00:00",2018,3,5,4,11,8.278,10.668,NA,NA,FALSE,FALSE
20180306,"2018-03-06 12:00:00","2018-03-06 12:00:00",2018,3,6,3.278,15.222,9.167,4.318,NA,NA,FALSE,FALSE
20180307,"2018-03-07 12:00:00","2018-03-07 12:00:00",2018,3,7,4,11.111,6.389,0,NA,NA,FALSE,FALSE
20180308,"2018-03-08 12:00:00","2018-03-08 12:00:00",2018,3,8,1.722,5.611,3.278,22.606,NA,NA,FALSE,FALSE
20180309,"2018-03-09 12:00:00","2018-03-09 12:00:00",2018,3,9,1.389,8.722,4.722,0,NA,NA,FALSE,FALSE
20180310,"2018-03-10 12:00:00","2018-03-10 12:00:00",2018,3,10,0.889,11.611,5.222,0,NA,NA,FALSE,FALSE
20180311,"2018-03-11 12:00:00","2018-03-11 12:00:00",2018,3,11,1,15,8.278,0,NA,NA,FALSE,FALSE
20180312,"2018-03-12 12:00:00","2018-03-12 12:00:00",2018,3,12,2.778,18,10.778,0,NA,NA,FALSE,FALSE
20180313,"2018-03-13 12:00:00","2018-03-13 12:00:00",2018,3,13,5.778,20.5,14.778,0,NA,NA,FALSE,FALSE
20180314,"2018-03-14 12:00:00","2018-03-14 12:00:00",2018,3,14,9.611,22.5,18,NA,NA,NA,FALSE,FALSE
20180315,"2018-03-15 12:00:00","2018-03-15 12:00:00",2018,3,15,7.5,15.722,12,21.082,NA,NA,FALSE,FALSE
20180316,"2018-03-16 12:00:00","2018-03-16 12:00:00",2018,3,16,5,10.722,7.556,9.906,NA,NA,FALSE,FALSE
20180317,"2018-03-17 12:00:00","2018-03-17 12:00:00",2018,3,17,3.722,14.5,8.667,0,NA,NA,FALSE,FALSE
20180318,"2018-03-18 12:00:00","2018-03-18 12:00:00",2018,3,18,3.611,15.222,11.722,14.478,NA,NA,FALSE,FALSE
20180319,"2018-03-19 12:00:00","2018-03-19 12:00:00",2018,3,19,7.222,14.222,10.667,38.354,NA,NA,FALSE,FALSE
20180320,"2018-03-20 12:00:00","2018-03-20 12:00:00",2018,3,20,0.611,12.722,6,1.27,NA,NA,FALSE,FALSE
20180321,"2018-03-21 12:00:00","2018-03-21 12:00:00",2018,3,21,0.5,4.611,2.667,7.366,NA,NA,FALSE,FALSE
20180322,"2018-03-22 12:00:00","2018-03-22 12:00:00",2018,3,22,1,10.722,5.611,0.508,NA,NA,FALSE,FALSE
20180323,"2018-03-23 12:00:00","2018-03-23 12:00:00",2018,3,23,0.611,13.722,7.5,0,NA,NA,FALSE,FALSE
20180324,"2018-03-24 12:00:00","2018-03-24 12:00:00",2018,3,24,2,17,10.611,0,NA,NA,FALSE,FALSE
20180325,"2018-03-25 12:00:00","2018-03-25 12:00:00",2018,3,25,5.111,19.611,12.167,0,NA,NA,FALSE,FALSE
20180326,"2018-03-26 12:00:00","2018-03-26 12:00:00",2018,3,26,7,20.722,13.167,0,NA,NA,FALSE,FALSE
20180327,"2018-03-27 12:00:00","2018-03-27 12:00:00",2018,3,27,7.611,21.222,14.833,0,NA,NA,FALSE,FALSE
20180328,"2018-03-28 12:00:00","2018-03-28 12:00:00",2018,3,28,8.611,23,16.5,0,NA,NA,FALSE,FALSE
20180329,"2018-03-29 12:00:00","2018-03-29 12:00:00",2018,3,29,12.722,22.5,16.833,0,NA,NA,FALSE,FALSE
20180330,"2018-03-30 12:00:00","2018-03-30 12:00:00",2018,3,30,11,22.111,16.167,0,NA,NA,FALSE,FALSE
20180331,"2018-03-31 12:00:00","2018-03-31 12:00:00",2018,3,31,10.5,24.111,17.778,0,NA,NA,FALSE,FALSE
20180401,"2018-04-01 12:00:00","2018-04-01 12:00:00",2018,4,1,12.722,22.722,17.889,0,NA,NA,FALSE,FALSE
20180402,"2018-04-02 12:00:00","2018-04-02 12:00:00",2018,4,2,12.722,25.222,19.222,0,NA,NA,FALSE,FALSE
20180403,"2018-04-03 12:00:00","2018-04-03 12:00:00",2018,4,3,13.889,26.111,20.889,0,NA,NA,FALSE,FALSE
20180404,"2018-04-04 12:00:00","2018-04-04 12:00:00",2018,4,4,11.5,16,14.389,0,NA,NA,FALSE,FALSE
20180405,"2018-04-05 12:00:00","2018-04-05 12:00:00",2018,4,5,10,13.611,12.111,6.35,NA,NA,FALSE,FALSE
20180406,"2018-04-06 12:00:00","2018-04-06 12:00:00",2018,4,6,3.111,11.722,7.389,37.846,NA,NA,FALSE,FALSE
20180407,"2018-04-07 12:00:00","2018-04-07 12:00:00",2018,4,7,1.111,8.222,5,0.508,NA,NA,FALSE,FALSE
20180408,"2018-04-08 12:00:00","2018-04-08 12:00:00",2018,4,8,2.278,14.5,11.056,0,NA,NA,FALSE,FALSE
20180409,"2018-04-09 12:00:00","2018-04-09 12:00:00",2018,4,9,8,20.722,14.333,0,NA,NA,FALSE,FALSE
20180410,"2018-04-10 12:00:00","2018-04-10 12:00:00",2018,4,10,9.278,22.611,18.833,NA,NA,NA,FALSE,FALSE
20180411,"2018-04-11 12:00:00","2018-04-11 12:00:00",2018,4,11,6.722,22,14.778,0.508,NA,NA,FALSE,FALSE
20180412,"2018-04-12 12:00:00","2018-04-12 12:00:00",2018,4,12,6.389,19.722,14.5,0,NA,NA,FALSE,FALSE
20180413,"2018-04-13 12:00:00","2018-04-13 12:00:00",2018,4,13,10.389,18.722,14.611,NA,NA,NA,FALSE,FALSE
20180414,"2018-04-14 12:00:00","2018-04-14 12:00:00",2018,4,14,7.222,13.722,9.944,16.002,NA,NA,FALSE,FALSE
20180415,"2018-04-15 12:00:00","2018-04-15 12:00:00",2018,4,15,4.722,15.5,9.5,6.096,NA,NA,FALSE,FALSE
20180416,"2018-04-16 12:00:00","2018-04-16 12:00:00",2018,4,16,4.722,17.722,12.667,0,NA,NA,FALSE,FALSE
20180417,"2018-04-17 12:00:00","2018-04-17 12:00:00",2018,4,17,7.111,21.222,13.556,0,NA,NA,FALSE,FALSE
20180418,"2018-04-18 12:00:00","2018-04-18 12:00:00",2018,4,18,6.611,21.5,13.611,0,NA,NA,FALSE,FALSE
20180419,"2018-04-19 12:00:00","2018-04-19 12:00:00",2018,4,19,6,24.222,16,0,NA,NA,FALSE,FALSE
20180420,"2018-04-20 12:00:00","2018-04-20 12:00:00",2018,4,20,9.611,29.722,19.778,0,NA,NA,FALSE,FALSE
20180421,"2018-04-21 12:00:00","2018-04-21 12:00:00",2018,4,21,11.222,28,20.889,NA,NA,NA,FALSE,FALSE
20180422,"2018-04-22 12:00:00","2018-04-22 12:00:00",2018,4,22,15.222,22.722,18.944,3.81,NA,NA,FALSE,FALSE
20180423,"2018-04-23 12:00:00","2018-04-23 12:00:00",2018,4,23,13.222,15.5,14.722,14.478,NA,NA,FALSE,FALSE
20180424,"2018-04-24 12:00:00","2018-04-24 12:00:00",2018,4,24,12.222,15.5,13.722,38.862,NA,NA,FALSE,FALSE
20180425,"2018-04-25 12:00:00","2018-04-25 12:00:00",2018,4,25,10,21.5,15.444,2.54,NA,NA,FALSE,FALSE
20180426,"2018-04-26 12:00:00","2018-04-26 12:00:00",2018,4,26,9.722,23.111,15.889,0,NA,NA,FALSE,FALSE
20180427,"2018-04-27 12:00:00","2018-04-27 12:00:00",2018,4,27,9.611,23.222,16.389,0,NA,NA,FALSE,FALSE
20180428,"2018-04-28 12:00:00","2018-04-28 12:00:00",2018,4,28,10,25.5,17.611,0,NA,NA,FALSE,FALSE
20180429,"2018-04-29 12:00:00","2018-04-29 12:00:00",2018,4,29,9.778,25.611,19.333,0,NA,NA,FALSE,FALSE
20180430,"2018-04-30 12:00:00","2018-04-30 12:00:00",2018,4,30,16.111,24.111,19.5,0,NA,NA,FALSE,FALSE
20180501,"2018-05-01 12:00:00","2018-05-01 12:00:00",2018,5,1,16,22.5,20.222,NA,NA,NA,FALSE,FALSE
20180502,"2018-05-02 12:00:00","2018-05-02 12:00:00",2018,5,2,9.5,20.111,14,3.556,NA,NA,FALSE,FALSE
20180503,"2018-05-03 12:00:00","2018-05-03 12:00:00",2018,5,3,8.222,15.722,12.167,0,NA,NA,FALSE,FALSE
20180504,"2018-05-04 12:00:00","2018-05-04 12:00:00",2018,5,4,7.778,20.722,15.389,0,NA,NA,FALSE,FALSE
20180505,"2018-05-05 12:00:00","2018-05-05 12:00:00",2018,5,5,10.111,24.222,19.778,NA,NA,NA,FALSE,FALSE
20180506,"2018-05-06 12:00:00","2018-05-06 12:00:00",2018,5,6,15.611,18,17.5,7.366,NA,NA,FALSE,FALSE
20180507,"2018-05-07 12:00:00","2018-05-07 12:00:00",2018,5,7,15,21.111,17.778,21.082,NA,NA,FALSE,FALSE
20180508,"2018-05-08 12:00:00","2018-05-08 12:00:00",2018,5,8,14.222,23.111,17.944,3.81,NA,NA,FALSE,FALSE
20180509,"2018-05-09 12:00:00","2018-05-09 12:00:00",2018,5,9,13.111,21.611,16.556,0,NA,NA,FALSE,FALSE
20180510,"2018-05-10 12:00:00","2018-05-10 12:00:00",2018,5,10,11.222,23,16.556,0,NA,NA,FALSE,FALSE
20180511,"2018-05-11 12:00:00","2018-05-11 12:00:00",2018,5,11,11,23,19.444,NA,NA,NA,FALSE,FALSE
20180512,"2018-05-12 12:00:00","2018-05-12 12:00:00",2018,5,12,16.111,20.5,17.833,0.254,NA,NA,FALSE,FALSE
20180513,"2018-05-13 12:00:00","2018-05-13 12:00:00",2018,5,13,13.5,23,17.833,29.972,NA,NA,FALSE,FALSE
20180514,"2018-05-14 12:00:00","2018-05-14 12:00:00",2018,5,14,13.278,28,21.778,0,NA,NA,FALSE,FALSE
20180515,"2018-05-15 12:00:00","2018-05-15 12:00:00",2018,5,15,16.889,30,25.389,NA,NA,NA,FALSE,FALSE
20180516,"2018-05-16 12:00:00","2018-05-16 12:00:00",2018,5,16,23,25.611,24.778,NA,NA,NA,FALSE,FALSE
20180517,"2018-05-17 12:00:00","2018-05-17 12:00:00",2018,5,17,20.5,25.611,23.611,NA,NA,NA,FALSE,FALSE
20180518,"2018-05-18 12:00:00","2018-05-18 12:00:00",2018,5,18,17,22.222,19.722,0.508,NA,NA,FALSE,FALSE
20180519,"2018-05-19 12:00:00","2018-05-19 12:00:00",2018,5,19,12.5,23.5,17.222,0,NA,NA,FALSE,FALSE
20180520,"2018-05-20 12:00:00","2018-05-20 12:00:00",2018,5,20,11.889,24.722,18.389,0,NA,NA,FALSE,FALSE
20180521,"2018-05-21 12:00:00","2018-05-21 12:00:00",2018,5,21,11,22.5,19.389,0,NA,NA,FALSE,FALSE
20180522,"2018-05-22 12:00:00","2018-05-22 12:00:00",2018,5,22,14.889,24,19.667,1.524,NA,NA,FALSE,FALSE
20180523,"2018-05-23 12:00:00","2018-05-23 12:00:00",2018,5,23,10.722,24,17.722,19.05,NA,NA,FALSE,FALSE
20180524,"2018-05-24 12:00:00","2018-05-24 12:00:00",2018,5,24,10.778,27,20.333,0,NA,NA,FALSE,FALSE
20180525,"2018-05-25 12:00:00","2018-05-25 12:00:00",2018,5,25,13.389,27.222,21.389,0,NA,NA,FALSE,FALSE
20180526,"2018-05-26 12:00:00","2018-05-26 12:00:00",2018,5,26,15,29.611,22.611,0,NA,NA,FALSE,FALSE
20180527,"2018-05-27 12:00:00","2018-05-27 12:00:00",2018,5,27,16.778,26.722,22,0,NA,NA,FALSE,FALSE
20180528,"2018-05-28 12:00:00","2018-05-28 12:00:00",2018,5,28,18.278,26,21.833,0,NA,NA,FALSE,FALSE
20180529,"2018-05-29 12:00:00","2018-05-29 12:00:00",2018,5,29,18.889,28.222,23.944,0,NA,NA,FALSE,FALSE
20180530,"2018-05-30 12:00:00","2018-05-30 12:00:00",2018,5,30,16.611,24.222,20.667,0,NA,NA,FALSE,FALSE
20180531,"2018-05-31 12:00:00","2018-05-31 12:00:00",2018,5,31,16,25.5,20.056,0,NA,NA,FALSE,FALSE
20180601,"2018-06-01 12:00:00","2018-06-01 12:00:00",2018,6,1,15.722,31.111,24.444,0,NA,NA,FALSE,FALSE
20180602,"2018-06-02 12:00:00","2018-06-02 12:00:00",2018,6,2,17.278,31.5,25.111,0,NA,NA,FALSE,FALSE
20180603,"2018-06-03 12:00:00","2018-06-03 12:00:00",2018,6,3,18.5,30.222,24.056,0,NA,NA,FALSE,FALSE
20180604,"2018-06-04 12:00:00","2018-06-04 12:00:00",2018,6,4,18.222,28.611,23.111,NA,NA,NA,FALSE,FALSE
20180605,"2018-06-05 12:00:00","2018-06-05 12:00:00",2018,6,5,19.111,25.222,22.278,0,NA,NA,FALSE,FALSE
20180606,"2018-06-06 12:00:00","2018-06-06 12:00:00",2018,6,6,19.222,29,23.611,0,NA,NA,FALSE,FALSE
20180607,"2018-06-07 12:00:00","2018-06-07 12:00:00",2018,6,7,19.111,32.5,24.833,0,NA,NA,FALSE,FALSE
20180608,"2018-06-08 12:00:00","2018-06-08 12:00:00",2018,6,8,18.222,27,22.333,0,NA,NA,FALSE,FALSE
20180609,"2018-06-09 12:00:00","2018-06-09 12:00:00",2018,6,9,17.722,29,23.778,NA,NA,NA,FALSE,FALSE
20180610,"2018-06-10 12:00:00","2018-06-10 12:00:00",2018,6,10,17.611,26.5,22,0.254,NA,NA,FALSE,FALSE
20180611,"2018-06-11 12:00:00","2018-06-11 12:00:00",2018,6,11,18.222,23.222,20.5,0,NA,NA,FALSE,FALSE
20180612,"2018-06-12 12:00:00","2018-06-12 12:00:00",2018,6,12,18.222,26.222,21.333,7.112,NA,NA,FALSE,FALSE
20180613,"2018-06-13 12:00:00","2018-06-13 12:00:00",2018,6,13,17.611,27.722,22.722,0,NA,NA,FALSE,FALSE
20180614,"2018-06-14 12:00:00","2018-06-14 12:00:00",2018,6,14,18,28,22.778,0,NA,NA,FALSE,FALSE
20180615,"2018-06-15 12:00:00","2018-06-15 12:00:00",2018,6,15,17.722,28.111,22.111,0,NA,NA,FALSE,FALSE
20180616,"2018-06-16 12:00:00","2018-06-16 12:00:00",2018,6,16,17.778,28.5,22.611,0,NA,NA,FALSE,FALSE
20180617,"2018-06-17 12:00:00","2018-06-17 12:00:00",2018,6,17,18.722,28.722,23.5,0,NA,NA,FALSE,FALSE
20180618,"2018-06-18 12:00:00","2018-06-18 12:00:00",2018,6,18,20.111,31.222,25.167,0,NA,NA,FALSE,FALSE
20180619,"2018-06-19 12:00:00","2018-06-19 12:00:00",2018,6,19,18.5,24.722,21.111,14.224,NA,NA,FALSE,FALSE
20180620,"2018-06-20 12:00:00","2018-06-20 12:00:00",2018,6,20,17.889,27.5,23,14.478,NA,NA,FALSE,FALSE
20180621,"2018-06-21 12:00:00","2018-06-21 12:00:00",2018,6,21,18.278,30.222,24.333,0,NA,NA,FALSE,FALSE
20180622,"2018-06-22 12:00:00","2018-06-22 12:00:00",2018,6,22,18.889,30.111,25.722,0,NA,NA,FALSE,FALSE
20180623,"2018-06-23 12:00:00","2018-06-23 12:00:00",2018,6,23,20.722,29.722,24.278,0,NA,NA,FALSE,FALSE
20180624,"2018-06-24 12:00:00","2018-06-24 12:00:00",2018,6,24,20.389,33.5,26.444,0,NA,NA,FALSE,FALSE
20180625,"2018-06-25 12:00:00","2018-06-25 12:00:00",2018,6,25,20.5,33,27.722,0,NA,NA,FALSE,FALSE
20180626,"2018-06-26 12:00:00","2018-06-26 12:00:00",2018,6,26,23.222,27.611,25.5,NA,NA,NA,FALSE,FALSE
20180627,"2018-06-27 12:00:00","2018-06-27 12:00:00",2018,6,27,21.722,28.222,24.167,57.404,NA,NA,FALSE,FALSE
20180628,"2018-06-28 12:00:00","2018-06-28 12:00:00",2018,6,28,21.611,24.222,22.833,68.326,NA,NA,FALSE,FALSE
20180629,"2018-06-29 12:00:00","2018-06-29 12:00:00",2018,6,29,22.222,29.5,25.778,17.018,NA,NA,FALSE,FALSE
20180630,"2018-06-30 12:00:00","2018-06-30 12:00:00",2018,6,30,20.611,25.222,22.556,45.72,NA,NA,FALSE,FALSE
20180701,"2018-07-01 12:00:00","2018-07-01 12:00:00",2018,7,1,20.389,26.722,25.333,46.99,NA,NA,FALSE,FALSE
20180702,"2018-07-02 12:00:00","2018-07-02 12:00:00",2018,7,2,21.5,28.111,25.722,45.72,NA,NA,FALSE,FALSE
20180703,"2018-07-03 12:00:00","2018-07-03 12:00:00",2018,7,3,23.222,29.611,26.556,10.668,NA,NA,FALSE,FALSE
20180704,"2018-07-04 12:00:00","2018-07-04 12:00:00",2018,7,4,23,31.722,26.722,0,NA,NA,FALSE,FALSE
20180705,"2018-07-05 12:00:00","2018-07-05 12:00:00",2018,7,5,23.111,28.222,25.167,6.096,NA,NA,FALSE,FALSE
20180706,"2018-07-06 12:00:00","2018-07-06 12:00:00",2018,7,6,21,26.389,23,5.08,NA,NA,FALSE,FALSE
20180707,"2018-07-07 12:00:00","2018-07-07 12:00:00",2018,7,7,20.778,28,24.556,0,NA,NA,FALSE,FALSE
20180708,"2018-07-08 12:00:00","2018-07-08 12:00:00",2018,7,8,21.278,27,24.056,0,NA,NA,FALSE,FALSE
20180709,"2018-07-09 12:00:00","2018-07-09 12:00:00",2018,7,9,21.778,25.222,24.111,0,NA,NA,FALSE,FALSE
20180710,"2018-07-10 12:00:00","2018-07-10 12:00:00",2018,7,10,23.5,30,27.444,0,NA,NA,FALSE,FALSE
20180711,"2018-07-11 12:00:00","2018-07-11 12:00:00",2018,7,11,24.611,30.222,27.889,0,NA,NA,FALSE,FALSE
20180712,"2018-07-12 12:00:00","2018-07-12 12:00:00",2018,7,12,25.111,33.5,29.222,0,NA,NA,FALSE,FALSE
20180713,"2018-07-13 12:00:00","2018-07-13 12:00:00",2018,7,13,25,31.611,28.444,0,NA,NA,FALSE,FALSE
20180714,"2018-07-14 12:00:00","2018-07-14 12:00:00",2018,7,14,24.222,34,28.889,0,NA,NA,FALSE,FALSE
20180715,"2018-07-15 12:00:00","2018-07-15 12:00:00",2018,7,15,24.611,35.5,29.333,0,NA,NA,FALSE,FALSE
20180716,"2018-07-16 12:00:00","2018-07-16 12:00:00",2018,7,16,24.5,34.5,29.111,0,NA,NA,FALSE,FALSE
20180717,"2018-07-17 12:00:00","2018-07-17 12:00:00",2018,7,17,24.278,34.722,29.389,0,NA,NA,FALSE,FALSE
20180718,"2018-07-18 12:00:00","2018-07-18 12:00:00",2018,7,18,25.278,32.722,29.222,0,NA,NA,FALSE,FALSE
20180719,"2018-07-19 12:00:00","2018-07-19 12:00:00",2018,7,19,24.722,34,29.389,0,NA,NA,FALSE,FALSE
20180720,"2018-07-20 12:00:00","2018-07-20 12:00:00",2018,7,20,24.778,36.611,31.167,0,NA,NA,FALSE,FALSE
20180721,"2018-07-21 12:00:00","2018-07-21 12:00:00",2018,7,21,26.222,33.5,30.667,0,NA,NA,FALSE,FALSE
20180722,"2018-07-22 12:00:00","2018-07-22 12:00:00",2018,7,22,26.222,32.611,29.056,0,NA,NA,FALSE,FALSE
20180723,"2018-07-23 12:00:00","2018-07-23 12:00:00",2018,7,23,26,34,29.722,0,NA,NA,FALSE,FALSE
20180724,"2018-07-24 12:00:00","2018-07-24 12:00:00",2018,7,24,25.778,35.5,30.778,0,NA,NA,FALSE,FALSE
20180725,"2018-07-25 12:00:00","2018-07-25 12:00:00",2018,7,25,26.222,34.111,29.944,0,NA,NA,FALSE,FALSE
20180726,"2018-07-26 12:00:00","2018-07-26 12:00:00",2018,7,26,26,35.111,30.389,0,NA,NA,FALSE,FALSE
20180727,"2018-07-27 12:00:00","2018-07-27 12:00:00",2018,7,27,25.889,37.722,31.056,0,NA,NA,FALSE,FALSE
20180728,"2018-07-28 12:00:00","2018-07-28 12:00:00",2018,7,28,26.278,36.222,30.444,0,NA,NA,FALSE,FALSE
20180729,"2018-07-29 12:00:00","2018-07-29 12:00:00",2018,7,29,26.5,35.611,31.611,0,NA,NA,FALSE,FALSE
20180730,"2018-07-30 12:00:00","2018-07-30 12:00:00",2018,7,30,26.111,35.222,29.944,0,NA,NA,FALSE,FALSE
20180731,"2018-07-31 12:00:00","2018-07-31 12:00:00",2018,7,31,25.889,36.222,31,0,NA,NA,FALSE,FALSE
20180801,"2018-08-01 12:00:00","2018-08-01 12:00:00",2018,8,1,26.222,36.111,31.778,0,NA,NA,FALSE,FALSE
20180802,"2018-08-02 12:00:00","2018-08-02 12:00:00",2018,8,2,27.111,36.222,32.056,0,NA,NA,FALSE,FALSE
20180803,"2018-08-03 12:00:00","2018-08-03 12:00:00",2018,8,3,27.389,33.5,30.222,0,NA,NA,FALSE,FALSE
20180804,"2018-08-04 12:00:00","2018-08-04 12:00:00",2018,8,4,26.722,33.5,30.056,NA,NA,NA,FALSE,FALSE
20180805,"2018-08-05 12:00:00","2018-08-05 12:00:00",2018,8,5,26.5,35.111,30.056,0,NA,NA,FALSE,FALSE
20180806,"2018-08-06 12:00:00","2018-08-06 12:00:00",2018,8,6,26.111,36,31.333,NA,NA,NA,FALSE,FALSE
20180807,"2018-08-07 12:00:00","2018-08-07 12:00:00",2018,8,7,27.222,35.111,29.667,0,NA,NA,FALSE,FALSE
20180808,"2018-08-08 12:00:00","2018-08-08 12:00:00",2018,8,8,27,35.5,30.889,0,NA,NA,FALSE,FALSE
20180809,"2018-08-09 12:00:00","2018-08-09 12:00:00",2018,8,9,26.722,34.5,30.278,NA,NA,NA,FALSE,FALSE
20180810,"2018-08-10 12:00:00","2018-08-10 12:00:00",2018,8,10,25,35.222,28.278,1.016,NA,NA,FALSE,FALSE
20180811,"2018-08-11 12:00:00","2018-08-11 12:00:00",2018,8,11,24.889,34.111,29,17.78,NA,NA,FALSE,FALSE
20180812,"2018-08-12 12:00:00","2018-08-12 12:00:00",2018,8,12,25.111,33.722,29.889,0,NA,NA,FALSE,FALSE
20180813,"2018-08-13 12:00:00","2018-08-13 12:00:00",2018,8,13,26.222,34.611,30.389,0,NA,NA,FALSE,FALSE
20180814,"2018-08-14 12:00:00","2018-08-14 12:00:00",2018,8,14,25.778,36.5,31.389,0,NA,NA,FALSE,FALSE
20180815,"2018-08-15 12:00:00","2018-08-15 12:00:00",2018,8,15,26.389,35.611,30.833,0,NA,NA,FALSE,FALSE
20180816,"2018-08-16 12:00:00","2018-08-16 12:00:00",2018,8,16,23.5,31.722,28.111,NA,NA,NA,FALSE,FALSE
20180817,"2018-08-17 12:00:00","2018-08-17 12:00:00",2018,8,17,20.722,31.611,26.222,0,NA,NA,FALSE,FALSE
20180818,"2018-08-18 12:00:00","2018-08-18 12:00:00",2018,8,18,20.611,32.722,26.5,0,NA,NA,FALSE,FALSE
20180819,"2018-08-19 12:00:00","2018-08-19 12:00:00",2018,8,19,22.278,33.111,27.667,0,NA,NA,FALSE,FALSE
20180820,"2018-08-20 12:00:00","2018-08-20 12:00:00",2018,8,20,24.278,31.111,27.056,0,NA,NA,FALSE,FALSE
20180821,"2018-08-21 12:00:00","2018-08-21 12:00:00",2018,8,21,24.222,34,28.667,0,NA,NA,FALSE,FALSE
20180822,"2018-08-22 12:00:00","2018-08-22 12:00:00",2018,8,22,24.389,35.5,30.5,NA,NA,NA,FALSE,FALSE
20180823,"2018-08-23 12:00:00","2018-08-23 12:00:00",2018,8,23,24,29.722,26.056,0.508,NA,NA,FALSE,FALSE
20180824,"2018-08-24 12:00:00","2018-08-24 12:00:00",2018,8,24,22.722,28.222,25.111,64.262,NA,NA,FALSE,FALSE
20180825,"2018-08-25 12:00:00","2018-08-25 12:00:00",2018,8,25,21.722,28.111,24.667,3.81,NA,NA,FALSE,FALSE
20180826,"2018-08-26 12:00:00","2018-08-26 12:00:00",2018,8,26,21.222,25.5,24.278,40.894,NA,NA,FALSE,FALSE
20180827,"2018-08-27 12:00:00","2018-08-27 12:00:00",2018,8,27,23.222,25.5,24.722,81.28,NA,NA,FALSE,FALSE
20180828,"2018-08-28 12:00:00","2018-08-28 12:00:00",2018,8,28,24.389,31.611,27.222,87.376,NA,NA,FALSE,FALSE
20180829,"2018-08-29 12:00:00","2018-08-29 12:00:00",2018,8,29,24.222,30.722,27.5,0,NA,NA,FALSE,FALSE
20180830,"2018-08-30 12:00:00","2018-08-30 12:00:00",2018,8,30,24.5,27.5,25.722,1.778,NA,NA,FALSE,FALSE
20180831,"2018-08-31 12:00:00","2018-08-31 12:00:00",2018,8,31,22.222,26.222,23.833,31.496,NA,NA,FALSE,FALSE
20180901,"2018-09-01 12:00:00","2018-09-01 12:00:00",2018,9,1,21.722,26.611,24.111,68.072,NA,NA,FALSE,FALSE
20180902,"2018-09-02 12:00:00","2018-09-02 12:00:00",2018,9,2,21,26.222,23.889,0,NA,NA,FALSE,FALSE
20180903,"2018-09-03 12:00:00","2018-09-03 12:00:00",2018,9,3,20.5,28.722,25.167,0,NA,NA,FALSE,FALSE
20180904,"2018-09-04 12:00:00","2018-09-04 12:00:00",2018,9,4,20.111,28.5,23.889,88.646,NA,NA,FALSE,FALSE
20180905,"2018-09-05 12:00:00","2018-09-05 12:00:00",2018,9,5,19.722,28.722,24.611,0,NA,NA,FALSE,FALSE
20180906,"2018-09-06 12:00:00","2018-09-06 12:00:00",2018,9,6,19.722,25.111,22.944,0.254,NA,NA,FALSE,FALSE
20180907,"2018-09-07 12:00:00","2018-09-07 12:00:00",2018,9,7,16.611,23.111,20.444,9.398,NA,NA,FALSE,FALSE
20180908,"2018-09-08 12:00:00","2018-09-08 12:00:00",2018,9,8,15.5,24.5,19.833,0.508,NA,NA,FALSE,FALSE
20180909,"2018-09-09 12:00:00","2018-09-09 12:00:00",2018,9,9,15.111,27.111,21.611,0,NA,NA,FALSE,FALSE
20180910,"2018-09-10 12:00:00","2018-09-10 12:00:00",2018,9,10,16.5,26.722,21.833,0,NA,NA,FALSE,FALSE
20180911,"2018-09-11 12:00:00","2018-09-11 12:00:00",2018,9,11,16.5,24,20.222,0,NA,NA,FALSE,FALSE
20180912,"2018-09-12 12:00:00","2018-09-12 12:00:00",2018,9,12,16.111,27.222,23.556,0,NA,NA,FALSE,FALSE
20180913,"2018-09-13 12:00:00","2018-09-13 12:00:00",2018,9,13,20,24.389,21.944,2.032,NA,NA,FALSE,FALSE
20180914,"2018-09-14 12:00:00","2018-09-14 12:00:00",2018,9,14,19.778,26,23.222,7.366,NA,NA,FALSE,FALSE
20180915,"2018-09-15 12:00:00","2018-09-15 12:00:00",2018,9,15,21.5,27.278,23.278,0,NA,NA,FALSE,FALSE
20180916,"2018-09-16 12:00:00","2018-09-16 12:00:00",2018,9,16,20.222,27.778,23.111,0,NA,NA,FALSE,FALSE
20180917,"2018-09-17 12:00:00","2018-09-17 12:00:00",2018,9,17,17.611,28.278,21.889,0,NA,NA,FALSE,FALSE
20180918,"2018-09-18 12:00:00","2018-09-18 12:00:00",2018,9,18,18.611,27.889,22.611,0,NA,NA,FALSE,FALSE
20180919,"2018-09-19 12:00:00","2018-09-19 12:00:00",2018,9,19,18.222,24,20.944,0.762,NA,NA,FALSE,FALSE
20180920,"2018-09-20 12:00:00","2018-09-20 12:00:00",2018,9,20,19.5,23.111,21.5,2.54,NA,NA,FALSE,FALSE
20180921,"2018-09-21 12:00:00","2018-09-21 12:00:00",2018,9,21,18,21.5,19.667,12.192,NA,NA,FALSE,FALSE
20180922,"2018-09-22 12:00:00","2018-09-22 12:00:00",2018,9,22,16,27.111,20.667,5.842,NA,NA,FALSE,FALSE
20180923,"2018-09-23 12:00:00","2018-09-23 12:00:00",2018,9,23,15,24.722,19.389,0,NA,NA,FALSE,FALSE
20180924,"2018-09-24 12:00:00","2018-09-24 12:00:00",2018,9,24,12,22,17.278,0,NA,NA,FALSE,FALSE
20180925,"2018-09-25 12:00:00","2018-09-25 12:00:00",2018,9,25,11.611,23.5,19.389,0,NA,NA,FALSE,FALSE
20180926,"2018-09-26 12:00:00","2018-09-26 12:00:00",2018,9,26,14.111,24.5,19,0,NA,NA,FALSE,FALSE
20180927,"2018-09-27 12:00:00","2018-09-27 12:00:00",2018,9,27,13.611,22.778,19.333,0,NA,NA,FALSE,FALSE
20180928,"2018-09-28 12:00:00","2018-09-28 12:00:00",2018,9,28,14.722,24.222,20.389,NA,NA,NA,FALSE,FALSE
20180929,"2018-09-29 12:00:00","2018-09-29 12:00:00",2018,9,29,16.5,23.778,20.444,0,NA,NA,FALSE,FALSE
20180930,"2018-09-30 12:00:00","2018-09-30 12:00:00",2018,9,30,14.611,24.389,19,0,NA,NA,FALSE,FALSE
20181001,"2018-10-01 12:00:00","2018-10-01 12:00:00",2018,10,1,14.111,21.5,17.444,0,NA,NA,FALSE,FALSE
20181002,"2018-10-02 12:00:00","2018-10-02 12:00:00",2018,10,2,11.111,22,16.667,1.016,NA,NA,FALSE,FALSE
20181003,"2018-10-03 12:00:00","2018-10-03 12:00:00",2018,10,3,10.778,23.222,17.667,0,NA,NA,FALSE,FALSE
20181004,"2018-10-04 12:00:00","2018-10-04 12:00:00",2018,10,4,12.389,24.111,19.444,NA,NA,NA,FALSE,FALSE
20181005,"2018-10-05 12:00:00","2018-10-05 12:00:00",2018,10,5,15.722,19.222,18.444,9.398,NA,NA,FALSE,FALSE
20181006,"2018-10-06 12:00:00","2018-10-06 12:00:00",2018,10,6,15.722,19.611,18.056,NA,NA,NA,FALSE,FALSE
20181007,"2018-10-07 12:00:00","2018-10-07 12:00:00",2018,10,7,13,23,17.222,1.778,NA,NA,FALSE,FALSE
20181008,"2018-10-08 12:00:00","2018-10-08 12:00:00",2018,10,8,12,20.611,16.611,0,NA,NA,FALSE,FALSE
20181009,"2018-10-09 12:00:00","2018-10-09 12:00:00",2018,10,9,13,19.722,16.444,NA,NA,NA,FALSE,FALSE
20181010,"2018-10-10 12:00:00","2018-10-10 12:00:00",2018,10,10,10,17.611,13.389,4.318,NA,NA,FALSE,FALSE
20181011,"2018-10-11 12:00:00","2018-10-11 12:00:00",2018,10,11,7.222,16.222,11.722,0,NA,NA,FALSE,FALSE
20181012,"2018-10-12 12:00:00","2018-10-12 12:00:00",2018,10,12,7,18,12.333,0,NA,NA,FALSE,FALSE
20181013,"2018-10-13 12:00:00","2018-10-13 12:00:00",2018,10,13,7,19,13.333,0,NA,NA,FALSE,FALSE
20181014,"2018-10-14 12:00:00","2018-10-14 12:00:00",2018,10,14,8.278,21.5,15.111,0,NA,NA,FALSE,FALSE
20181015,"2018-10-15 12:00:00","2018-10-15 12:00:00",2018,10,15,9.778,21,16.222,0,NA,NA,FALSE,FALSE
20181016,"2018-10-16 12:00:00","2018-10-16 12:00:00",2018,10,16,9.722,19.222,13.778,0,NA,NA,FALSE,FALSE
20181017,"2018-10-17 12:00:00","2018-10-17 12:00:00",2018,10,17,7.722,19.611,13.611,0,NA,NA,FALSE,FALSE
20181018,"2018-10-18 12:00:00","2018-10-18 12:00:00",2018,10,18,7.5,16.5,12.5,0,NA,NA,FALSE,FALSE
20181019,"2018-10-19 12:00:00","2018-10-19 12:00:00",2018,10,19,7.5,19.722,13.278,0,NA,NA,FALSE,FALSE
20181020,"2018-10-20 12:00:00","2018-10-20 12:00:00",2018,10,20,7.222,20,13.833,0,NA,NA,FALSE,FALSE
20181021,"2018-10-21 12:00:00","2018-10-21 12:00:00",2018,10,21,7.722,21,14.278,0,NA,NA,FALSE,FALSE
20181022,"2018-10-22 12:00:00","2018-10-22 12:00:00",2018,10,22,9.278,19.222,15.111,0,NA,NA,FALSE,FALSE
20181023,"2018-10-23 12:00:00","2018-10-23 12:00:00",2018,10,23,10,17.722,12.833,0,NA,NA,FALSE,FALSE
20181024,"2018-10-24 12:00:00","2018-10-24 12:00:00",2018,10,24,9,20,14.333,0.508,NA,NA,FALSE,FALSE
20181025,"2018-10-25 12:00:00","2018-10-25 12:00:00",2018,10,25,7.778,21.5,15.833,0,NA,NA,FALSE,FALSE
20181026,"2018-10-26 12:00:00","2018-10-26 12:00:00",2018,10,26,10,14.611,12.667,0.508,NA,NA,FALSE,FALSE
20181027,"2018-10-27 12:00:00","2018-10-27 12:00:00",2018,10,27,8.5,15,10.611,6.604,NA,NA,FALSE,FALSE
20181028,"2018-10-28 12:00:00","2018-10-28 12:00:00",2018,10,28,7.611,18.611,13.278,0.508,NA,NA,FALSE,FALSE
20181029,"2018-10-29 12:00:00","2018-10-29 12:00:00",2018,10,29,8.111,17,12.111,0.762,NA,NA,FALSE,FALSE
20181030,"2018-10-30 12:00:00","2018-10-30 12:00:00",2018,10,30,5.722,12.5,8.944,0,NA,NA,FALSE,FALSE
20181031,"2018-10-31 12:00:00","2018-10-31 12:00:00",2018,10,31,4,13.722,8.611,0,NA,NA,FALSE,FALSE
20181101,"2018-11-01 12:00:00","2018-11-01 12:00:00",2018,11,1,3.722,15.5,9.556,0,NA,NA,FALSE,FALSE
20181102,"2018-11-02 12:00:00","2018-11-02 12:00:00",2018,11,2,4.611,18.722,11.667,0,NA,NA,FALSE,FALSE
20181103,"2018-11-03 12:00:00","2018-11-03 12:00:00",2018,11,3,5.222,18.611,11.889,0,NA,NA,FALSE,FALSE
20181104,"2018-11-04 12:00:00","2018-11-04 12:00:00",2018,11,4,5.722,20,12,0,NA,NA,FALSE,FALSE
20181105,"2018-11-05 12:00:00","2018-11-05 12:00:00",2018,11,5,5.778,20.5,12.944,0,NA,NA,FALSE,FALSE
20181106,"2018-11-06 12:00:00","2018-11-06 12:00:00",2018,11,6,7.278,19.722,14,0,NA,NA,FALSE,FALSE
20181107,"2018-11-07 12:00:00","2018-11-07 12:00:00",2018,11,7,11.278,15.722,14,3.048,NA,NA,FALSE,FALSE
20181108,"2018-11-08 12:00:00","2018-11-08 12:00:00",2018,11,8,12.222,17.222,14.722,7.874,NA,NA,FALSE,FALSE
20181109,"2018-11-09 12:00:00","2018-11-09 12:00:00",2018,11,9,6.722,15.722,11.389,23.368,NA,NA,FALSE,FALSE
20181110,"2018-11-10 12:00:00","2018-11-10 12:00:00",2018,11,10,6.111,18,12,0,NA,NA,FALSE,FALSE
20181111,"2018-11-11 12:00:00","2018-11-11 12:00:00",2018,11,11,7.778,13.722,11,3.81,NA,NA,FALSE,FALSE
20181112,"2018-11-12 12:00:00","2018-11-12 12:00:00",2018,11,12,4.722,14.111,9.389,6.35,NA,NA,FALSE,FALSE
20181113,"2018-11-13 12:00:00","2018-11-13 12:00:00",2018,11,13,4.5,15.222,9.444,0,NA,NA,FALSE,FALSE
20181114,"2018-11-14 12:00:00","2018-11-14 12:00:00",2018,11,14,4.222,15.611,10.056,0,NA,NA,FALSE,FALSE
20181115,"2018-11-15 12:00:00","2018-11-15 12:00:00",2018,11,15,5.111,17,12,NA,NA,NA,FALSE,FALSE
20181116,"2018-11-16 12:00:00","2018-11-16 12:00:00",2018,11,16,6.222,11.5,9.5,1.778,NA,NA,FALSE,FALSE
20181117,"2018-11-17 12:00:00","2018-11-17 12:00:00",2018,11,17,4.722,14.611,8.5,1.016,NA,NA,FALSE,FALSE
20181118,"2018-11-18 12:00:00","2018-11-18 12:00:00",2018,11,18,4.5,10.222,7.444,0,NA,NA,FALSE,FALSE
20181119,"2018-11-19 12:00:00","2018-11-19 12:00:00",2018,11,19,4.222,14,8.778,0,NA,NA,FALSE,FALSE
20181120,"2018-11-20 12:00:00","2018-11-20 12:00:00",2018,11,20,3.778,14.5,8.389,0,NA,NA,FALSE,FALSE
20181121,"2018-11-21 12:00:00","2018-11-21 12:00:00",2018,11,21,3.889,12.222,8.056,0,NA,NA,FALSE,FALSE
20181122,"2018-11-22 12:00:00","2018-11-22 12:00:00",2018,11,22,1,9.111,5.333,0,NA,NA,FALSE,FALSE
20181123,"2018-11-23 12:00:00","2018-11-23 12:00:00",2018,11,23,0.389,10.222,6.222,0,NA,NA,FALSE,FALSE
20181124,"2018-11-24 12:00:00","2018-11-24 12:00:00",2018,11,24,3.389,11,8.222,7.112,NA,NA,FALSE,FALSE
20181125,"2018-11-25 12:00:00","2018-11-25 12:00:00",2018,11,25,3.111,13,7.556,7.112,NA,NA,FALSE,FALSE
20181126,"2018-11-26 12:00:00","2018-11-26 12:00:00",2018,11,26,2.722,15.222,9,0,NA,NA,FALSE,FALSE
20181127,"2018-11-27 12:00:00","2018-11-27 12:00:00",2018,11,27,4.111,16.222,10.722,0,NA,NA,FALSE,FALSE
20181128,"2018-11-28 12:00:00","2018-11-28 12:00:00",2018,11,28,2.222,12.222,7.111,0,NA,NA,FALSE,FALSE
20181129,"2018-11-29 12:00:00","2018-11-29 12:00:00",2018,11,29,1.5,14.5,8.722,0,NA,NA,FALSE,FALSE
20181130,"2018-11-30 12:00:00","2018-11-30 12:00:00",2018,11,30,3.889,14,7.667,0,NA,NA,FALSE,FALSE
20181201,"2018-12-01 12:00:00","2018-12-01 12:00:00",2018,12,1,4.5,12.222,8,0,NA,NA,FALSE,FALSE
20181202,"2018-12-02 12:00:00","2018-12-02 12:00:00",2018,12,2,5,19,14.222,NA,NA,NA,FALSE,FALSE
20181203,"2018-12-03 12:00:00","2018-12-03 12:00:00",2018,12,3,12.111,16.722,14.889,9.906,NA,NA,FALSE,FALSE
20181204,"2018-12-04 12:00:00","2018-12-04 12:00:00",2018,12,4,2,11.722,8,13.716,NA,NA,FALSE,FALSE
20181205,"2018-12-05 12:00:00","2018-12-05 12:00:00",2018,12,5,0.722,9.222,4.722,0,NA,NA,FALSE,FALSE
20181206,"2018-12-06 12:00:00","2018-12-06 12:00:00",2018,12,6,0.222,6.222,3.889,4.572,NA,NA,FALSE,FALSE
20181207,"2018-12-07 12:00:00","2018-12-07 12:00:00",2018,12,7,-4.889,-0.5,-2.833,0,NA,NA,FALSE,FALSE
20181208,"2018-12-08 12:00:00","2018-12-08 12:00:00",2018,12,8,-5.278,0.722,-2.722,NA,NA,NA,FALSE,FALSE
20181209,"2018-12-09 12:00:00","2018-12-09 12:00:00",2018,12,9,-5.278,2.222,-2.222,0,NA,NA,FALSE,FALSE
20181210,"2018-12-10 12:00:00","2018-12-10 12:00:00",2018,12,10,-4.889,7,1.833,0,NA,NA,FALSE,FALSE
20181211,"2018-12-11 12:00:00","2018-12-11 12:00:00",2018,12,11,-0.778,2.222,1.5,1.016,NA,NA,FALSE,FALSE
20181212,"2018-12-12 12:00:00","2018-12-12 12:00:00",2018,12,12,-1.222,4.222,0.944,1.016,NA,NA,FALSE,FALSE
20181213,"2018-12-13 12:00:00","2018-12-13 12:00:00",2018,12,13,-1.278,5.5,2.111,0,NA,NA,FALSE,FALSE
20181214,"2018-12-14 12:00:00","2018-12-14 12:00:00",2018,12,14,-4.222,4,-0.278,0,NA,NA,FALSE,FALSE
20181215,"2018-12-15 12:00:00","2018-12-15 12:00:00",2018,12,15,-4.889,7.222,1.944,0,NA,NA,FALSE,FALSE
20181216,"2018-12-16 12:00:00","2018-12-16 12:00:00",2018,12,16,0.222,4.5,2.5,0,NA,NA,FALSE,FALSE
20181217,"2018-12-17 12:00:00","2018-12-17 12:00:00",2018,12,17,-0.111,8.5,4.611,0,NA,NA,FALSE,FALSE
20181218,"2018-12-18 12:00:00","2018-12-18 12:00:00",2018,12,18,0.389,8.722,4.556,0,NA,NA,FALSE,FALSE
20181219,"2018-12-19 12:00:00","2018-12-19 12:00:00",2018,12,19,0.611,11.722,8,0,NA,NA,FALSE,FALSE
20181220,"2018-12-20 12:00:00","2018-12-20 12:00:00",2018,12,20,3.722,12.222,7.5,0,NA,NA,FALSE,FALSE
20181221,"2018-12-21 12:00:00","2018-12-21 12:00:00",2018,12,21,3.278,13.611,8.667,0,NA,NA,FALSE,FALSE
20181222,"2018-12-22 12:00:00","2018-12-22 12:00:00",2018,12,22,3.5,14.611,8.944,NA,NA,NA,FALSE,FALSE
20181223,"2018-12-23 12:00:00","2018-12-23 12:00:00",2018,12,23,-0.222,10.222,4.833,3.048,NA,NA,FALSE,FALSE
20181224,"2018-12-24 12:00:00","2018-12-24 12:00:00",2018,12,24,-1.722,6.222,1.389,0,NA,NA,FALSE,FALSE
20181225,"2018-12-25 12:00:00","2018-12-25 12:00:00",2018,12,25,-1.889,6.222,4,NA,NA,NA,FALSE,FALSE
20181226,"2018-12-26 12:00:00","2018-12-26 12:00:00",2018,12,26,-2.889,6.722,2.611,0,NA,NA,FALSE,FALSE
20181227,"2018-12-27 12:00:00","2018-12-27 12:00:00",2018,12,27,-6.222,-2,-4.278,NA,NA,NA,FALSE,FALSE
20181228,"2018-12-28 12:00:00","2018-12-28 12:00:00",2018,12,28,-6.889,-1.5,-4.889,NA,NA,NA,FALSE,FALSE
20181229,"2018-12-29 12:00:00","2018-12-29 12:00:00",2018,12,29,-7,0.722,-2.889,NA,NA,NA,FALSE,FALSE
20181230,"2018-12-30 12:00:00","2018-12-30 12:00:00",2018,12,30,-6,1.722,-2.5,0,NA,NA,FALSE,FALSE
20181231,"2018-12-31 12:00:00","2018-12-31 12:00:00",2018,12,31,-7,4,-0.833,0,NA,NA,FALSE,FALSE
20190101,"2019-01-01 12:00:00","2019-01-01 12:00:00",2019,1,1,-2.278,1.111,0.056,NA,NA,NA,FALSE,FALSE
20190102,"2019-01-02 12:00:00","2019-01-02 12:00:00",2019,1,2,-3.389,3.5,-0.5,0,NA,NA,FALSE,FALSE
20190103,"2019-01-03 12:00:00","2019-01-03 12:00:00",2019,1,3,-3.722,5.5,0.556,0,NA,NA,FALSE,FALSE
20190104,"2019-01-04 12:00:00","2019-01-04 12:00:00",2019,1,4,-4.111,3.611,1.833,NA,NA,NA,FALSE,FALSE
20190105,"2019-01-05 12:00:00","2019-01-05 12:00:00",2019,1,5,-2.222,6.111,1,0,NA,NA,FALSE,FALSE
20190106,"2019-01-06 12:00:00","2019-01-06 12:00:00",2019,1,6,-2.778,6.111,0.667,0,NA,NA,FALSE,FALSE
20190107,"2019-01-07 12:00:00","2019-01-07 12:00:00",2019,1,7,-3.222,6.222,1.611,0,NA,NA,FALSE,FALSE
20190108,"2019-01-08 12:00:00","2019-01-08 12:00:00",2019,1,8,-4.722,3.611,-0.167,0,NA,NA,FALSE,FALSE
20190109,"2019-01-09 12:00:00","2019-01-09 12:00:00",2019,1,9,-5.111,2.222,0.056,0,NA,NA,FALSE,FALSE
20190110,"2019-01-10 12:00:00","2019-01-10 12:00:00",2019,1,10,-0.611,4.722,1.944,0,NA,NA,FALSE,FALSE
20190111,"2019-01-11 12:00:00","2019-01-11 12:00:00",2019,1,11,-1.111,8.5,4.778,NA,NA,NA,FALSE,FALSE
20190112,"2019-01-12 12:00:00","2019-01-12 12:00:00",2019,1,12,0.611,9.222,4.556,3.81,NA,NA,FALSE,FALSE
20190113,"2019-01-13 12:00:00","2019-01-13 12:00:00",2019,1,13,-2,8.111,2.5,0,NA,NA,FALSE,FALSE
20190114,"2019-01-14 12:00:00","2019-01-14 12:00:00",2019,1,14,-2.222,8.111,2.889,0,NA,NA,FALSE,FALSE
20190115,"2019-01-15 12:00:00","2019-01-15 12:00:00",2019,1,15,-5.389,6.5,0.611,NA,NA,NA,FALSE,FALSE
20190116,"2019-01-16 12:00:00","2019-01-16 12:00:00",2019,1,16,-5.889,2,-1.389,0,NA,NA,FALSE,FALSE
20190117,"2019-01-17 12:00:00","2019-01-17 12:00:00",2019,1,17,-2.889,6,1.111,0,NA,NA,FALSE,FALSE
20190118,"2019-01-18 12:00:00","2019-01-18 12:00:00",2019,1,18,-3,8.5,3,0,NA,NA,FALSE,FALSE
20190119,"2019-01-19 12:00:00","2019-01-19 12:00:00",2019,1,19,-0.778,8,4.444,1.016,NA,NA,FALSE,FALSE
20190120,"2019-01-20 12:00:00","2019-01-20 12:00:00",2019,1,20,-1.722,4,0.889,2.286,NA,NA,FALSE,FALSE
20190121,"2019-01-21 12:00:00","2019-01-21 12:00:00",2019,1,21,-2.111,7.5,2.278,0,NA,NA,FALSE,FALSE
20190122,"2019-01-22 12:00:00","2019-01-22 12:00:00",2019,1,22,-2.222,9,4.056,0,NA,NA,FALSE,FALSE
20190123,"2019-01-23 12:00:00","2019-01-23 12:00:00",2019,1,23,-0.722,9.5,3.944,0,NA,NA,FALSE,FALSE
20190124,"2019-01-24 12:00:00","2019-01-24 12:00:00",2019,1,24,-1.722,9,2.444,0,NA,NA,FALSE,FALSE
20190125,"2019-01-25 12:00:00","2019-01-25 12:00:00",2019,1,25,-2.222,5,0.778,0,NA,NA,FALSE,FALSE
20190126,"2019-01-26 12:00:00","2019-01-26 12:00:00",2019,1,26,-4.722,2.722,-1,0,NA,NA,FALSE,FALSE
20190127,"2019-01-27 12:00:00","2019-01-27 12:00:00",2019,1,27,-5.278,7.5,2.444,0,NA,NA,FALSE,FALSE
20190128,"2019-01-28 12:00:00","2019-01-28 12:00:00",2019,1,28,-2.722,8,2.389,0,NA,NA,FALSE,FALSE
20190129,"2019-01-29 12:00:00","2019-01-29 12:00:00",2019,1,29,-3.278,7.722,2.611,0,NA,NA,FALSE,FALSE
20190130,"2019-01-30 12:00:00","2019-01-30 12:00:00",2019,1,30,-0.5,9,4.722,NA,NA,NA,FALSE,FALSE
20190131,"2019-01-31 12:00:00","2019-01-31 12:00:00",2019,1,31,-3.222,0.611,-0.778,5.842,NA,NA,FALSE,FALSE
20190201,"2019-02-01 12:00:00","2019-02-01 12:00:00",2019,2,1,-3.889,3.5,-0.222,4.318,NA,NA,FALSE,FALSE
20190202,"2019-02-02 12:00:00","2019-02-02 12:00:00",2019,2,2,-2.889,9.111,6,0,NA,NA,FALSE,FALSE
20190203,"2019-02-03 12:00:00","2019-02-03 12:00:00",2019,2,3,1.222,10.722,6.333,10.922,NA,NA,FALSE,FALSE
20190204,"2019-02-04 12:00:00","2019-02-04 12:00:00",2019,2,4,-0.722,7.611,3.389,6.604,NA,NA,FALSE,FALSE
20190205,"2019-02-05 12:00:00","2019-02-05 12:00:00",2019,2,5,-1.389,12.222,6.167,0,NA,NA,FALSE,FALSE
20190206,"2019-02-06 12:00:00","2019-02-06 12:00:00",2019,2,6,1.611,13.222,8.056,NA,NA,NA,FALSE,FALSE
20190207,"2019-02-07 12:00:00","2019-02-07 12:00:00",2019,2,7,-4,6,0.111,0,NA,NA,FALSE,FALSE
20190208,"2019-02-08 12:00:00","2019-02-08 12:00:00",2019,2,8,-4.389,4,-0.111,0,NA,NA,FALSE,FALSE
20190209,"2019-02-09 12:00:00","2019-02-09 12:00:00",2019,2,9,-4.389,0.611,-1.889,0,NA,NA,FALSE,FALSE
20190210,"2019-02-10 12:00:00","2019-02-10 12:00:00",2019,2,10,-4.889,3,-0.556,0,NA,NA,FALSE,FALSE
20190211,"2019-02-11 12:00:00","2019-02-11 12:00:00",2019,2,11,-3.722,3,-0.444,0,NA,NA,FALSE,FALSE
20190212,"2019-02-12 12:00:00","2019-02-12 12:00:00",2019,2,12,-4.278,7.722,2.278,0,NA,NA,FALSE,FALSE
20190213,"2019-02-13 12:00:00","2019-02-13 12:00:00",2019,2,13,-1.889,6,1.722,0,NA,NA,FALSE,FALSE
20190214,"2019-02-14 12:00:00","2019-02-14 12:00:00",2019,2,14,-1.5,7,2.611,0,NA,NA,FALSE,FALSE
20190215,"2019-02-15 12:00:00","2019-02-15 12:00:00",2019,2,15,-0.222,5.611,2.778,0,NA,NA,FALSE,FALSE
20190216,"2019-02-16 12:00:00","2019-02-16 12:00:00",2019,2,16,-1.889,2.111,-0.444,NA,NA,NA,FALSE,FALSE
20190217,"2019-02-17 12:00:00","2019-02-17 12:00:00",2019,2,17,-2.778,6,1.333,0,NA,NA,FALSE,FALSE
20190218,"2019-02-18 12:00:00","2019-02-18 12:00:00",2019,2,18,-1.611,6,3.667,NA,NA,NA,FALSE,FALSE
20190219,"2019-02-19 12:00:00","2019-02-19 12:00:00",2019,2,19,1.111,6.5,3.444,16.002,NA,NA,FALSE,FALSE
20190220,"2019-02-20 12:00:00","2019-02-20 12:00:00",2019,2,20,-0.5,7.222,2.944,3.302,NA,NA,FALSE,FALSE
20190221,"2019-02-21 12:00:00","2019-02-21 12:00:00",2019,2,21,-1.222,10,4.722,0,NA,NA,FALSE,FALSE
20190222,"2019-02-22 12:00:00","2019-02-22 12:00:00",2019,2,22,0.889,10.5,5.333,0,NA,NA,FALSE,FALSE
20190223,"2019-02-23 12:00:00","2019-02-23 12:00:00",2019,2,23,0.222,15.222,7.611,0,NA,NA,FALSE,FALSE
20190224,"2019-02-24 12:00:00","2019-02-24 12:00:00",2019,2,24,1.722,14.722,8.056,0,NA,NA,FALSE,FALSE
20190225,"2019-02-25 12:00:00","2019-02-25 12:00:00",2019,2,25,1,13.111,6.111,0,NA,NA,FALSE,FALSE
20190226,"2019-02-26 12:00:00","2019-02-26 12:00:00",2019,2,26,0,13.222,7.722,0,NA,NA,FALSE,FALSE
20190227,"2019-02-27 12:00:00","2019-02-27 12:00:00",2019,2,27,4.611,12.111,8.056,0.508,NA,NA,FALSE,FALSE
20190228,"2019-02-28 12:00:00","2019-02-28 12:00:00",2019,2,28,1.722,13.5,7.278,0.508,NA,NA,FALSE,FALSE
20190301,"2019-03-01 12:00:00","2019-03-01 12:00:00",2019,3,1,1,13.5,6.944,0,NA,NA,FALSE,FALSE
20190302,"2019-03-02 12:00:00","2019-03-02 12:00:00",2019,3,2,2.111,15.722,11.111,0,NA,NA,FALSE,FALSE
20190303,"2019-03-03 12:00:00","2019-03-03 12:00:00",2019,3,3,7.222,14.111,10.667,NA,NA,NA,FALSE,FALSE
20190304,"2019-03-04 12:00:00","2019-03-04 12:00:00",2019,3,4,2.611,14.5,8.333,0,NA,NA,FALSE,FALSE
20190305,"2019-03-05 12:00:00","2019-03-05 12:00:00",2019,3,5,2.611,13.722,10.278,NA,NA,NA,FALSE,FALSE
20190306,"2019-03-06 12:00:00","2019-03-06 12:00:00",2019,3,6,3.722,15.222,8.778,NA,NA,NA,FALSE,FALSE
20190307,"2019-03-07 12:00:00","2019-03-07 12:00:00",2019,3,7,0,10.722,5.611,0,NA,NA,FALSE,FALSE
20190308,"2019-03-08 12:00:00","2019-03-08 12:00:00",2019,3,8,-0.111,16.111,7.167,0,NA,NA,FALSE,FALSE
20190309,"2019-03-09 12:00:00","2019-03-09 12:00:00",2019,3,9,0.889,16.5,10.833,NA,NA,NA,FALSE,FALSE
20190310,"2019-03-10 12:00:00","2019-03-10 12:00:00",2019,3,10,2.722,10.222,7.056,8.89,NA,NA,FALSE,FALSE
20190311,"2019-03-11 12:00:00","2019-03-11 12:00:00",2019,3,11,2.389,9.222,6.444,1.016,NA,NA,FALSE,FALSE
20190312,"2019-03-12 12:00:00","2019-03-12 12:00:00",2019,3,12,1,11.5,4.889,1.016,NA,NA,FALSE,FALSE
20190313,"2019-03-13 12:00:00","2019-03-13 12:00:00",2019,3,13,0.5,9.5,5.111,0,NA,NA,FALSE,FALSE
20190314,"2019-03-14 12:00:00","2019-03-14 12:00:00",2019,3,14,0,13.5,8.111,0,NA,NA,FALSE,FALSE
20190315,"2019-03-15 12:00:00","2019-03-15 12:00:00",2019,3,15,4,12,6.944,0.254,NA,NA,FALSE,FALSE
20190316,"2019-03-16 12:00:00","2019-03-16 12:00:00",2019,3,16,3.722,13,7.389,0.508,NA,NA,FALSE,FALSE
20190317,"2019-03-17 12:00:00","2019-03-17 12:00:00",2019,3,17,2.111,13.5,7.722,0,NA,NA,FALSE,FALSE
20190318,"2019-03-18 12:00:00","2019-03-18 12:00:00",2019,3,18,1.5,14,9.222,0,NA,NA,FALSE,FALSE
20190319,"2019-03-19 12:00:00","2019-03-19 12:00:00",2019,3,19,3.389,19,11.944,0,NA,NA,FALSE,FALSE
20190320,"2019-03-20 12:00:00","2019-03-20 12:00:00",2019,3,20,7.722,16.5,13.111,12.446,NA,NA,FALSE,FALSE
20190321,"2019-03-21 12:00:00","2019-03-21 12:00:00",2019,3,21,2.722,9.611,6.167,20.574,NA,NA,FALSE,FALSE
20190322,"2019-03-22 12:00:00","2019-03-22 12:00:00",2019,3,22,2,9.222,4.944,0,NA,NA,FALSE,FALSE
20190323,"2019-03-23 12:00:00","2019-03-23 12:00:00",2019,3,23,0.5,10,4.444,0,NA,NA,FALSE,FALSE
20190324,"2019-03-24 12:00:00","2019-03-24 12:00:00",2019,3,24,-0.611,11.111,5.556,0,NA,NA,FALSE,FALSE
20190325,"2019-03-25 12:00:00","2019-03-25 12:00:00",2019,3,25,1.278,13.111,8.389,0,NA,NA,FALSE,FALSE
20190326,"2019-03-26 12:00:00","2019-03-26 12:00:00",2019,3,26,5,19.222,13,0,NA,NA,FALSE,FALSE
20190327,"2019-03-27 12:00:00","2019-03-27 12:00:00",2019,3,27,7.722,19.222,14.056,0,NA,NA,FALSE,FALSE
20190328,"2019-03-28 12:00:00","2019-03-28 12:00:00",2019,3,28,6,20.111,12.111,0,NA,NA,FALSE,FALSE
20190329,"2019-03-29 12:00:00","2019-03-29 12:00:00",2019,3,29,5.5,19.611,12.056,NA,NA,NA,FALSE,FALSE
20190330,"2019-03-30 12:00:00","2019-03-30 12:00:00",2019,3,30,4.5,11.222,7.056,1.016,NA,NA,FALSE,FALSE
20190331,"2019-03-31 12:00:00","2019-03-31 12:00:00",2019,3,31,2.722,8.111,5.5,0.508,NA,NA,FALSE,FALSE
20190401,"2019-04-01 12:00:00","2019-04-01 12:00:00",2019,4,1,2.278,11.722,8,0,NA,NA,FALSE,FALSE
20190402,"2019-04-02 12:00:00","2019-04-02 12:00:00",2019,4,2,2.5,13.222,7.778,0,NA,NA,FALSE,FALSE
20190403,"2019-04-03 12:00:00","2019-04-03 12:00:00",2019,4,3,1.722,15,7.5,0,NA,NA,FALSE,FALSE
20190404,"2019-04-04 12:00:00","2019-04-04 12:00:00",2019,4,4,0.889,18.611,11,0,NA,NA,FALSE,FALSE
20190405,"2019-04-05 12:00:00","2019-04-05 12:00:00",2019,4,5,4.722,18,11,0,NA,NA,FALSE,FALSE
20190406,"2019-04-06 12:00:00","2019-04-06 12:00:00",2019,4,6,4.111,21.5,15.222,0,NA,NA,FALSE,FALSE
20190407,"2019-04-07 12:00:00","2019-04-07 12:00:00",2019,4,7,8.611,13.722,11.667,8.89,NA,NA,FALSE,FALSE
20190408,"2019-04-08 12:00:00","2019-04-08 12:00:00",2019,4,8,7.611,19.5,14.056,8.89,NA,NA,FALSE,FALSE
20190409,"2019-04-09 12:00:00","2019-04-09 12:00:00",2019,4,9,6.5,16.111,9.611,0,NA,NA,FALSE,FALSE
20190410,"2019-04-10 12:00:00","2019-04-10 12:00:00",2019,4,10,5.722,9.5,7.722,38.608,NA,NA,FALSE,FALSE
20190411,"2019-04-11 12:00:00","2019-04-11 12:00:00",2019,4,11,5.5,14.611,10.333,0,NA,NA,FALSE,FALSE
20190412,"2019-04-12 12:00:00","2019-04-12 12:00:00",2019,4,12,5.611,17.5,11.556,0,NA,NA,FALSE,FALSE
20190413,"2019-04-13 12:00:00","2019-04-13 12:00:00",2019,4,13,6.111,19,13.389,0,NA,NA,FALSE,FALSE
20190414,"2019-04-14 12:00:00","2019-04-14 12:00:00",2019,4,14,5,13,9.667,0.508,NA,NA,FALSE,FALSE
20190415,"2019-04-15 12:00:00","2019-04-15 12:00:00",2019,4,15,4.389,20,12.222,0.508,NA,NA,FALSE,FALSE
20190416,"2019-04-16 12:00:00","2019-04-16 12:00:00",2019,4,16,6,22,16.833,0,NA,NA,FALSE,FALSE
20190417,"2019-04-17 12:00:00","2019-04-17 12:00:00",2019,4,17,9.611,19.722,14.944,0,NA,NA,FALSE,FALSE
20190418,"2019-04-18 12:00:00","2019-04-18 12:00:00",2019,4,18,9.389,23.5,17.333,0,NA,NA,FALSE,FALSE
20190419,"2019-04-19 12:00:00","2019-04-19 12:00:00",2019,4,19,11.722,19.222,15.5,0,NA,NA,FALSE,FALSE
20190420,"2019-04-20 12:00:00","2019-04-20 12:00:00",2019,4,20,11.611,22.5,17.333,0,NA,NA,FALSE,FALSE
20190421,"2019-04-21 12:00:00","2019-04-21 12:00:00",2019,4,21,12.389,23,17.944,0,NA,NA,FALSE,FALSE
20190422,"2019-04-22 12:00:00","2019-04-22 12:00:00",2019,4,22,13.389,26.611,20.944,0,NA,NA,FALSE,FALSE
20190423,"2019-04-23 12:00:00","2019-04-23 12:00:00",2019,4,23,16.111,18.222,17.111,1.524,NA,NA,FALSE,FALSE
20190424,"2019-04-24 12:00:00","2019-04-24 12:00:00",2019,4,24,13.722,20.222,17.333,1.524,NA,NA,FALSE,FALSE
20190425,"2019-04-25 12:00:00","2019-04-25 12:00:00",2019,4,25,9.111,17.722,13.556,0,NA,NA,FALSE,FALSE
20190426,"2019-04-26 12:00:00","2019-04-26 12:00:00",2019,4,26,7.722,10.5,9.222,4.064,NA,NA,FALSE,FALSE
20190427,"2019-04-27 12:00:00","2019-04-27 12:00:00",2019,4,27,7.278,19.5,13.556,0,NA,NA,FALSE,FALSE
20190428,"2019-04-28 12:00:00","2019-04-28 12:00:00",2019,4,28,10.111,19.111,13.889,1.778,NA,NA,FALSE,FALSE
20190429,"2019-04-29 12:00:00","2019-04-29 12:00:00",2019,4,29,10.5,12.611,11.944,1.778,NA,NA,FALSE,FALSE
20190430,"2019-04-30 12:00:00","2019-04-30 12:00:00",2019,4,30,10.611,20,14.778,29.464,NA,NA,FALSE,FALSE
20190501,"2019-05-01 12:00:00","2019-05-01 12:00:00",2019,5,1,8.222,19.722,13.833,0,NA,NA,FALSE,FALSE
20190502,"2019-05-02 12:00:00","2019-05-02 12:00:00",2019,5,2,8.111,23,15.5,0,NA,NA,FALSE,FALSE
20190503,"2019-05-03 12:00:00","2019-05-03 12:00:00",2019,5,3,8.5,27.722,18.556,0,NA,NA,FALSE,FALSE
20190504,"2019-05-04 12:00:00","2019-05-04 12:00:00",2019,5,4,10.722,27.722,20.167,0,NA,NA,FALSE,FALSE
20190505,"2019-05-05 12:00:00","2019-05-05 12:00:00",2019,5,5,11.111,27.722,19,0,NA,NA,FALSE,FALSE
20190506,"2019-05-06 12:00:00","2019-05-06 12:00:00",2019,5,6,7.222,19,13,0,NA,NA,FALSE,FALSE
20190507,"2019-05-07 12:00:00","2019-05-07 12:00:00",2019,5,7,6.778,21.5,14.833,0,NA,NA,FALSE,FALSE
20190508,"2019-05-08 12:00:00","2019-05-08 12:00:00",2019,5,8,7.389,20.722,16.111,0,NA,NA,FALSE,FALSE
20190509,"2019-05-09 12:00:00","2019-05-09 12:00:00",2019,5,9,10.5,24.5,17.111,0,NA,NA,FALSE,FALSE
20190510,"2019-05-10 12:00:00","2019-05-10 12:00:00",2019,5,10,10.278,27.222,18.944,0,NA,NA,FALSE,FALSE
20190511,"2019-05-11 12:00:00","2019-05-11 12:00:00",2019,5,11,11.778,27.5,20.222,0,NA,NA,FALSE,FALSE
20190512,"2019-05-12 12:00:00","2019-05-12 12:00:00",2019,5,12,14,27.111,21,0,NA,NA,FALSE,FALSE
20190513,"2019-05-13 12:00:00","2019-05-13 12:00:00",2019,5,13,13.778,26.5,20.944,NA,NA,NA,FALSE,FALSE
20190514,"2019-05-14 12:00:00","2019-05-14 12:00:00",2019,5,14,16.222,28.222,22.444,0,NA,NA,FALSE,FALSE
20190515,"2019-05-15 12:00:00","2019-05-15 12:00:00",2019,5,15,17.278,30.222,23.222,0,NA,NA,FALSE,FALSE
20190516,"2019-05-16 12:00:00","2019-05-16 12:00:00",2019,5,16,17.611,28.722,23.278,0,NA,NA,FALSE,FALSE
20190517,"2019-05-17 12:00:00","2019-05-17 12:00:00",2019,5,17,16.111,26.5,20.556,3.302,NA,NA,FALSE,FALSE
20190518,"2019-05-18 12:00:00","2019-05-18 12:00:00",2019,5,18,15.889,20.222,19.611,49.276,NA,NA,FALSE,FALSE
20190519,"2019-05-19 12:00:00","2019-05-19 12:00:00",2019,5,19,16.722,21.722,20.167,0,NA,NA,FALSE,FALSE
20190520,"2019-05-20 12:00:00","2019-05-20 12:00:00",2019,5,20,9.611,18,14.5,1.524,NA,NA,FALSE,FALSE
20190521,"2019-05-21 12:00:00","2019-05-21 12:00:00",2019,5,21,9.5,24.111,17.944,0,NA,NA,FALSE,FALSE
20190522,"2019-05-22 12:00:00","2019-05-22 12:00:00",2019,5,22,12.389,27.722,20.833,0,NA,NA,FALSE,FALSE
20190523,"2019-05-23 12:00:00","2019-05-23 12:00:00",2019,5,23,15.222,29.5,22.722,0,NA,NA,FALSE,FALSE
20190524,"2019-05-24 12:00:00","2019-05-24 12:00:00",2019,5,24,17,29.722,23.611,0,NA,NA,FALSE,FALSE
20190525,"2019-05-25 12:00:00","2019-05-25 12:00:00",2019,5,25,17.278,29.111,23.278,0,NA,NA,FALSE,FALSE
20190526,"2019-05-26 12:00:00","2019-05-26 12:00:00",2019,5,26,18.278,27.722,22.556,NA,NA,NA,FALSE,FALSE
20190527,"2019-05-27 12:00:00","2019-05-27 12:00:00",2019,5,27,12.222,19.722,16.167,22.098,NA,NA,FALSE,FALSE
20190528,"2019-05-28 12:00:00","2019-05-28 12:00:00",2019,5,28,12,22.222,17.333,3.81,NA,NA,FALSE,FALSE
20190529,"2019-05-29 12:00:00","2019-05-29 12:00:00",2019,5,29,11.778,26.5,20.444,0,NA,NA,FALSE,FALSE
20190530,"2019-05-30 12:00:00","2019-05-30 12:00:00",2019,5,30,13.222,26.611,20,NA,NA,NA,FALSE,FALSE
20190531,"2019-05-31 12:00:00","2019-05-31 12:00:00",2019,5,31,13.222,22.722,17.722,2.032,NA,NA,FALSE,FALSE
20190601,"2019-06-01 12:00:00","2019-06-01 12:00:00",2019,6,1,13.5,25.5,20.167,0,NA,NA,FALSE,FALSE
20190602,"2019-06-02 12:00:00","2019-06-02 12:00:00",2019,6,2,15.222,28.5,21.889,0,NA,NA,FALSE,FALSE
20190603,"2019-06-03 12:00:00","2019-06-03 12:00:00",2019,6,3,15.389,29.722,23.556,0,NA,NA,FALSE,FALSE
20190604,"2019-06-04 12:00:00","2019-06-04 12:00:00",2019,6,4,17.611,30.722,24,0,NA,NA,FALSE,FALSE
20190605,"2019-06-05 12:00:00","2019-06-05 12:00:00",2019,6,5,18.222,30.5,24.722,0,NA,NA,FALSE,FALSE
20190606,"2019-06-06 12:00:00","2019-06-06 12:00:00",2019,6,6,17.222,27.111,21.278,15.494,NA,NA,FALSE,FALSE
20190607,"2019-06-07 12:00:00","2019-06-07 12:00:00",2019,6,7,17.722,20.5,19.333,32.512,NA,NA,FALSE,FALSE
20190608,"2019-06-08 12:00:00","2019-06-08 12:00:00",2019,6,8,17.889,23.722,20.667,0,NA,NA,FALSE,FALSE
20190609,"2019-06-09 12:00:00","2019-06-09 12:00:00",2019,6,9,17.222,26.5,21.278,0,NA,NA,FALSE,FALSE
20190610,"2019-06-10 12:00:00","2019-06-10 12:00:00",2019,6,10,15.722,21.722,18.611,NA,NA,NA,FALSE,FALSE
20190611,"2019-06-11 12:00:00","2019-06-11 12:00:00",2019,6,11,15.722,22,18.444,12.7,NA,NA,FALSE,FALSE
20190612,"2019-06-12 12:00:00","2019-06-12 12:00:00",2019,6,12,15.389,26,20.611,0,NA,NA,FALSE,FALSE
20190613,"2019-06-13 12:00:00","2019-06-13 12:00:00",2019,6,13,16.778,27.5,22.167,0,NA,NA,FALSE,FALSE
20190614,"2019-06-14 12:00:00","2019-06-14 12:00:00",2019,6,14,17,22.5,19.556,3.302,NA,NA,FALSE,FALSE
20190615,"2019-06-15 12:00:00","2019-06-15 12:00:00",2019,6,15,16.5,24.722,20.222,3.302,NA,NA,FALSE,FALSE
20190616,"2019-06-16 12:00:00","2019-06-16 12:00:00",2019,6,16,16.111,25.222,21,0,NA,NA,FALSE,FALSE
20190617,"2019-06-17 12:00:00","2019-06-17 12:00:00",2019,6,17,17.278,27.222,22.5,0,NA,NA,FALSE,FALSE
20190618,"2019-06-18 12:00:00","2019-06-18 12:00:00",2019,6,18,19.222,25.722,22.5,0,NA,NA,FALSE,FALSE
20190619,"2019-06-19 12:00:00","2019-06-19 12:00:00",2019,6,19,18.611,28.111,23.111,0,NA,NA,FALSE,FALSE
20190620,"2019-06-20 12:00:00","2019-06-20 12:00:00",2019,6,20,18.5,28.222,23.722,0,NA,NA,FALSE,FALSE
20190621,"2019-06-21 12:00:00","2019-06-21 12:00:00",2019,6,21,19,29,23.556,0,NA,NA,FALSE,FALSE
20190622,"2019-06-22 12:00:00","2019-06-22 12:00:00",2019,6,22,18.611,26.5,22.389,0.762,NA,NA,FALSE,FALSE
20190623,"2019-06-23 12:00:00","2019-06-23 12:00:00",2019,6,23,19.222,29.5,22.611,0.762,NA,NA,FALSE,FALSE
20190624,"2019-06-24 12:00:00","2019-06-24 12:00:00",2019,6,24,19.111,29.5,23.833,0,NA,NA,FALSE,FALSE
20190625,"2019-06-25 12:00:00","2019-06-25 12:00:00",2019,6,25,19,30,25.111,NA,NA,NA,FALSE,FALSE
20190626,"2019-06-26 12:00:00","2019-06-26 12:00:00",2019,6,26,17.611,22.722,20.944,7.874,NA,NA,FALSE,FALSE
20190627,"2019-06-27 12:00:00","2019-06-27 12:00:00",2019,6,27,21.111,29,24.389,17.526,NA,NA,FALSE,FALSE
20190628,"2019-06-28 12:00:00","2019-06-28 12:00:00",2019,6,28,20.611,28.722,24.444,0,NA,NA,FALSE,FALSE
20190629,"2019-06-29 12:00:00","2019-06-29 12:00:00",2019,6,29,20.722,22.222,21.556,8.382,NA,NA,FALSE,FALSE
20190630,"2019-06-30 12:00:00","2019-06-30 12:00:00",2019,6,30,20.5,26.722,23.889,74.422,NA,NA,FALSE,FALSE
20190701,"2019-07-01 12:00:00","2019-07-01 12:00:00",2019,7,1,21.111,25.111,22.389,0,NA,NA,FALSE,FALSE
20190702,"2019-07-02 12:00:00","2019-07-02 12:00:00",2019,7,2,19.111,28,23.611,11.938,NA,NA,FALSE,FALSE
20190703,"2019-07-03 12:00:00","2019-07-03 12:00:00",2019,7,3,19.111,26.722,23.5,0,NA,NA,FALSE,FALSE
20190704,"2019-07-04 12:00:00","2019-07-04 12:00:00",2019,7,4,20.222,30.222,25.556,0,NA,NA,FALSE,FALSE
20190705,"2019-07-05 12:00:00","2019-07-05 12:00:00",2019,7,5,21.611,31.611,26.611,0,NA,NA,FALSE,FALSE
20190706,"2019-07-06 12:00:00","2019-07-06 12:00:00",2019,7,6,21.111,32.111,26.667,0,NA,NA,FALSE,FALSE
20190707,"2019-07-07 12:00:00","2019-07-07 12:00:00",2019,7,7,20.222,28.722,23.611,0.508,NA,NA,FALSE,FALSE
20190708,"2019-07-08 12:00:00","2019-07-08 12:00:00",2019,7,8,20.222,27.5,23.556,0.508,NA,NA,FALSE,FALSE
20190709,"2019-07-09 12:00:00","2019-07-09 12:00:00",2019,7,9,20.278,27,24.056,0,NA,NA,FALSE,FALSE
20190710,"2019-07-10 12:00:00","2019-07-10 12:00:00",2019,7,10,20,22.111,21.056,35.306,NA,NA,FALSE,FALSE
20190711,"2019-07-11 12:00:00","2019-07-11 12:00:00",2019,7,11,21,25,23.167,38.862,NA,NA,FALSE,FALSE
20190712,"2019-07-12 12:00:00","2019-07-12 12:00:00",2019,7,12,20.722,28,24.389,0,NA,NA,FALSE,FALSE
20190713,"2019-07-13 12:00:00","2019-07-13 12:00:00",2019,7,13,21.111,26.722,23.611,NA,NA,NA,FALSE,FALSE
20190714,"2019-07-14 12:00:00","2019-07-14 12:00:00",2019,7,14,21.222,29.722,25.278,0,NA,NA,FALSE,FALSE
20190715,"2019-07-15 12:00:00","2019-07-15 12:00:00",2019,7,15,21.5,29.222,25.167,0,NA,NA,FALSE,FALSE
20190716,"2019-07-16 12:00:00","2019-07-16 12:00:00",2019,7,16,21.222,29.222,24.667,18.288,NA,NA,FALSE,FALSE
20190717,"2019-07-17 12:00:00","2019-07-17 12:00:00",2019,7,17,20.5,30,25.167,18.542,NA,NA,FALSE,FALSE
20190718,"2019-07-18 12:00:00","2019-07-18 12:00:00",2019,7,18,20.389,26.5,24.111,31.496,NA,NA,FALSE,FALSE
20190719,"2019-07-19 12:00:00","2019-07-19 12:00:00",2019,7,19,22.722,26.5,25.056,0,NA,NA,FALSE,FALSE
20190720,"2019-07-20 12:00:00","2019-07-20 12:00:00",2019,7,20,22.5,26.111,24,14.986,NA,NA,FALSE,FALSE
20190721,"2019-07-21 12:00:00","2019-07-21 12:00:00",2019,7,21,22.389,26.722,24.944,38.608,NA,NA,FALSE,FALSE
20190722,"2019-07-22 12:00:00","2019-07-22 12:00:00",2019,7,22,23.5,31.5,27.389,0,NA,NA,FALSE,FALSE
20190723,"2019-07-23 12:00:00","2019-07-23 12:00:00",2019,7,23,25.222,30.222,27.722,0,NA,NA,FALSE,FALSE
20190724,"2019-07-24 12:00:00","2019-07-24 12:00:00",2019,7,24,25.722,28,27,NA,NA,NA,FALSE,FALSE
20190725,"2019-07-25 12:00:00","2019-07-25 12:00:00",2019,7,25,25.889,30.222,27.667,0,NA,NA,FALSE,FALSE
20190726,"2019-07-26 12:00:00","2019-07-26 12:00:00",2019,7,26,25.222,29.5,27.056,11.684,NA,NA,FALSE,FALSE
20190727,"2019-07-27 12:00:00","2019-07-27 12:00:00",2019,7,27,25,27.5,26.722,71.628,NA,NA,FALSE,FALSE
20190728,"2019-07-28 12:00:00","2019-07-28 12:00:00",2019,7,28,24.722,29,26.944,15.748,NA,NA,FALSE,FALSE
20190729,"2019-07-29 12:00:00","2019-07-29 12:00:00",2019,7,29,25.111,31.222,28.333,0,NA,NA,FALSE,FALSE
20190730,"2019-07-30 12:00:00","2019-07-30 12:00:00",2019,7,30,25.889,31.111,28.611,0,NA,NA,FALSE,FALSE
20190731,"2019-07-31 12:00:00","2019-07-31 12:00:00",2019,7,31,25.222,31.611,28.667,0,NA,NA,FALSE,FALSE
20190801,"2019-08-01 12:00:00","2019-08-01 12:00:00",2019,8,1,24.889,34,29.333,0,NA,NA,FALSE,FALSE
20190802,"2019-08-02 12:00:00","2019-08-02 12:00:00",2019,8,2,25.5,33.5,29.167,0,NA,NA,FALSE,FALSE
20190803,"2019-08-03 12:00:00","2019-08-03 12:00:00",2019,8,3,25.278,34.222,29.667,0,NA,NA,FALSE,FALSE
20190804,"2019-08-04 12:00:00","2019-08-04 12:00:00",2019,8,4,25.222,34.5,29.778,0,NA,NA,FALSE,FALSE
20190805,"2019-08-05 12:00:00","2019-08-05 12:00:00",2019,8,5,25.611,32.222,29.333,0,NA,NA,FALSE,FALSE
20190806,"2019-08-06 12:00:00","2019-08-06 12:00:00",2019,8,6,25.611,32,28.889,0,NA,NA,FALSE,FALSE
20190807,"2019-08-07 12:00:00","2019-08-07 12:00:00",2019,8,7,25.278,32.722,29.056,0,NA,NA,FALSE,FALSE
20190808,"2019-08-08 12:00:00","2019-08-08 12:00:00",2019,8,8,25,31.5,28.389,2.794,NA,NA,FALSE,FALSE
20190809,"2019-08-09 12:00:00","2019-08-09 12:00:00",2019,8,9,24.722,32.611,29.611,2.794,NA,NA,FALSE,FALSE
20190810,"2019-08-10 12:00:00","2019-08-10 12:00:00",2019,8,10,25.778,33.5,29.833,0,NA,NA,FALSE,FALSE
20190811,"2019-08-11 12:00:00","2019-08-11 12:00:00",2019,8,11,26.222,30,28,5.588,NA,NA,FALSE,FALSE
20190812,"2019-08-12 12:00:00","2019-08-12 12:00:00",2019,8,12,26,29.222,27.833,15.494,NA,NA,FALSE,FALSE
20190813,"2019-08-13 12:00:00","2019-08-13 12:00:00",2019,8,13,25.611,32.611,29.444,0.508,NA,NA,FALSE,FALSE
20190814,"2019-08-14 12:00:00","2019-08-14 12:00:00",2019,8,14,25.5,34.111,30,0,NA,NA,FALSE,FALSE
20190815,"2019-08-15 12:00:00","2019-08-15 12:00:00",2019,8,15,25.222,30.222,27.222,NA,NA,NA,FALSE,FALSE
20190816,"2019-08-16 12:00:00","2019-08-16 12:00:00",2019,8,16,23.5,28.722,26.056,0,NA,NA,FALSE,FALSE
20190817,"2019-08-17 12:00:00","2019-08-17 12:00:00",2019,8,17,23.111,30.611,26.889,0,NA,NA,FALSE,FALSE
20190818,"2019-08-18 12:00:00","2019-08-18 12:00:00",2019,8,18,21.5,31,25.778,0.508,NA,NA,FALSE,FALSE
20190819,"2019-08-19 12:00:00","2019-08-19 12:00:00",2019,8,19,20.778,30.722,27.056,0,NA,NA,FALSE,FALSE
20190820,"2019-08-20 12:00:00","2019-08-20 12:00:00",2019,8,20,22.722,30.111,27.667,0,NA,NA,FALSE,FALSE
20190821,"2019-08-21 12:00:00","2019-08-21 12:00:00",2019,8,21,24.889,29,26.611,8.382,NA,NA,FALSE,FALSE
20190822,"2019-08-22 12:00:00","2019-08-22 12:00:00",2019,8,22,24.111,31,26.5,35.814,NA,NA,FALSE,FALSE
20190823,"2019-08-23 12:00:00","2019-08-23 12:00:00",2019,8,23,20.222,28.222,24.722,0,NA,NA,FALSE,FALSE
20190824,"2019-08-24 12:00:00","2019-08-24 12:00:00",2019,8,24,20.278,28.5,24.167,0,NA,NA,FALSE,FALSE
20190825,"2019-08-25 12:00:00","2019-08-25 12:00:00",2019,8,25,20.722,26.5,23.167,NA,NA,NA,FALSE,FALSE
20190826,"2019-08-26 12:00:00","2019-08-26 12:00:00",2019,8,26,20.222,29.5,25.556,NA,NA,NA,FALSE,FALSE
20190827,"2019-08-27 12:00:00","2019-08-27 12:00:00",2019,8,27,21.222,24,23,7.112,NA,NA,FALSE,FALSE
20190828,"2019-08-28 12:00:00","2019-08-28 12:00:00",2019,8,28,21.722,26.111,23.944,2.286,NA,NA,FALSE,FALSE
20190829,"2019-08-29 12:00:00","2019-08-29 12:00:00",2019,8,29,20.5,24.5,22.667,0.254,NA,NA,FALSE,FALSE
20190830,"2019-08-30 12:00:00","2019-08-30 12:00:00",2019,8,30,20.222,27,23.389,0,NA,NA,FALSE,FALSE
20190831,"2019-08-31 12:00:00","2019-08-31 12:00:00",2019,8,31,20,28.5,23.444,0,NA,NA,FALSE,FALSE
20190901,"2019-09-01 12:00:00","2019-09-01 12:00:00",2019,9,1,19.722,24.611,22.111,0.508,NA,NA,FALSE,FALSE
20190902,"2019-09-02 12:00:00","2019-09-02 12:00:00",2019,9,2,20.222,22.222,21.278,0.508,NA,NA,FALSE,FALSE
20190903,"2019-09-03 12:00:00","2019-09-03 12:00:00",2019,9,3,20.889,24.722,22.833,8.89,NA,NA,FALSE,FALSE
20190904,"2019-09-04 12:00:00","2019-09-04 12:00:00",2019,9,4,22,26.611,24.722,13.208,NA,NA,FALSE,FALSE
20190905,"2019-09-05 12:00:00","2019-09-05 12:00:00",2019,9,5,22.222,29.111,24.667,0,NA,NA,FALSE,FALSE
20190906,"2019-09-06 12:00:00","2019-09-06 12:00:00",2019,9,6,22.111,29.222,26.222,1.524,NA,NA,FALSE,FALSE
20190907,"2019-09-07 12:00:00","2019-09-07 12:00:00",2019,9,7,22.722,25.5,24.222,25.908,NA,NA,FALSE,FALSE
20190908,"2019-09-08 12:00:00","2019-09-08 12:00:00",2019,9,8,22.5,27,24.833,0.254,NA,NA,FALSE,FALSE
20190909,"2019-09-09 12:00:00","2019-09-09 12:00:00",2019,9,9,23,27,25.056,12.954,NA,NA,FALSE,FALSE
20190910,"2019-09-10 12:00:00","2019-09-10 12:00:00",2019,9,10,24,30,26.611,0.508,NA,NA,FALSE,FALSE
20190911,"2019-09-11 12:00:00","2019-09-11 12:00:00",2019,9,11,23.5,30,26.611,0,NA,NA,FALSE,FALSE
20190912,"2019-09-12 12:00:00","2019-09-12 12:00:00",2019,9,12,19.722,23.722,21.333,0.254,NA,NA,FALSE,FALSE
20190913,"2019-09-13 12:00:00","2019-09-13 12:00:00",2019,9,13,19.5,29,23.944,0,NA,NA,FALSE,FALSE
20190914,"2019-09-14 12:00:00","2019-09-14 12:00:00",2019,9,14,19.889,28.5,24.333,0,NA,NA,FALSE,FALSE
20190915,"2019-09-15 12:00:00","2019-09-15 12:00:00",2019,9,15,21.389,28.5,24.889,0,NA,NA,FALSE,FALSE
20190916,"2019-09-16 12:00:00","2019-09-16 12:00:00",2019,9,16,19.222,28.222,24.111,0,NA,NA,FALSE,FALSE
20190917,"2019-09-17 12:00:00","2019-09-17 12:00:00",2019,9,17,19,29.111,23.556,0,NA,NA,FALSE,FALSE
20190918,"2019-09-18 12:00:00","2019-09-18 12:00:00",2019,9,18,15.111,28,21.111,0,NA,NA,FALSE,FALSE
20190919,"2019-09-19 12:00:00","2019-09-19 12:00:00",2019,9,19,14.111,26.722,21.111,0,NA,NA,FALSE,FALSE
20190920,"2019-09-20 12:00:00","2019-09-20 12:00:00",2019,9,20,17.111,25.111,20.944,NA,NA,NA,FALSE,FALSE
20190921,"2019-09-21 12:00:00","2019-09-21 12:00:00",2019,9,21,16.722,18.722,17.389,1.016,NA,NA,FALSE,FALSE
20190922,"2019-09-22 12:00:00","2019-09-22 12:00:00",2019,9,22,16.5,20.5,18.444,79.502,NA,NA,FALSE,FALSE
20190923,"2019-09-23 12:00:00","2019-09-23 12:00:00",2019,9,23,13.722,24.5,18.778,21.336,NA,NA,FALSE,FALSE
20190924,"2019-09-24 12:00:00","2019-09-24 12:00:00",2019,9,24,13.722,25,19.5,0,NA,NA,FALSE,FALSE
20190925,"2019-09-25 12:00:00","2019-09-25 12:00:00",2019,9,25,14.722,25.222,20.333,0,NA,NA,FALSE,FALSE
20190926,"2019-09-26 12:00:00","2019-09-26 12:00:00",2019,9,26,16.722,25.5,22.167,0,NA,NA,FALSE,FALSE
20190927,"2019-09-27 12:00:00","2019-09-27 12:00:00",2019,9,27,18.278,27.222,23.889,0,NA,NA,FALSE,FALSE
20190928,"2019-09-28 12:00:00","2019-09-28 12:00:00",2019,9,28,21,27.722,24.389,NA,NA,NA,FALSE,FALSE
20190929,"2019-09-29 12:00:00","2019-09-29 12:00:00",2019,9,29,19.222,28.5,23.667,0,NA,NA,FALSE,FALSE
20190930,"2019-09-30 12:00:00","2019-09-30 12:00:00",2019,9,30,19,27.111,24,0,NA,NA,FALSE,FALSE
20191001,"2019-10-01 12:00:00","2019-10-01 12:00:00",2019,10,1,19.111,21,20.056,14.732,NA,NA,FALSE,FALSE
20191002,"2019-10-02 12:00:00","2019-10-02 12:00:00",2019,10,2,18.889,22.5,21.111,69.342,NA,NA,FALSE,FALSE
20191003,"2019-10-03 12:00:00","2019-10-03 12:00:00",2019,10,3,19.5,26.5,22,57.15,NA,NA,FALSE,FALSE
20191004,"2019-10-04 12:00:00","2019-10-04 12:00:00",2019,10,4,19,26.722,22.278,0,NA,NA,FALSE,FALSE
20191005,"2019-10-05 12:00:00","2019-10-05 12:00:00",2019,10,5,15.5,19.5,17.444,0.254,NA,NA,FALSE,FALSE
20191006,"2019-10-06 12:00:00","2019-10-06 12:00:00",2019,10,6,15.5,22.722,19.5,0,NA,NA,FALSE,FALSE
20191007,"2019-10-07 12:00:00","2019-10-07 12:00:00",2019,10,7,14.611,17,16.111,6.858,NA,NA,FALSE,FALSE
20191008,"2019-10-08 12:00:00","2019-10-08 12:00:00",2019,10,8,10.222,22,15.889,7.366,NA,NA,FALSE,FALSE
20191009,"2019-10-09 12:00:00","2019-10-09 12:00:00",2019,10,9,9.278,21.611,15.111,0,NA,NA,FALSE,FALSE
20191010,"2019-10-10 12:00:00","2019-10-10 12:00:00",2019,10,10,10.111,23.111,18,0,NA,NA,FALSE,FALSE
20191011,"2019-10-11 12:00:00","2019-10-11 12:00:00",2019,10,11,13.611,26,19.944,0,NA,NA,FALSE,FALSE
20191012,"2019-10-12 12:00:00","2019-10-12 12:00:00",2019,10,12,13.5,25.5,19.611,0,NA,NA,FALSE,FALSE
20191013,"2019-10-13 12:00:00","2019-10-13 12:00:00",2019,10,13,12.5,24,17.889,0,NA,NA,FALSE,FALSE
20191014,"2019-10-14 12:00:00","2019-10-14 12:00:00",2019,10,14,10.111,20.5,14.5,0,NA,NA,FALSE,FALSE
20191015,"2019-10-15 12:00:00","2019-10-15 12:00:00",2019,10,15,9.5,18.722,14.278,0,NA,NA,FALSE,FALSE
20191016,"2019-10-16 12:00:00","2019-10-16 12:00:00",2019,10,16,11.222,20.722,15.722,0,NA,NA,FALSE,FALSE
20191017,"2019-10-17 12:00:00","2019-10-17 12:00:00",2019,10,17,12,19.111,16.111,0,NA,NA,FALSE,FALSE
20191018,"2019-10-18 12:00:00","2019-10-18 12:00:00",2019,10,18,14,20,17.111,NA,NA,NA,FALSE,FALSE
20191019,"2019-10-19 12:00:00","2019-10-19 12:00:00",2019,10,19,12.5,22.5,16.944,1.016,NA,NA,FALSE,FALSE
20191020,"2019-10-20 12:00:00","2019-10-20 12:00:00",2019,10,20,12,23.5,17.056,0,NA,NA,FALSE,FALSE
20191021,"2019-10-21 12:00:00","2019-10-21 12:00:00",2019,10,21,11.611,23.611,17.611,0,NA,NA,FALSE,FALSE
20191022,"2019-10-22 12:00:00","2019-10-22 12:00:00",2019,10,22,12.111,23.5,18.833,0,NA,NA,FALSE,FALSE
20191023,"2019-10-23 12:00:00","2019-10-23 12:00:00",2019,10,23,14.722,19.5,17.278,0,NA,NA,FALSE,FALSE
20191024,"2019-10-24 12:00:00","2019-10-24 12:00:00",2019,10,24,13.5,23.722,18.167,0,NA,NA,FALSE,FALSE
20191025,"2019-10-25 12:00:00","2019-10-25 12:00:00",2019,10,25,12.722,22.111,17.5,NA,NA,NA,FALSE,FALSE
20191026,"2019-10-26 12:00:00","2019-10-26 12:00:00",2019,10,26,9,16.111,12.5,0,NA,NA,FALSE,FALSE
20191027,"2019-10-27 12:00:00","2019-10-27 12:00:00",2019,10,27,7,16.5,11.722,0,NA,NA,FALSE,FALSE
20191028,"2019-10-28 12:00:00","2019-10-28 12:00:00",2019,10,28,6.722,18.222,14.389,NA,NA,NA,FALSE,FALSE
20191029,"2019-10-29 12:00:00","2019-10-29 12:00:00",2019,10,29,9.222,18.722,14.222,0,NA,NA,FALSE,FALSE
20191030,"2019-10-30 12:00:00","2019-10-30 12:00:00",2019,10,30,7.222,18.222,12.389,0,NA,NA,FALSE,FALSE
20191031,"2019-10-31 12:00:00","2019-10-31 12:00:00",2019,10,31,7.222,20.5,14.833,0,NA,NA,FALSE,FALSE
20191101,"2019-11-01 12:00:00","2019-11-01 12:00:00",2019,11,1,10.222,22.222,15.278,0,NA,NA,FALSE,FALSE
20191102,"2019-11-02 12:00:00","2019-11-02 12:00:00",2019,11,2,10.111,21.5,16.222,0,NA,NA,FALSE,FALSE
20191103,"2019-11-03 12:00:00","2019-11-03 12:00:00",2019,11,3,10.222,21,14.889,0,NA,NA,FALSE,FALSE
20191104,"2019-11-04 12:00:00","2019-11-04 12:00:00",2019,11,4,9.778,20.5,14.889,0,NA,NA,FALSE,FALSE
20191105,"2019-11-05 12:00:00","2019-11-05 12:00:00",2019,11,5,8,19.5,13.333,0,NA,NA,FALSE,FALSE
20191106,"2019-11-06 12:00:00","2019-11-06 12:00:00",2019,11,6,6.889,19.222,13.333,0,NA,NA,FALSE,FALSE
20191107,"2019-11-07 12:00:00","2019-11-07 12:00:00",2019,11,7,5.5,17,12.167,0,NA,NA,FALSE,FALSE
20191108,"2019-11-08 12:00:00","2019-11-08 12:00:00",2019,11,8,4.222,15,9.222,0,NA,NA,FALSE,FALSE
20191109,"2019-11-09 12:00:00","2019-11-09 12:00:00",2019,11,9,3.778,18.222,11,0,NA,NA,FALSE,FALSE
20191110,"2019-11-10 12:00:00","2019-11-10 12:00:00",2019,11,10,6.111,16.111,11.722,7.366,NA,NA,FALSE,FALSE
20191111,"2019-11-11 12:00:00","2019-11-11 12:00:00",2019,11,11,8.5,16.722,12.722,10.922,NA,NA,FALSE,FALSE
20191112,"2019-11-12 12:00:00","2019-11-12 12:00:00",2019,11,12,6.222,17.222,11.556,0,NA,NA,FALSE,FALSE
20191113,"2019-11-13 12:00:00","2019-11-13 12:00:00",2019,11,13,5.722,13.722,10.278,3.556,NA,NA,FALSE,FALSE
20191114,"2019-11-14 12:00:00","2019-11-14 12:00:00",2019,11,14,1.5,8.222,4.667,3.556,NA,NA,FALSE,FALSE
20191115,"2019-11-15 12:00:00","2019-11-15 12:00:00",2019,11,15,0.778,17,10.833,0,NA,NA,FALSE,FALSE
20191116,"2019-11-16 12:00:00","2019-11-16 12:00:00",2019,11,16,7.389,20,14.167,0,NA,NA,FALSE,FALSE
20191117,"2019-11-17 12:00:00","2019-11-17 12:00:00",2019,11,17,10.778,19.5,16.611,NA,NA,NA,FALSE,FALSE
20191118,"2019-11-18 12:00:00","2019-11-18 12:00:00",2019,11,18,6.5,11.222,8.333,8.382,NA,NA,FALSE,FALSE
20191119,"2019-11-19 12:00:00","2019-11-19 12:00:00",2019,11,19,2,7.222,5.167,0,NA,NA,FALSE,FALSE
20191120,"2019-11-20 12:00:00","2019-11-20 12:00:00",2019,11,20,0.611,10.111,4.389,0,NA,NA,FALSE,FALSE
20191121,"2019-11-21 12:00:00","2019-11-21 12:00:00",2019,11,21,0.111,15.111,9.778,0,NA,NA,FALSE,FALSE
20191122,"2019-11-22 12:00:00","2019-11-22 12:00:00",2019,11,22,6.611,18.722,12.889,0,NA,NA,FALSE,FALSE
20191123,"2019-11-23 12:00:00","2019-11-23 12:00:00",2019,11,23,7.889,20.222,15.111,NA,NA,NA,FALSE,FALSE
20191124,"2019-11-24 12:00:00","2019-11-24 12:00:00",2019,11,24,6.111,20.722,13.667,NA,NA,NA,FALSE,FALSE
20191125,"2019-11-25 12:00:00","2019-11-25 12:00:00",2019,11,25,3.5,6,4.667,0,NA,NA,FALSE,FALSE
20191126,"2019-11-26 12:00:00","2019-11-26 12:00:00",2019,11,26,2.889,13.5,10.333,0,NA,NA,FALSE,FALSE
20191127,"2019-11-27 12:00:00","2019-11-27 12:00:00",2019,11,27,1.722,9.222,6,0,NA,NA,FALSE,FALSE
20191128,"2019-11-28 12:00:00","2019-11-28 12:00:00",2019,11,28,1.611,12,6.389,0,NA,NA,FALSE,FALSE
20191129,"2019-11-29 12:00:00","2019-11-29 12:00:00",2019,11,29,0.5,10.611,5.056,0,NA,NA,FALSE,FALSE
20191130,"2019-11-30 12:00:00","2019-11-30 12:00:00",2019,11,30,0.222,15.5,8.889,NA,NA,NA,FALSE,FALSE
20191201,"2019-12-01 12:00:00","2019-12-01 12:00:00",2019,12,1,5.611,6.722,6.222,0.508,NA,NA,FALSE,FALSE
20191202,"2019-12-02 12:00:00","2019-12-02 12:00:00",2019,12,2,1.5,7,4.111,17.78,NA,NA,FALSE,FALSE
20191203,"2019-12-03 12:00:00","2019-12-03 12:00:00",2019,12,3,0.889,7.5,4.5,0,NA,NA,FALSE,FALSE
20191204,"2019-12-04 12:00:00","2019-12-04 12:00:00",2019,12,4,2.278,11,6.278,0,NA,NA,FALSE,FALSE
20191205,"2019-12-05 12:00:00","2019-12-05 12:00:00",2019,12,5,-4.5,4.722,0.667,NA,NA,NA,FALSE,FALSE
20191206,"2019-12-06 12:00:00","2019-12-06 12:00:00",2019,12,6,-4.889,3.5,-0.889,0,NA,NA,FALSE,FALSE
20191207,"2019-12-07 12:00:00","2019-12-07 12:00:00",2019,12,7,-4,8.222,4.222,0,NA,NA,FALSE,FALSE
20191208,"2019-12-08 12:00:00","2019-12-08 12:00:00",2019,12,8,-0.722,8.722,3.611,0,NA,NA,FALSE,FALSE
20191209,"2019-12-09 12:00:00","2019-12-09 12:00:00",2019,12,9,-1.389,10.5,5.611,0,NA,NA,FALSE,FALSE
20191210,"2019-12-10 12:00:00","2019-12-10 12:00:00",2019,12,10,3.222,14.722,9.056,0,NA,NA,FALSE,FALSE
20191211,"2019-12-11 12:00:00","2019-12-11 12:00:00",2019,12,11,3.5,13.722,7.389,0,NA,NA,FALSE,FALSE
20191212,"2019-12-12 12:00:00","2019-12-12 12:00:00",2019,12,12,-1,7.222,2.667,0,NA,NA,FALSE,FALSE
20191213,"2019-12-13 12:00:00","2019-12-13 12:00:00",2019,12,13,-1.222,10,4.444,NA,NA,NA,FALSE,FALSE
20191214,"2019-12-14 12:00:00","2019-12-14 12:00:00",2019,12,14,1.5,9.722,5.167,0,NA,NA,FALSE,FALSE
20191215,"2019-12-15 12:00:00","2019-12-15 12:00:00",2019,12,15,1.111,14.222,9.278,0,NA,NA,FALSE,FALSE
20191216,"2019-12-16 12:00:00","2019-12-16 12:00:00",2019,12,16,6.278,15.222,10.556,0,NA,NA,FALSE,FALSE
20191217,"2019-12-17 12:00:00","2019-12-17 12:00:00",2019,12,17,5,10.222,8.167,2.032,NA,NA,FALSE,FALSE
20191218,"2019-12-18 12:00:00","2019-12-18 12:00:00",2019,12,18,0.611,7.222,3.889,0.508,NA,NA,FALSE,FALSE
20191219,"2019-12-19 12:00:00","2019-12-19 12:00:00",2019,12,19,0.222,6.111,3.111,0,NA,NA,FALSE,FALSE
20191220,"2019-12-20 12:00:00","2019-12-20 12:00:00",2019,12,20,-0.5,5.722,2.444,0,NA,NA,FALSE,FALSE
20191221,"2019-12-21 12:00:00","2019-12-21 12:00:00",2019,12,21,-1,5.5,2.944,0,NA,NA,FALSE,FALSE
20191222,"2019-12-22 12:00:00","2019-12-22 12:00:00",2019,12,22,1.222,11.222,5.778,NA,NA,NA,FALSE,FALSE
20191223,"2019-12-23 12:00:00","2019-12-23 12:00:00",2019,12,23,1.722,9.5,5,NA,NA,NA,FALSE,FALSE
20191224,"2019-12-24 12:00:00","2019-12-24 12:00:00",2019,12,24,0.222,11.222,5.056,0,NA,NA,FALSE,FALSE
20191225,"2019-12-25 12:00:00","2019-12-25 12:00:00",2019,12,25,-0.111,13.5,8.333,0,NA,NA,FALSE,FALSE
20191226,"2019-12-26 12:00:00","2019-12-26 12:00:00",2019,12,26,2.222,7.722,4.556,0.508,NA,NA,FALSE,FALSE
20191227,"2019-12-27 12:00:00","2019-12-27 12:00:00",2019,12,27,-0.889,5.222,2.278,0.508,NA,NA,FALSE,FALSE
20191228,"2019-12-28 12:00:00","2019-12-28 12:00:00",2019,12,28,-1.222,9.111,3.944,0,NA,NA,FALSE,FALSE
20191229,"2019-12-29 12:00:00","2019-12-29 12:00:00",2019,12,29,1,6.722,5.389,8.89,NA,NA,FALSE,FALSE
20191230,"2019-12-30 12:00:00","2019-12-30 12:00:00",2019,12,30,-2.722,10.111,4.556,10.16,NA,NA,FALSE,FALSE
20191231,"2019-12-31 12:00:00","2019-12-31 12:00:00",2019,12,31,-4.889,0.222,-2.833,0,NA,NA,FALSE,FALSE
20200101,"2020-01-01 12:00:00","2020-01-01 12:00:00",2020,1,1,-4.889,4.222,0.278,0,NA,NA,FALSE,FALSE
20200102,"2020-01-02 12:00:00","2020-01-02 12:00:00",2020,1,2,-2.611,8.5,3.5,0,NA,NA,FALSE,FALSE
20200103,"2020-01-03 12:00:00","2020-01-03 12:00:00",2020,1,3,-1,8.222,3.167,0,NA,NA,FALSE,FALSE
20200104,"2020-01-04 12:00:00","2020-01-04 12:00:00",2020,1,4,-1.611,9,3.5,0,NA,NA,FALSE,FALSE
20200105,"2020-01-05 12:00:00","2020-01-05 12:00:00",2020,1,5,-1.722,10.722,6.333,NA,NA,NA,FALSE,FALSE
20200106,"2020-01-06 12:00:00","2020-01-06 12:00:00",2020,1,6,4.722,9.5,7.944,0.254,NA,NA,FALSE,FALSE
20200107,"2020-01-07 12:00:00","2020-01-07 12:00:00",2020,1,7,5.722,17.611,12.278,29.464,NA,NA,FALSE,FALSE
20200108,"2020-01-08 12:00:00","2020-01-08 12:00:00",2020,1,8,3.222,5.722,4.278,20.574,NA,NA,FALSE,FALSE
20200109,"2020-01-09 12:00:00","2020-01-09 12:00:00",2020,1,9,-1,5.722,2.167,0,NA,NA,FALSE,FALSE
20200110,"2020-01-10 12:00:00","2020-01-10 12:00:00",2020,1,10,-1.389,9.611,3.167,0,NA,NA,FALSE,FALSE
20200111,"2020-01-11 12:00:00","2020-01-11 12:00:00",2020,1,11,-0.111,7.722,4.333,0,NA,NA,FALSE,FALSE
20200112,"2020-01-12 12:00:00","2020-01-12 12:00:00",2020,1,12,2.222,4.611,3.444,0,NA,NA,FALSE,FALSE
20200113,"2020-01-13 12:00:00","2020-01-13 12:00:00",2020,1,13,-0.222,4.222,1.889,0,NA,NA,FALSE,FALSE
20200114,"2020-01-14 12:00:00","2020-01-14 12:00:00",2020,1,14,-1.889,5.5,1.611,0,NA,NA,FALSE,FALSE
20200115,"2020-01-15 12:00:00","2020-01-15 12:00:00",2020,1,15,-2.222,4.5,1,0,NA,NA,FALSE,FALSE
20200116,"2020-01-16 12:00:00","2020-01-16 12:00:00",2020,1,16,-1.111,7.111,2.833,0,NA,NA,FALSE,FALSE
20200117,"2020-01-17 12:00:00","2020-01-17 12:00:00",2020,1,17,-1.222,7.222,2,0,NA,NA,FALSE,FALSE
20200118,"2020-01-18 12:00:00","2020-01-18 12:00:00",2020,1,18,-1.722,7.111,2.556,0,NA,NA,FALSE,FALSE
20200119,"2020-01-19 12:00:00","2020-01-19 12:00:00",2020,1,19,0,6.222,3.389,0,NA,NA,FALSE,FALSE
20200120,"2020-01-20 12:00:00","2020-01-20 12:00:00",2020,1,20,-1.722,7.5,3.333,0,NA,NA,FALSE,FALSE
20200121,"2020-01-21 12:00:00","2020-01-21 12:00:00",2020,1,21,-2.222,9.722,5,NA,NA,NA,FALSE,FALSE
20200122,"2020-01-22 12:00:00","2020-01-22 12:00:00",2020,1,22,3.111,6.722,5.778,0,NA,NA,FALSE,FALSE
20200123,"2020-01-23 12:00:00","2020-01-23 12:00:00",2020,1,23,3.5,11.5,6.833,10.16,NA,NA,FALSE,FALSE
20200124,"2020-01-24 12:00:00","2020-01-24 12:00:00",2020,1,24,2.5,12.111,7.167,0,NA,NA,FALSE,FALSE
20200125,"2020-01-25 12:00:00","2020-01-25 12:00:00",2020,1,25,4.111,10.722,7.667,0,NA,NA,FALSE,FALSE
20200126,"2020-01-26 12:00:00","2020-01-26 12:00:00",2020,1,26,3.778,11.5,8.5,NA,NA,NA,FALSE,FALSE
20200127,"2020-01-27 12:00:00","2020-01-27 12:00:00",2020,1,27,3.722,7,5.278,3.302,NA,NA,FALSE,FALSE
20200128,"2020-01-28 12:00:00","2020-01-28 12:00:00",2020,1,28,3.722,12.222,7.778,11.176,NA,NA,FALSE,FALSE
20200129,"2020-01-29 12:00:00","2020-01-29 12:00:00",2020,1,29,5.111,8.5,6.5,0,NA,NA,FALSE,FALSE
20200130,"2020-01-30 12:00:00","2020-01-30 12:00:00",2020,1,30,3.5,9,5.556,NA,NA,NA,FALSE,FALSE
20200131,"2020-01-31 12:00:00","2020-01-31 12:00:00",2020,1,31,-0.889,7,3.222,0,NA,NA,FALSE,FALSE
20200201,"2020-02-01 12:00:00","2020-02-01 12:00:00",2020,2,1,-1,8.5,4.5,0,NA,NA,FALSE,FALSE
20200202,"2020-02-02 12:00:00","2020-02-02 12:00:00",2020,2,2,0.611,8.222,3.611,0,NA,NA,FALSE,FALSE
20200203,"2020-02-03 12:00:00","2020-02-03 12:00:00",2020,2,3,-2.222,6.222,1.333,0,NA,NA,FALSE,FALSE
20200204,"2020-02-04 12:00:00","2020-02-04 12:00:00",2020,2,4,-3.222,7.611,3.167,NA,NA,NA,FALSE,FALSE
20200205,"2020-02-05 12:00:00","2020-02-05 12:00:00",2020,2,5,-6.889,0.722,-3.389,0,NA,NA,FALSE,FALSE
20200206,"2020-02-06 12:00:00","2020-02-06 12:00:00",2020,2,6,-7,2.722,-1.167,0,NA,NA,FALSE,FALSE
20200207,"2020-02-07 12:00:00","2020-02-07 12:00:00",2020,2,7,-3.778,4.722,2.167,0,NA,NA,FALSE,FALSE
20200208,"2020-02-08 12:00:00","2020-02-08 12:00:00",2020,2,8,0,6.5,2.556,0,NA,NA,FALSE,FALSE
20200209,"2020-02-09 12:00:00","2020-02-09 12:00:00",2020,2,9,-1,6.722,2.556,0,NA,NA,FALSE,FALSE
20200210,"2020-02-10 12:00:00","2020-02-10 12:00:00",2020,2,10,-0.222,12.722,5.722,0,NA,NA,FALSE,FALSE
20200211,"2020-02-11 12:00:00","2020-02-11 12:00:00",2020,2,11,-0.278,14,9.944,NA,NA,NA,FALSE,FALSE
20200212,"2020-02-12 12:00:00","2020-02-12 12:00:00",2020,2,12,7.611,11.611,9.389,8.382,NA,NA,FALSE,FALSE
20200213,"2020-02-13 12:00:00","2020-02-13 12:00:00",2020,2,13,5.222,10.222,7.778,2.54,NA,NA,FALSE,FALSE
20200214,"2020-02-14 12:00:00","2020-02-14 12:00:00",2020,2,14,4.611,18.611,11.944,0,NA,NA,FALSE,FALSE
20200215,"2020-02-15 12:00:00","2020-02-15 12:00:00",2020,2,15,3,17.5,9.722,4.064,NA,NA,FALSE,FALSE
20200216,"2020-02-16 12:00:00","2020-02-16 12:00:00",2020,2,16,-2,2.5,-0.056,9.906,NA,NA,FALSE,FALSE
20200217,"2020-02-17 12:00:00","2020-02-17 12:00:00",2020,2,17,-3.722,-0.722,-2.167,4.318,NA,NA,FALSE,FALSE
20200218,"2020-02-18 12:00:00","2020-02-18 12:00:00",2020,2,18,-3.222,4.222,0.5,4.318,NA,NA,FALSE,FALSE
20200219,"2020-02-19 12:00:00","2020-02-19 12:00:00",2020,2,19,-2.889,10.5,5.056,0,NA,NA,FALSE,FALSE
20200220,"2020-02-20 12:00:00","2020-02-20 12:00:00",2020,2,20,1.222,14,7.833,0,NA,NA,FALSE,FALSE
20200221,"2020-02-21 12:00:00","2020-02-21 12:00:00",2020,2,21,1.778,13.611,9.444,0.508,NA,NA,FALSE,FALSE
20200222,"2020-02-22 12:00:00","2020-02-22 12:00:00",2020,2,22,1.722,10.222,5.722,5.08,NA,NA,FALSE,FALSE
20200223,"2020-02-23 12:00:00","2020-02-23 12:00:00",2020,2,23,0.611,10.222,4.778,0,NA,NA,FALSE,FALSE
20200224,"2020-02-24 12:00:00","2020-02-24 12:00:00",2020,2,24,0.111,16,11.056,0.508,NA,NA,FALSE,FALSE
20200225,"2020-02-25 12:00:00","2020-02-25 12:00:00",2020,2,25,8.5,14.5,11.556,3.81,NA,NA,FALSE,FALSE
20200226,"2020-02-26 12:00:00","2020-02-26 12:00:00",2020,2,26,2.222,14,7.222,6.858,NA,NA,FALSE,FALSE
20200227,"2020-02-27 12:00:00","2020-02-27 12:00:00",2020,2,27,1.389,12.222,8.5,0,NA,NA,FALSE,FALSE
20200228,"2020-02-28 12:00:00","2020-02-28 12:00:00",2020,2,28,5.722,7.611,6.444,0,NA,NA,FALSE,FALSE
20200229,"2020-02-29 12:00:00","2020-02-29 12:00:00",2020,2,29,4.5,13.611,9.056,2.286,NA,NA,FALSE,FALSE
20200301,"2020-03-01 12:00:00","2020-03-01 12:00:00",2020,3,1,3.778,12,6.889,0,NA,NA,FALSE,FALSE
20200302,"2020-03-02 12:00:00","2020-03-02 12:00:00",2020,3,2,2.222,9.722,5.333,0,NA,NA,FALSE,FALSE
20200303,"2020-03-03 12:00:00","2020-03-03 12:00:00",2020,3,3,1.889,13.222,8.556,0,NA,NA,FALSE,FALSE
20200304,"2020-03-04 12:00:00","2020-03-04 12:00:00",2020,3,4,1,8.222,3.833,0,NA,NA,FALSE,FALSE
20200305,"2020-03-05 12:00:00","2020-03-05 12:00:00",2020,3,5,-1.5,9,3.222,0,NA,NA,FALSE,FALSE
20200306,"2020-03-06 12:00:00","2020-03-06 12:00:00",2020,3,6,-2.222,12.722,7.222,0,NA,NA,FALSE,FALSE
20200307,"2020-03-07 12:00:00","2020-03-07 12:00:00",2020,3,7,3.389,7.5,5.5,3.048,NA,NA,FALSE,FALSE
20200308,"2020-03-08 12:00:00","2020-03-08 12:00:00",2020,3,8,3.111,16.5,10.111,6.096,NA,NA,FALSE,FALSE
20200309,"2020-03-09 12:00:00","2020-03-09 12:00:00",2020,3,9,5.111,13.611,9.944,0,NA,NA,FALSE,FALSE
20200310,"2020-03-10 12:00:00","2020-03-10 12:00:00",2020,3,10,3.722,7.722,5.667,8.89,NA,NA,FALSE,FALSE
20200311,"2020-03-11 12:00:00","2020-03-11 12:00:00",2020,3,11,0,8.722,4.611,2.54,NA,NA,FALSE,FALSE
20200312,"2020-03-12 12:00:00","2020-03-12 12:00:00",2020,3,12,-0.611,16.5,8.611,0,NA,NA,FALSE,FALSE
20200313,"2020-03-13 12:00:00","2020-03-13 12:00:00",2020,3,13,1.5,13.222,7.167,0,NA,NA,FALSE,FALSE
20200314,"2020-03-14 12:00:00","2020-03-14 12:00:00",2020,3,14,0.278,10,6.722,0,NA,NA,FALSE,FALSE
20200315,"2020-03-15 12:00:00","2020-03-15 12:00:00",2020,3,15,1,13,6.111,0,NA,NA,FALSE,FALSE
20200316,"2020-03-16 12:00:00","2020-03-16 12:00:00",2020,3,16,0.222,11.5,5.667,0,NA,NA,FALSE,FALSE
20200317,"2020-03-17 12:00:00","2020-03-17 12:00:00",2020,3,17,1.611,17.611,10.222,0,NA,NA,FALSE,FALSE
20200318,"2020-03-18 12:00:00","2020-03-18 12:00:00",2020,3,18,6,19.222,13.333,0,NA,NA,FALSE,FALSE
20200319,"2020-03-19 12:00:00","2020-03-19 12:00:00",2020,3,19,6.222,13.722,9.444,0,NA,NA,FALSE,FALSE
20200320,"2020-03-20 12:00:00","2020-03-20 12:00:00",2020,3,20,5.389,16.111,10.667,0,NA,NA,FALSE,FALSE
20200321,"2020-03-21 12:00:00","2020-03-21 12:00:00",2020,3,21,6.389,22.5,15.778,0,NA,NA,FALSE,FALSE
20200322,"2020-03-22 12:00:00","2020-03-22 12:00:00",2020,3,22,5.722,21,12.944,0,NA,NA,FALSE,FALSE
20200323,"2020-03-23 12:00:00","2020-03-23 12:00:00",2020,3,23,5.111,16.722,10.556,0,NA,NA,FALSE,FALSE
20200324,"2020-03-24 12:00:00","2020-03-24 12:00:00",2020,3,24,4.722,19,11.722,0,NA,NA,FALSE,FALSE
20200325,"2020-03-25 12:00:00","2020-03-25 12:00:00",2020,3,25,6.222,21,15.278,NA,NA,NA,FALSE,FALSE
20200326,"2020-03-26 12:00:00","2020-03-26 12:00:00",2020,3,26,10.611,16.722,14.722,7.874,NA,NA,FALSE,FALSE
20200327,"2020-03-27 12:00:00","2020-03-27 12:00:00",2020,3,27,5,11.722,8.056,14.986,NA,NA,FALSE,FALSE
20200328,"2020-03-28 12:00:00","2020-03-28 12:00:00",2020,3,28,2.5,10.222,6.833,0,NA,NA,FALSE,FALSE
20200329,"2020-03-29 12:00:00","2020-03-29 12:00:00",2020,3,29,2.111,16.111,10.389,0,NA,NA,FALSE,FALSE
20200330,"2020-03-30 12:00:00","2020-03-30 12:00:00",2020,3,30,6.111,17.5,11.556,0,NA,NA,FALSE,FALSE
20200331,"2020-03-31 12:00:00","2020-03-31 12:00:00",2020,3,31,5.778,20.222,13.333,NA,NA,NA,FALSE,FALSE
20200401,"2020-04-01 12:00:00","2020-04-01 12:00:00",2020,4,1,5.611,16.5,9.944,0,NA,NA,FALSE,FALSE
20200402,"2020-04-02 12:00:00","2020-04-02 12:00:00",2020,4,2,4.222,17,10.5,0,NA,NA,FALSE,FALSE
20200403,"2020-04-03 12:00:00","2020-04-03 12:00:00",2020,4,3,3.889,17.111,10.778,0,NA,NA,FALSE,FALSE
20200404,"2020-04-04 12:00:00","2020-04-04 12:00:00",2020,4,4,3.222,15.611,8.5,0,NA,NA,FALSE,FALSE
20200405,"2020-04-05 12:00:00","2020-04-05 12:00:00",2020,4,5,2.111,13.722,7.333,0,NA,NA,FALSE,FALSE
20200406,"2020-04-06 12:00:00","2020-04-06 12:00:00",2020,4,6,1.611,17,10.722,0,NA,NA,FALSE,FALSE
20200407,"2020-04-07 12:00:00","2020-04-07 12:00:00",2020,4,7,6,18.5,12.333,0,NA,NA,FALSE,FALSE
20200408,"2020-04-08 12:00:00","2020-04-08 12:00:00",2020,4,8,4.722,16,10.278,0,NA,NA,FALSE,FALSE
20200409,"2020-04-09 12:00:00","2020-04-09 12:00:00",2020,4,9,4.611,15.222,10.556,0,NA,NA,FALSE,FALSE
20200410,"2020-04-10 12:00:00","2020-04-10 12:00:00",2020,4,10,7,15.722,10.722,NA,NA,NA,FALSE,FALSE
20200411,"2020-04-11 12:00:00","2020-04-11 12:00:00",2020,4,11,5,9.222,7.056,4.826,NA,NA,FALSE,FALSE
20200412,"2020-04-12 12:00:00","2020-04-12 12:00:00",2020,4,12,4.722,13.5,8.722,5.334,NA,NA,FALSE,FALSE
20200413,"2020-04-13 12:00:00","2020-04-13 12:00:00",2020,4,13,5.111,14,9.444,1.524,NA,NA,FALSE,FALSE
20200414,"2020-04-14 12:00:00","2020-04-14 12:00:00",2020,4,14,4.389,21.111,13,0,NA,NA,FALSE,FALSE
20200415,"2020-04-15 12:00:00","2020-04-15 12:00:00",2020,4,15,6.278,19.722,12.889,0,NA,NA,FALSE,FALSE
20200416,"2020-04-16 12:00:00","2020-04-16 12:00:00",2020,4,16,6.389,22.111,15.611,NA,NA,NA,FALSE,FALSE
20200417,"2020-04-17 12:00:00","2020-04-17 12:00:00",2020,4,17,10,17.5,13,14.986,NA,NA,FALSE,FALSE
20200418,"2020-04-18 12:00:00","2020-04-18 12:00:00",2020,4,18,9.611,17.111,13.389,6.35,NA,NA,FALSE,FALSE
20200419,"2020-04-19 12:00:00","2020-04-19 12:00:00",2020,4,19,8.722,14.5,10.833,0,NA,NA,FALSE,FALSE
20200420,"2020-04-20 12:00:00","2020-04-20 12:00:00",2020,4,20,8,16.5,11.5,27.178,NA,NA,FALSE,FALSE
20200421,"2020-04-21 12:00:00","2020-04-21 12:00:00",2020,4,21,6.5,14,9.722,0,NA,NA,FALSE,FALSE
20200422,"2020-04-22 12:00:00","2020-04-22 12:00:00",2020,4,22,5.5,12.722,8.5,0,NA,NA,FALSE,FALSE
20200423,"2020-04-23 12:00:00","2020-04-23 12:00:00",2020,4,23,5.111,14.222,9.5,0,NA,NA,FALSE,FALSE
20200424,"2020-04-24 12:00:00","2020-04-24 12:00:00",2020,4,24,4.778,16.722,11.722,0,NA,NA,FALSE,FALSE
20200425,"2020-04-25 12:00:00","2020-04-25 12:00:00",2020,4,25,6.722,22,14.056,0,NA,NA,FALSE,FALSE
20200426,"2020-04-26 12:00:00","2020-04-26 12:00:00",2020,4,26,7.111,18.222,13.111,0,NA,NA,FALSE,FALSE
20200427,"2020-04-27 12:00:00","2020-04-27 12:00:00",2020,4,27,6.5,18.611,12.611,0,NA,NA,FALSE,FALSE
20200428,"2020-04-28 12:00:00","2020-04-28 12:00:00",2020,4,28,6.111,20.5,13.889,0,NA,NA,FALSE,FALSE
20200429,"2020-04-29 12:00:00","2020-04-29 12:00:00",2020,4,29,8.222,23.5,16.111,0,NA,NA,FALSE,FALSE
20200430,"2020-04-30 12:00:00","2020-04-30 12:00:00",2020,4,30,10,24.722,20.444,0,NA,NA,FALSE,FALSE
20200501,"2020-05-01 12:00:00","2020-05-01 12:00:00",2020,5,1,18.778,25.722,21.667,0,NA,NA,FALSE,FALSE
20200502,"2020-05-02 12:00:00","2020-05-02 12:00:00",2020,5,2,17,24,20.278,0.254,NA,NA,FALSE,FALSE
20200503,"2020-05-03 12:00:00","2020-05-03 12:00:00",2020,5,3,16.5,22.222,19.056,23.114,NA,NA,FALSE,FALSE
20200504,"2020-05-04 12:00:00","2020-05-04 12:00:00",2020,5,4,12.722,25,18.278,2.794,NA,NA,FALSE,FALSE
20200505,"2020-05-05 12:00:00","2020-05-05 12:00:00",2020,5,5,12.389,22.611,18.778,0,NA,NA,FALSE,FALSE
20200506,"2020-05-06 12:00:00","2020-05-06 12:00:00",2020,5,6,15,29.611,21.5,0,NA,NA,FALSE,FALSE
20200507,"2020-05-07 12:00:00","2020-05-07 12:00:00",2020,5,7,12.111,26,19.278,0,NA,NA,FALSE,FALSE
20200508,"2020-05-08 12:00:00","2020-05-08 12:00:00",2020,5,8,11.889,22.222,19.111,1.016,NA,NA,FALSE,FALSE
20200509,"2020-05-09 12:00:00","2020-05-09 12:00:00",2020,5,9,13,19.5,16,25.4,NA,NA,FALSE,FALSE
20200510,"2020-05-10 12:00:00","2020-05-10 12:00:00",2020,5,10,12.778,19.222,15.111,1.524,NA,NA,FALSE,FALSE
20200511,"2020-05-11 12:00:00","2020-05-11 12:00:00",2020,5,11,13.222,26,18.889,0,NA,NA,FALSE,FALSE
20200512,"2020-05-12 12:00:00","2020-05-12 12:00:00",2020,5,12,10.611,21.722,15.944,0,NA,NA,FALSE,FALSE
20200513,"2020-05-13 12:00:00","2020-05-13 12:00:00",2020,5,13,10.389,22,17.278,0,NA,NA,FALSE,FALSE
20200514,"2020-05-14 12:00:00","2020-05-14 12:00:00",2020,5,14,12.5,26.222,21.111,NA,NA,NA,FALSE,FALSE
20200515,"2020-05-15 12:00:00","2020-05-15 12:00:00",2020,5,15,16.111,18.611,17.944,11.43,NA,NA,FALSE,FALSE
20200516,"2020-05-16 12:00:00","2020-05-16 12:00:00",2020,5,16,16,21.611,18.667,3.048,NA,NA,FALSE,FALSE
20200517,"2020-05-17 12:00:00","2020-05-17 12:00:00",2020,5,17,15.889,27.222,20.722,0,NA,NA,FALSE,FALSE
20200518,"2020-05-18 12:00:00","2020-05-18 12:00:00",2020,5,18,12.222,24.222,17.611,14.224,NA,NA,FALSE,FALSE
20200519,"2020-05-19 12:00:00","2020-05-19 12:00:00",2020,5,19,10.611,14.5,13.056,14.224,NA,NA,FALSE,FALSE
20200520,"2020-05-20 12:00:00","2020-05-20 12:00:00",2020,5,20,10.389,20.611,16.167,4.318,NA,NA,FALSE,FALSE
20200521,"2020-05-21 12:00:00","2020-05-21 12:00:00",2020,5,21,11.611,24.222,18.5,0,NA,NA,FALSE,FALSE
20200522,"2020-05-22 12:00:00","2020-05-22 12:00:00",2020,5,22,13.389,24.5,19.556,0,NA,NA,FALSE,FALSE
20200523,"2020-05-23 12:00:00","2020-05-23 12:00:00",2020,5,23,13.278,25.222,21.111,0,NA,NA,FALSE,FALSE
20200524,"2020-05-24 12:00:00","2020-05-24 12:00:00",2020,5,24,15.5,20.5,17.778,7.874,NA,NA,FALSE,FALSE
20200525,"2020-05-25 12:00:00","2020-05-25 12:00:00",2020,5,25,15.278,22.111,18.444,7.874,NA,NA,FALSE,FALSE
20200526,"2020-05-26 12:00:00","2020-05-26 12:00:00",2020,5,26,15.222,24.222,19.056,0,NA,NA,FALSE,FALSE
20200527,"2020-05-27 12:00:00","2020-05-27 12:00:00",2020,5,27,13.5,25.222,18.889,0,NA,NA,FALSE,FALSE
20200528,"2020-05-28 12:00:00","2020-05-28 12:00:00",2020,5,28,13.111,25.222,18.667,0,NA,NA,FALSE,FALSE
20200529,"2020-05-29 12:00:00","2020-05-29 12:00:00",2020,5,29,13.5,27.722,22.444,0,NA,NA,FALSE,FALSE
20200530,"2020-05-30 12:00:00","2020-05-30 12:00:00",2020,5,30,16.222,25.5,21.722,NA,NA,NA,FALSE,FALSE
20200531,"2020-05-31 12:00:00","2020-05-31 12:00:00",2020,5,31,16.278,22.722,20.444,3.302,NA,NA,FALSE,FALSE
20200601,"2020-06-01 12:00:00","2020-06-01 12:00:00",2020,6,1,14.722,26,20.167,0,NA,NA,FALSE,FALSE
20200602,"2020-06-02 12:00:00","2020-06-02 12:00:00",2020,6,2,14.222,27.611,22.333,NA,NA,NA,FALSE,FALSE
20200603,"2020-06-03 12:00:00","2020-06-03 12:00:00",2020,6,3,18.278,26.722,23.111,0,NA,NA,FALSE,FALSE
20200604,"2020-06-04 12:00:00","2020-06-04 12:00:00",2020,6,4,20.222,31,25.278,0,NA,NA,FALSE,FALSE
20200605,"2020-06-05 12:00:00","2020-06-05 12:00:00",2020,6,5,20.222,32.111,25.222,0,NA,NA,FALSE,FALSE
20200606,"2020-06-06 12:00:00","2020-06-06 12:00:00",2020,6,6,20.5,29.5,23.778,0.254,NA,NA,FALSE,FALSE
20200607,"2020-06-07 12:00:00","2020-06-07 12:00:00",2020,6,7,19.722,29.5,24.222,0.254,NA,NA,FALSE,FALSE
20200608,"2020-06-08 12:00:00","2020-06-08 12:00:00",2020,6,8,19.5,32,26.167,0,NA,NA,FALSE,FALSE
20200609,"2020-06-09 12:00:00","2020-06-09 12:00:00",2020,6,9,19.778,32.222,27.333,0,NA,NA,FALSE,FALSE
20200610,"2020-06-10 12:00:00","2020-06-10 12:00:00",2020,6,10,21.611,30.111,24.722,3.302,NA,NA,FALSE,FALSE
20200611,"2020-06-11 12:00:00","2020-06-11 12:00:00",2020,6,11,22.222,29,25.611,4.064,NA,NA,FALSE,FALSE
20200612,"2020-06-12 12:00:00","2020-06-12 12:00:00",2020,6,12,22.222,30.5,25.111,0,NA,NA,FALSE,FALSE
20200613,"2020-06-13 12:00:00","2020-06-13 12:00:00",2020,6,13,21.778,26.111,24.111,40.132,NA,NA,FALSE,FALSE
20200614,"2020-06-14 12:00:00","2020-06-14 12:00:00",2020,6,14,19,25,22.222,61.722,NA,NA,FALSE,FALSE
20200615,"2020-06-15 12:00:00","2020-06-15 12:00:00",2020,6,15,18.278,29.5,23.611,0.508,NA,NA,FALSE,FALSE
20200616,"2020-06-16 12:00:00","2020-06-16 12:00:00",2020,6,16,18.889,29.111,24.167,0,NA,NA,FALSE,FALSE
20200617,"2020-06-17 12:00:00","2020-06-17 12:00:00",2020,6,17,17.5,26.611,21.611,NA,NA,NA,FALSE,FALSE
20200618,"2020-06-18 12:00:00","2020-06-18 12:00:00",2020,6,18,17.222,19,18.167,12.954,NA,NA,FALSE,FALSE
20200619,"2020-06-19 12:00:00","2020-06-19 12:00:00",2020,6,19,17.389,28,22.667,25.146,NA,NA,FALSE,FALSE
20200620,"2020-06-20 12:00:00","2020-06-20 12:00:00",2020,6,20,19.611,27.111,23.111,0,NA,NA,FALSE,FALSE
20200621,"2020-06-21 12:00:00","2020-06-21 12:00:00",2020,6,21,19.722,28.5,24,0,NA,NA,FALSE,FALSE
20200622,"2020-06-22 12:00:00","2020-06-22 12:00:00",2020,6,22,19.611,29.5,24.556,0,NA,NA,FALSE,FALSE
20200623,"2020-06-23 12:00:00","2020-06-23 12:00:00",2020,6,23,19.222,30.222,26.278,NA,NA,NA,FALSE,FALSE
20200624,"2020-06-24 12:00:00","2020-06-24 12:00:00",2020,6,24,22.111,23.222,22.722,0.508,NA,NA,FALSE,FALSE
20200625,"2020-06-25 12:00:00","2020-06-25 12:00:00",2020,6,25,20.222,23.222,21.667,7.874,NA,NA,FALSE,FALSE
20200626,"2020-06-26 12:00:00","2020-06-26 12:00:00",2020,6,26,19.889,28.222,23.944,0,NA,NA,FALSE,FALSE
20200627,"2020-06-27 12:00:00","2020-06-27 12:00:00",2020,6,27,20.278,29.722,25.389,0,NA,NA,FALSE,FALSE
20200628,"2020-06-28 12:00:00","2020-06-28 12:00:00",2020,6,28,20.722,29.5,24.722,0,NA,NA,FALSE,FALSE
20200629,"2020-06-29 12:00:00","2020-06-29 12:00:00",2020,6,29,20.222,23,21.333,39.878,NA,NA,FALSE,FALSE
20200630,"2020-06-30 12:00:00","2020-06-30 12:00:00",2020,6,30,18.278,21.5,19.5,6.096,NA,NA,FALSE,FALSE
20200701,"2020-07-01 12:00:00","2020-07-01 12:00:00",2020,7,1,17.778,26.5,22.278,0.508,NA,NA,FALSE,FALSE
20200702,"2020-07-02 12:00:00","2020-07-02 12:00:00",2020,7,2,18.611,26.5,23.611,0,NA,NA,FALSE,FALSE
20200703,"2020-07-03 12:00:00","2020-07-03 12:00:00",2020,7,3,18.222,21,19.5,7.366,NA,NA,FALSE,FALSE
20200704,"2020-07-04 12:00:00","2020-07-04 12:00:00",2020,7,4,17.889,22,20.444,7.366,NA,NA,FALSE,FALSE
20200705,"2020-07-05 12:00:00","2020-07-05 12:00:00",2020,7,5,19.5,25.5,22.778,0,NA,NA,FALSE,FALSE
20200706,"2020-07-06 12:00:00","2020-07-06 12:00:00",2020,7,6,20.389,24.611,23.389,0.254,NA,NA,FALSE,FALSE
20200707,"2020-07-07 12:00:00","2020-07-07 12:00:00",2020,7,7,20.222,29.611,24.889,0.254,NA,NA,FALSE,FALSE
20200708,"2020-07-08 12:00:00","2020-07-08 12:00:00",2020,7,8,20.278,29.722,25,0,NA,NA,FALSE,FALSE
20200709,"2020-07-09 12:00:00","2020-07-09 12:00:00",2020,7,9,21.111,28.222,25.111,NA,NA,NA,FALSE,FALSE
20200710,"2020-07-10 12:00:00","2020-07-10 12:00:00",2020,7,10,22,27.611,24.722,68.072,NA,NA,FALSE,FALSE
20200711,"2020-07-11 12:00:00","2020-07-11 12:00:00",2020,7,11,21.778,27.722,25.111,0,NA,NA,FALSE,FALSE
20200712,"2020-07-12 12:00:00","2020-07-12 12:00:00",2020,7,12,20.222,23.611,21.111,35.306,NA,NA,FALSE,FALSE
20200713,"2020-07-13 12:00:00","2020-07-13 12:00:00",2020,7,13,19.111,25.222,21.222,143.51,NA,NA,FALSE,FALSE
20200714,"2020-07-14 12:00:00","2020-07-14 12:00:00",2020,7,14,18.889,20,19.444,14.986,NA,NA,FALSE,FALSE
20200715,"2020-07-15 12:00:00","2020-07-15 12:00:00",2020,7,15,18.889,21.5,19.889,4.826,NA,NA,FALSE,FALSE
20200716,"2020-07-16 12:00:00","2020-07-16 12:00:00",2020,7,16,19,26.222,23.167,5.842,NA,NA,FALSE,FALSE
20200717,"2020-07-17 12:00:00","2020-07-17 12:00:00",2020,7,17,20.611,30,24.556,0,NA,NA,FALSE,FALSE
20200718,"2020-07-18 12:00:00","2020-07-18 12:00:00",2020,7,18,21.389,25.611,24.111,0,NA,NA,FALSE,FALSE
20200719,"2020-07-19 12:00:00","2020-07-19 12:00:00",2020,7,19,23.278,28.222,26.722,NA,NA,NA,FALSE,FALSE
20200720,"2020-07-20 12:00:00","2020-07-20 12:00:00",2020,7,20,21.722,26,23.833,1.27,NA,NA,FALSE,FALSE
20200721,"2020-07-21 12:00:00","2020-07-21 12:00:00",2020,7,21,21.611,28.222,24.889,4.826,NA,NA,FALSE,FALSE
20200722,"2020-07-22 12:00:00","2020-07-22 12:00:00",2020,7,22,21.722,24,22.667,19.304,NA,NA,FALSE,FALSE
20200723,"2020-07-23 12:00:00","2020-07-23 12:00:00",2020,7,23,20,24.5,22.389,18.288,NA,NA,FALSE,FALSE
20200724,"2020-07-24 12:00:00","2020-07-24 12:00:00",2020,7,24,19.778,22,21,52.324,NA,NA,FALSE,FALSE
20200725,"2020-07-25 12:00:00","2020-07-25 12:00:00",2020,7,25,20,24.111,21.944,16.51,NA,NA,FALSE,FALSE
20200726,"2020-07-26 12:00:00","2020-07-26 12:00:00",2020,7,26,19.611,26.722,23.722,0,NA,NA,FALSE,FALSE
20200727,"2020-07-27 12:00:00","2020-07-27 12:00:00",2020,7,27,20.889,26,23.5,7.112,NA,NA,FALSE,FALSE
20200728,"2020-07-28 12:00:00","2020-07-28 12:00:00",2020,7,28,22.5,27.722,25.5,12.446,NA,NA,FALSE,FALSE
20200729,"2020-07-29 12:00:00","2020-07-29 12:00:00",2020,7,29,23.611,25.722,24.944,56.896,NA,NA,FALSE,FALSE
20200730,"2020-07-30 12:00:00","2020-07-30 12:00:00",2020,7,30,24.778,29.222,26.778,104.902,NA,NA,FALSE,FALSE
20200731,"2020-07-31 12:00:00","2020-07-31 12:00:00",2020,7,31,24.722,29.722,27.278,1.27,NA,NA,FALSE,FALSE
20200801,"2020-08-01 12:00:00","2020-08-01 12:00:00",2020,8,1,24.5,29.222,26.5,0,NA,NA,FALSE,FALSE
20200802,"2020-08-02 12:00:00","2020-08-02 12:00:00",2020,8,2,25.5,30,27.389,2.794,NA,NA,FALSE,FALSE
20200803,"2020-08-03 12:00:00","2020-08-03 12:00:00",2020,8,3,25.611,30.111,27.722,0.762,NA,NA,FALSE,FALSE
20200804,"2020-08-04 12:00:00","2020-08-04 12:00:00",2020,8,4,25.722,31.611,28.778,0,NA,NA,FALSE,FALSE
20200805,"2020-08-05 12:00:00","2020-08-05 12:00:00",2020,8,5,25,30.222,27.778,6.604,NA,NA,FALSE,FALSE
20200806,"2020-08-06 12:00:00","2020-08-06 12:00:00",2020,8,6,24.778,26,25.389,34.29,NA,NA,FALSE,FALSE
20200807,"2020-08-07 12:00:00","2020-08-07 12:00:00",2020,8,7,23.5,25.722,24.222,17.272,NA,NA,FALSE,FALSE
20200808,"2020-08-08 12:00:00","2020-08-08 12:00:00",2020,8,8,23.222,26.222,25.278,NA,NA,NA,FALSE,FALSE
20200809,"2020-08-09 12:00:00","2020-08-09 12:00:00",2020,8,9,24.611,30.111,27.778,125.476,NA,NA,FALSE,FALSE
20200810,"2020-08-10 12:00:00","2020-08-10 12:00:00",2020,8,10,25,27.722,25.889,4.064,NA,NA,FALSE,FALSE
20200811,"2020-08-11 12:00:00","2020-08-11 12:00:00",2020,8,11,25.278,28.722,26.889,68.326,NA,NA,FALSE,FALSE
20200812,"2020-08-12 12:00:00","2020-08-12 12:00:00",2020,8,12,25.611,30.5,27.611,13.716,NA,NA,FALSE,FALSE
20200813,"2020-08-13 12:00:00","2020-08-13 12:00:00",2020,8,13,25.722,31.722,28.611,0,NA,NA,FALSE,FALSE
20200814,"2020-08-14 12:00:00","2020-08-14 12:00:00",2020,8,14,26.222,32.5,28.722,0,NA,NA,FALSE,FALSE
20200815,"2020-08-15 12:00:00","2020-08-15 12:00:00",2020,8,15,25.222,32.722,28.389,0,NA,NA,FALSE,FALSE
20200816,"2020-08-16 12:00:00","2020-08-16 12:00:00",2020,8,16,24.278,32.5,28.444,0,NA,NA,FALSE,FALSE
20200817,"2020-08-17 12:00:00","2020-08-17 12:00:00",2020,8,17,25.111,32.5,28.5,0,NA,NA,FALSE,FALSE
20200818,"2020-08-18 12:00:00","2020-08-18 12:00:00",2020,8,18,23.722,33.222,28.278,0,NA,NA,FALSE,FALSE
20200819,"2020-08-19 12:00:00","2020-08-19 12:00:00",2020,8,19,23.389,33.5,28.333,0,NA,NA,FALSE,FALSE
20200820,"2020-08-20 12:00:00","2020-08-20 12:00:00",2020,8,20,23.778,33.222,28.111,0,NA,NA,FALSE,FALSE
20200821,"2020-08-21 12:00:00","2020-08-21 12:00:00",2020,8,21,24,31.611,28.222,0,NA,NA,FALSE,FALSE
20200822,"2020-08-22 12:00:00","2020-08-22 12:00:00",2020,8,22,24.5,29,27,NA,NA,NA,FALSE,FALSE
20200823,"2020-08-23 12:00:00","2020-08-23 12:00:00",2020,8,23,24.222,31.722,27.333,0,NA,NA,FALSE,FALSE
20200824,"2020-08-24 12:00:00","2020-08-24 12:00:00",2020,8,24,24,32.722,28.333,0,NA,NA,FALSE,FALSE
20200825,"2020-08-25 12:00:00","2020-08-25 12:00:00",2020,8,25,24.111,33.222,29.833,0,NA,NA,FALSE,FALSE
20200826,"2020-08-26 12:00:00","2020-08-26 12:00:00",2020,8,26,25.722,30.5,27.5,29.464,NA,NA,FALSE,FALSE
20200827,"2020-08-27 12:00:00","2020-08-27 12:00:00",2020,8,27,26,30.722,28.111,33.528,NA,NA,FALSE,FALSE
20200828,"2020-08-28 12:00:00","2020-08-28 12:00:00",2020,8,28,25.778,31.722,28.444,0,NA,NA,FALSE,FALSE
20200829,"2020-08-29 12:00:00","2020-08-29 12:00:00",2020,8,29,24.722,29,26.778,0.254,NA,NA,FALSE,FALSE
20200830,"2020-08-30 12:00:00","2020-08-30 12:00:00",2020,8,30,24.722,32.722,28.611,26.416,NA,NA,FALSE,FALSE
20200831,"2020-08-31 12:00:00","2020-08-31 12:00:00",2020,8,31,23.111,30.222,26.722,0,NA,NA,FALSE,FALSE
20200901,"2020-09-01 12:00:00","2020-09-01 12:00:00",2020,9,1,23,29.5,27.056,9.906,NA,NA,FALSE,FALSE
20200902,"2020-09-02 12:00:00","2020-09-02 12:00:00",2020,9,2,21.722,26.722,24.056,6.604,NA,NA,FALSE,FALSE
20200903,"2020-09-03 12:00:00","2020-09-03 12:00:00",2020,9,3,20.222,26.611,23.278,59.69,NA,NA,FALSE,FALSE
20200904,"2020-09-04 12:00:00","2020-09-04 12:00:00",2020,9,4,20,28,24.278,0,NA,NA,FALSE,FALSE
20200905,"2020-09-05 12:00:00","2020-09-05 12:00:00",2020,9,5,19.222,24,21.667,NA,NA,NA,FALSE,FALSE
20200906,"2020-09-06 12:00:00","2020-09-06 12:00:00",2020,9,6,18.111,21.722,20.389,6.604,NA,NA,FALSE,FALSE
20200907,"2020-09-07 12:00:00","2020-09-07 12:00:00",2020,9,7,17.611,22,20.778,34.036,NA,NA,FALSE,FALSE
20200908,"2020-09-08 12:00:00","2020-09-08 12:00:00",2020,9,8,19,27,23.611,7.366,NA,NA,FALSE,FALSE
20200909,"2020-09-09 12:00:00","2020-09-09 12:00:00",2020,9,9,18.722,26.111,21.944,19.304,NA,NA,FALSE,FALSE
20200910,"2020-09-10 12:00:00","2020-09-10 12:00:00",2020,9,10,19.722,26.222,22.889,5.842,NA,NA,FALSE,FALSE
20200911,"2020-09-11 12:00:00","2020-09-11 12:00:00",2020,9,11,19.222,21,19.833,0,NA,NA,FALSE,FALSE
20200912,"2020-09-12 12:00:00","2020-09-12 12:00:00",2020,9,12,19.222,24.222,21.556,32.512,NA,NA,FALSE,FALSE
20200913,"2020-09-13 12:00:00","2020-09-13 12:00:00",2020,9,13,19,22.5,20.667,1.27,NA,NA,FALSE,FALSE
20200914,"2020-09-14 12:00:00","2020-09-14 12:00:00",2020,9,14,18.611,26.111,22,3.048,NA,NA,FALSE,FALSE
20200915,"2020-09-15 12:00:00","2020-09-15 12:00:00",2020,9,15,18,27.111,23.056,0,NA,NA,FALSE,FALSE
20200916,"2020-09-16 12:00:00","2020-09-16 12:00:00",2020,9,16,20,24.111,22.222,2.286,NA,NA,FALSE,FALSE
20200917,"2020-09-17 12:00:00","2020-09-17 12:00:00",2020,9,17,17.611,23.611,19.944,0.508,NA,NA,FALSE,FALSE
20200918,"2020-09-18 12:00:00","2020-09-18 12:00:00",2020,9,18,14.611,24.111,19.222,5.588,NA,NA,FALSE,FALSE
20200919,"2020-09-19 12:00:00","2020-09-19 12:00:00",2020,9,19,14.5,25.722,19.722,0,NA,NA,FALSE,FALSE
20200920,"2020-09-20 12:00:00","2020-09-20 12:00:00",2020,9,20,13.5,25.222,18.944,0,NA,NA,FALSE,FALSE
20200921,"2020-09-21 12:00:00","2020-09-21 12:00:00",2020,9,21,13,24.5,19.444,0,NA,NA,FALSE,FALSE
20200922,"2020-09-22 12:00:00","2020-09-22 12:00:00",2020,9,22,15.722,23,18.333,0,NA,NA,FALSE,FALSE
20200923,"2020-09-23 12:00:00","2020-09-23 12:00:00",2020,9,23,15.278,21.722,19.222,0,NA,NA,FALSE,FALSE
20200924,"2020-09-24 12:00:00","2020-09-24 12:00:00",2020,9,24,16.222,26.611,20.944,0,NA,NA,FALSE,FALSE
20200925,"2020-09-25 12:00:00","2020-09-25 12:00:00",2020,9,25,16,25.222,21.611,0,NA,NA,FALSE,FALSE
20200926,"2020-09-26 12:00:00","2020-09-26 12:00:00",2020,9,26,16.611,25.611,20.667,0,NA,NA,FALSE,FALSE
20200927,"2020-09-27 12:00:00","2020-09-27 12:00:00",2020,9,27,15.722,25.722,20.778,0,NA,NA,FALSE,FALSE
20200928,"2020-09-28 12:00:00","2020-09-28 12:00:00",2020,9,28,15,24.222,19.667,0,NA,NA,FALSE,FALSE
20200929,"2020-09-29 12:00:00","2020-09-29 12:00:00",2020,9,29,14.611,24.111,19.722,0,NA,NA,FALSE,FALSE
20200930,"2020-09-30 12:00:00","2020-09-30 12:00:00",2020,9,30,15.5,24,19.611,0,NA,NA,FALSE,FALSE
20201001,"2020-10-01 12:00:00","2020-10-01 12:00:00",2020,10,1,17,24.722,20.222,0,NA,NA,FALSE,FALSE
20201002,"2020-10-02 12:00:00","2020-10-02 12:00:00",2020,10,2,16.222,24.722,20.889,NA,NA,NA,FALSE,FALSE
20201003,"2020-10-03 12:00:00","2020-10-03 12:00:00",2020,10,3,17,26,21,0.508,NA,NA,FALSE,FALSE
20201004,"2020-10-04 12:00:00","2020-10-04 12:00:00",2020,10,4,12,20.611,16.778,1.016,NA,NA,FALSE,FALSE
20201005,"2020-10-05 12:00:00","2020-10-05 12:00:00",2020,10,5,11.389,19,15.111,0,NA,NA,FALSE,FALSE
20201006,"2020-10-06 12:00:00","2020-10-06 12:00:00",2020,10,6,11.222,21,16.333,0,NA,NA,FALSE,FALSE
20201007,"2020-10-07 12:00:00","2020-10-07 12:00:00",2020,10,7,12.389,23,17.944,0,NA,NA,FALSE,FALSE
20201008,"2020-10-08 12:00:00","2020-10-08 12:00:00",2020,10,8,12.111,23.222,17.722,0,NA,NA,FALSE,FALSE
20201009,"2020-10-09 12:00:00","2020-10-09 12:00:00",2020,10,9,11.778,23.611,17.778,0,NA,NA,FALSE,FALSE
20201010,"2020-10-10 12:00:00","2020-10-10 12:00:00",2020,10,10,13,24,18.611,0,NA,NA,FALSE,FALSE
20201011,"2020-10-11 12:00:00","2020-10-11 12:00:00",2020,10,11,15,23.5,18.611,0,NA,NA,FALSE,FALSE
20201012,"2020-10-12 12:00:00","2020-10-12 12:00:00",2020,10,12,13,23,17.278,0,NA,NA,FALSE,FALSE
20201013,"2020-10-13 12:00:00","2020-10-13 12:00:00",2020,10,13,11.611,18.611,14.444,0,NA,NA,FALSE,FALSE
20201014,"2020-10-14 12:00:00","2020-10-14 12:00:00",2020,10,14,10.722,19.611,14.778,0,NA,NA,FALSE,FALSE
20201015,"2020-10-15 12:00:00","2020-10-15 12:00:00",2020,10,15,10.389,20.722,14.833,0,NA,NA,FALSE,FALSE
20201016,"2020-10-16 12:00:00","2020-10-16 12:00:00",2020,10,16,9.5,17.722,13.5,0,NA,NA,FALSE,FALSE
20201017,"2020-10-17 12:00:00","2020-10-17 12:00:00",2020,10,17,9,20,14.444,0,NA,NA,FALSE,FALSE
20201018,"2020-10-18 12:00:00","2020-10-18 12:00:00",2020,10,18,9.5,22,15.056,0,NA,NA,FALSE,FALSE
20201019,"2020-10-19 12:00:00","2020-10-19 12:00:00",2020,10,19,9.889,20.722,15.556,0,NA,NA,FALSE,FALSE
20201020,"2020-10-20 12:00:00","2020-10-20 12:00:00",2020,10,20,9.889,22.611,16.778,0,NA,NA,FALSE,FALSE
20201021,"2020-10-21 12:00:00","2020-10-21 12:00:00",2020,10,21,11.722,17.111,14.222,10.668,NA,NA,FALSE,FALSE
20201022,"2020-10-22 12:00:00","2020-10-22 12:00:00",2020,10,22,10.222,18.5,13.444,10.668,NA,NA,FALSE,FALSE
20201023,"2020-10-23 12:00:00","2020-10-23 12:00:00",2020,10,23,9.111,14.5,11.611,0,NA,NA,FALSE,FALSE
20201024,"2020-10-24 12:00:00","2020-10-24 12:00:00",2020,10,24,7.611,14.722,11.111,0,NA,NA,FALSE,FALSE
20201025,"2020-10-25 12:00:00","2020-10-25 12:00:00",2020,10,25,6.611,18.5,12.944,0,NA,NA,FALSE,FALSE
20201026,"2020-10-26 12:00:00","2020-10-26 12:00:00",2020,10,26,7.722,19.722,13.556,0,NA,NA,FALSE,FALSE
20201027,"2020-10-27 12:00:00","2020-10-27 12:00:00",2020,10,27,8.389,21.222,15.111,0,NA,NA,FALSE,FALSE
20201028,"2020-10-28 12:00:00","2020-10-28 12:00:00",2020,10,28,8,20.222,14,0,NA,NA,FALSE,FALSE
20201029,"2020-10-29 12:00:00","2020-10-29 12:00:00",2020,10,29,7.222,18.722,12.111,0,NA,NA,FALSE,FALSE
20201030,"2020-10-30 12:00:00","2020-10-30 12:00:00",2020,10,30,6.5,19.5,12.944,0,NA,NA,FALSE,FALSE
20201031,"2020-10-31 12:00:00","2020-10-31 12:00:00",2020,10,31,8,18.722,14.389,NA,NA,NA,FALSE,FALSE
20201101,"2020-11-01 12:00:00","2020-11-01 12:00:00",2020,11,1,10.778,13.111,12.5,0.508,NA,NA,FALSE,FALSE
20201102,"2020-11-02 12:00:00","2020-11-02 12:00:00",2020,11,2,8.5,17.5,12.111,1.524,NA,NA,FALSE,FALSE
20201103,"2020-11-03 12:00:00","2020-11-03 12:00:00",2020,11,3,5.5,11.5,8.111,0,NA,NA,FALSE,FALSE
20201104,"2020-11-04 12:00:00","2020-11-04 12:00:00",2020,11,4,2.222,12.5,7.167,0,NA,NA,FALSE,FALSE
20201105,"2020-11-05 12:00:00","2020-11-05 12:00:00",2020,11,5,2.278,16.5,12.222,0,NA,NA,FALSE,FALSE
20201106,"2020-11-06 12:00:00","2020-11-06 12:00:00",2020,11,6,9.722,15,12.389,0,NA,NA,FALSE,FALSE
20201107,"2020-11-07 12:00:00","2020-11-07 12:00:00",2020,11,7,7.5,20.111,13,0,NA,NA,FALSE,FALSE
20201108,"2020-11-08 12:00:00","2020-11-08 12:00:00",2020,11,8,4.222,16,9.722,0,NA,NA,FALSE,FALSE
20201109,"2020-11-09 12:00:00","2020-11-09 12:00:00",2020,11,9,4.111,12.722,8.944,0,NA,NA,FALSE,FALSE
20201110,"2020-11-10 12:00:00","2020-11-10 12:00:00",2020,11,10,4,14.222,9.167,0,NA,NA,FALSE,FALSE
20201111,"2020-11-11 12:00:00","2020-11-11 12:00:00",2020,11,11,3.722,18.111,10.889,0,NA,NA,FALSE,FALSE
20201112,"2020-11-12 12:00:00","2020-11-12 12:00:00",2020,11,12,4.611,19,11.667,0,NA,NA,FALSE,FALSE
20201113,"2020-11-13 12:00:00","2020-11-13 12:00:00",2020,11,13,5.222,19.5,12.167,0,NA,NA,FALSE,FALSE
20201114,"2020-11-14 12:00:00","2020-11-14 12:00:00",2020,11,14,7.111,19.722,13.722,0,NA,NA,FALSE,FALSE
20201115,"2020-11-15 12:00:00","2020-11-15 12:00:00",2020,11,15,8,19.5,13.389,0,NA,NA,FALSE,FALSE
20201116,"2020-11-16 12:00:00","2020-11-16 12:00:00",2020,11,16,8,20.722,16.056,0,NA,NA,FALSE,FALSE
20201117,"2020-11-17 12:00:00","2020-11-17 12:00:00",2020,11,17,12.722,21.611,17.167,3.048,NA,NA,FALSE,FALSE
20201118,"2020-11-18 12:00:00","2020-11-18 12:00:00",2020,11,18,15.222,22.722,21.056,3.048,NA,NA,FALSE,FALSE
20201119,"2020-11-19 12:00:00","2020-11-19 12:00:00",2020,11,19,10.111,20.611,14.778,2.286,NA,NA,FALSE,FALSE
20201120,"2020-11-20 12:00:00","2020-11-20 12:00:00",2020,11,20,3.5,9.222,7.278,19.304,NA,NA,FALSE,FALSE
20201121,"2020-11-21 12:00:00","2020-11-21 12:00:00",2020,11,21,2.722,16.222,11.556,0,NA,NA,FALSE,FALSE
20201122,"2020-11-22 12:00:00","2020-11-22 12:00:00",2020,11,22,6.5,10.611,8.556,1.524,NA,NA,FALSE,FALSE
20201123,"2020-11-23 12:00:00","2020-11-23 12:00:00",2020,11,23,3.222,8.222,5.278,0,NA,NA,FALSE,FALSE
20201124,"2020-11-24 12:00:00","2020-11-24 12:00:00",2020,11,24,3,11.722,6.889,0,NA,NA,FALSE,FALSE
20201125,"2020-11-25 12:00:00","2020-11-25 12:00:00",2020,11,25,2.889,13,8.778,0,NA,NA,FALSE,FALSE
20201126,"2020-11-26 12:00:00","2020-11-26 12:00:00",2020,11,26,6.389,13.222,9.167,0,NA,NA,FALSE,FALSE
20201127,"2020-11-27 12:00:00","2020-11-27 12:00:00",2020,11,27,5.222,10.222,7.222,0,NA,NA,FALSE,FALSE
20201128,"2020-11-28 12:00:00","2020-11-28 12:00:00",2020,11,28,3.222,6.5,4.611,0,NA,NA,FALSE,FALSE
20201129,"2020-11-29 12:00:00","2020-11-29 12:00:00",2020,11,29,2,6.722,4.111,0,NA,NA,FALSE,FALSE
20201130,"2020-11-30 12:00:00","2020-11-30 12:00:00",2020,11,30,0.111,8.722,4,0,NA,NA,FALSE,FALSE
20201201,"2020-12-01 12:00:00","2020-12-01 12:00:00",2020,12,1,-0.611,10.222,4.611,0,NA,NA,FALSE,FALSE
20201202,"2020-12-02 12:00:00","2020-12-02 12:00:00",2020,12,2,0.889,11.222,5.444,0,NA,NA,FALSE,FALSE
20201203,"2020-12-03 12:00:00","2020-12-03 12:00:00",2020,12,3,0.5,8.222,3.833,0,NA,NA,FALSE,FALSE
20201204,"2020-12-04 12:00:00","2020-12-04 12:00:00",2020,12,4,-0.5,7.222,3.111,0,NA,NA,FALSE,FALSE
20201205,"2020-12-05 12:00:00","2020-12-05 12:00:00",2020,12,5,-0.778,10.722,4.833,0,NA,NA,FALSE,FALSE
20201206,"2020-12-06 12:00:00","2020-12-06 12:00:00",2020,12,6,-0.222,10.5,5.056,0,NA,NA,FALSE,FALSE
20201207,"2020-12-07 12:00:00","2020-12-07 12:00:00",2020,12,7,0.222,9.5,5.5,0,NA,NA,FALSE,FALSE
20201208,"2020-12-08 12:00:00","2020-12-08 12:00:00",2020,12,8,-1.889,6.222,2.444,0,NA,NA,FALSE,FALSE
20201209,"2020-12-09 12:00:00","2020-12-09 12:00:00",2020,12,9,-2,9.722,5.278,0,NA,NA,FALSE,FALSE
20201210,"2020-12-10 12:00:00","2020-12-10 12:00:00",2020,12,10,3.5,10.5,6.444,0,NA,NA,FALSE,FALSE
20201211,"2020-12-11 12:00:00","2020-12-11 12:00:00",2020,12,11,3.222,9.722,7.611,0,NA,NA,FALSE,FALSE
20201212,"2020-12-12 12:00:00","2020-12-12 12:00:00",2020,12,12,1,9.722,5.389,0,NA,NA,FALSE,FALSE
20201213,"2020-12-13 12:00:00","2020-12-13 12:00:00",2020,12,13,-1.722,7.722,2.722,1.27,NA,NA,FALSE,FALSE
20201214,"2020-12-14 12:00:00","2020-12-14 12:00:00",2020,12,14,-5.222,0.222,-2.444,1.27,NA,NA,FALSE,FALSE
20201215,"2020-12-15 12:00:00","2020-12-15 12:00:00",2020,12,15,-5.778,1.611,-2.389,0,NA,NA,FALSE,FALSE
20201216,"2020-12-16 12:00:00","2020-12-16 12:00:00",2020,12,16,-4.889,0.5,-2.111,NA,NA,NA,FALSE,FALSE
20201217,"2020-12-17 12:00:00","2020-12-17 12:00:00",2020,12,17,-4.611,4.5,0.278,0,NA,NA,FALSE,FALSE
20201218,"2020-12-18 12:00:00","2020-12-18 12:00:00",2020,12,18,-2.389,5.5,1.722,NA,NA,NA,FALSE,FALSE
20201219,"2020-12-19 12:00:00","2020-12-19 12:00:00",2020,12,19,-3.889,2.5,-0.667,0,NA,NA,FALSE,FALSE
20201220,"2020-12-20 12:00:00","2020-12-20 12:00:00",2020,12,20,-2.889,5.111,0.722,0,NA,NA,FALSE,FALSE
20201221,"2020-12-21 12:00:00","2020-12-21 12:00:00",2020,12,21,-3.111,6.722,1.667,0,NA,NA,FALSE,FALSE
20201222,"2020-12-22 12:00:00","2020-12-22 12:00:00",2020,12,22,-1.611,7,2.667,0,NA,NA,FALSE,FALSE
20201223,"2020-12-23 12:00:00","2020-12-23 12:00:00",2020,12,23,-1.222,9.111,4.833,0,NA,NA,FALSE,FALSE
20201224,"2020-12-24 12:00:00","2020-12-24 12:00:00",2020,12,24,1.722,9.722,4.722,NA,NA,NA,FALSE,FALSE
20201225,"2020-12-25 12:00:00","2020-12-25 12:00:00",2020,12,25,-0.889,6.722,2.111,NA,NA,NA,FALSE,FALSE
20201226,"2020-12-26 12:00:00","2020-12-26 12:00:00",2020,12,26,-1.278,8.722,5.167,0,NA,NA,FALSE,FALSE
20201227,"2020-12-27 12:00:00","2020-12-27 12:00:00",2020,12,27,1,6.222,4.5,7.874,NA,NA,FALSE,FALSE
20201228,"2020-12-28 12:00:00","2020-12-28 12:00:00",2020,12,28,0.722,13.111,6,7.874,NA,NA,FALSE,FALSE
20201229,"2020-12-29 12:00:00","2020-12-29 12:00:00",2020,12,29,-3.722,8.5,1.889,0,NA,NA,FALSE,FALSE
20201230,"2020-12-30 12:00:00","2020-12-30 12:00:00",2020,12,30,-8.389,-4.222,-6.389,5.08,NA,NA,FALSE,FALSE
20201231,"2020-12-31 12:00:00","2020-12-31 12:00:00",2020,12,31,-8.889,-1.222,-3.111,3.81,NA,NA,FALSE,FALSE
